[0.0, 31.0]
28.334258432213677
0.07088638919233296
-0.008710303931554841
-0.00020569021572502835
1.7398824332353735e-05
-2.53269637658617e-06
-4.209036259726256e-08
3.614980493546147e-07
-9.875342854202025e-08
-2.8923427119856433e-08
3.1156657138159675e-08
-5.647934170001032e-09
-5.49972731144333e-09
3.391840289962635e-09
4.5225106505658634e-10
-1.0445918919436368e-09
2.580951962170386e-10
2.920419265462747e-10
-9.175329959913304e-11
1.1458454829989894e-10
-6.048859155994991e-11
8.720804147165075e-11
-2.2031951979569673e-10
-8.757666446394672e-11
4.261473184821628e-11
-5.972038780491216e-11
-1.9034403698933504e-10
-3.371067406152189e-11
1.4196318875476214e-10
-1.5218872641734498e-10
-2.404133266791837e-10
-8.843878849473243e-11
-2.1706328419925423e-11
-2.0486358505796939e-10
-1.3516424813314844e-10
2.913187374539568e-11
-6.733711589745721e-11
2.839648655144605e-11
-2.956865109584438e-11
-6.714349714802084e-11
1.1286491807993901e-10
-1.9721696875437572e-10
3.806363940089943e-11
2.3299293078663115e-10
5.540612249191152e-11
1.4585939037081318e-11
1.926218566503742e-10
1.8288015148185404e-10
1.0040264603064298e-10
3.9260714597277245e-11
-1.4052393839298364e-10
-5.150377673935872e-11
-6.322975231505508e-11
-2.0627202146573045e-10
1.3349963837541927e-10
-1.612623293086134e-10
7.313214576672815e-11
3.2836035782993944e-12
-1.0344834364340532e-10
9.292232476646648e-11
2.763469699487948e-10
-4.474835100675361e-11
8.586404714999676e-11
-7.485831730266257e-11
-9.518202178918165e-11
