[0.0, 28.0]
109.44283309914995
-0.22000826402723483
0.012488484547082856
0.0006949449735719918
1.779317818662759e-05
1.6305237401027802e-05
-3.4109473607248175e-05
-2.989448864951535e-06
8.707244937844838e-06
-2.5222486068341844e-06
-5.732008905236834e-07
7.022637277410118e-07
-1.8758933935404057e-07
3.7712382287091425e-08
2.1883400538205873e-08
-4.143580455215931e-08
1.4036627587515963e-08
4.842057213133212e-09
3.140166557217783e-11
6.687175544588914e-10
-2.358687596201125e-09
-1.0754347059129967e-09
1.5792190618660196e-09
-4.484258077538334e-10
8.145699328566063e-11
-6.714276768158192e-10
2.5942420829369675e-10
-7.742911070805315e-10
3.6997555531479526e-10
-1.0182097497129523e-09
-9.19825404606967e-11
-6.922490141832573e-10
3.7269706096624927e-10
-3.7316374097487893e-10
8.483923127406166e-11
-4.865457104965641e-10
5.6888203803305795e-11
-2.1148014454886686e-10
1.0666029431808752e-10
-8.031317350770214e-10
-5.2086345674472306e-11
-2.4812917524524654e-10
4.0166661661628635e-10
-1.3685953299861668e-10
5.958147121347372e-10
-3.4339501777866625e-10
2.4532586837343776e-10
-3.545724646843313e-10
2.996796519208002e-10
-3.898491758694765e-10
5.5788840638855166e-11
-2.3841829008900037e-10
5.980134472717115e-11
-3.3096540103544497e-10
1.5458105776716373e-10
6.501682170186171e-11
1.6443647289220423e-10
-2.4261393660505946e-10
4.313937534480275e-11
1.764387179227012e-10
7.688393330174968e-12
3.1649079465023886e-10
-8.736462430187486e-11
2.826475161801654e-10
-4.557725351888452e-10
