[0.0, 31.0]
4.327235081410823
-0.031010499923760086
-0.002006782784316004
4.818190856032505e-06
6.059847574570208e-06
1.869959331414039e-08
-2.3487635218416045e-07
-1.8114295187118426e-08
-2.2615244173995072e-08
-2.2699545981688713e-09
4.526295518523852e-09
2.6679406818089372e-09
6.43005440546503e-10
-3.627104595285363e-10
2.7782221659088966e-10
-1.903536957860194e-10
3.0927013206924547e-10
7.365394245202779e-12
-6.16302052482923e-11
1.2478029252785036e-11
-1.410519631036217e-10
2.4511942411744487e-10
1.1358992068898223e-10
1.901863828901881e-10
7.622767392350521e-10
6.043750995536917e-11
1.6704810175754396e-10
-8.647801529212303e-11
-1.2109632227251826e-10
2.181720744544748e-10
-9.341747938327929e-11
6.085814005230689e-11
2.7083173655590652e-11
-6.548134569032085e-11
2.3303405823643947e-10
2.3535397324295767e-12
3.349110419218121e-10
1.8652324415114175e-10
1.9799275168422307e-10
2.6079230710760007e-10
-1.4200955602887642e-10
2.1092458063787928e-10
1.1577835246894759e-10
-2.677478830482135e-10
1.9107845987567394e-10
-3.5455365310666757e-10
5.853470963892812e-11
-1.1195952804843041e-10
6.281153403057241e-11
2.7884447206565104e-10
1.1456281248989504e-10
2.537580606774256e-10
2.1286633416341072e-10
-1.2415592789038949e-10
-6.922234619962574e-11
-2.0366862774150504e-10
3.11381675950507e-11
7.599486517992005e-11
-1.3829110254431188e-10
2.5231451205506877e-10
1.2540730643874804e-10
2.0129653233707802e-10
1.373050663210035e-10
-4.2265803477897854e-11
1.3207424346733628e-10
