[0.0, 28.0]
95.61773758983723
-0.1778005036745864
0.016309775014890157
0.0005334957269896095
-3.906576076309542e-05
-1.470040522623063e-05
2.910179648171825e-05
7.719959497833083e-06
-1.2055551972009016e-05
-2.2356592642459674e-06
3.3346470734832524e-06
3.562865688759273e-07
-7.413750009073753e-07
2.2364930442168893e-08
1.3367221878271073e-07
-3.561003091191279e-08
-1.5788092254544245e-08
1.353190951604446e-08
-1.5882376221524042e-09
-3.3346954361145656e-09
1.8208206972943922e-09
1.2289485394601626e-09
-6.118519627092975e-10
-9.988880646013847e-11
7.252288876471211e-11
-2.3752240185483025e-11
-7.350738806167791e-11
8.042483682845955e-13
-5.986928209804031e-13
8.223365458571034e-11
-8.093340920112392e-12
1.0174872411711461e-10
-3.020175545607126e-10
2.6483132594868167e-10
1.6440329225476466e-10
-1.4758830765649434e-10
2.375877177591727e-10
-1.4463025108076144e-10
-7.584363901595058e-11
-4.5375438886812655e-10
2.0244152722230532e-10
-2.620843439350197e-10
1.5888191815392338e-10
-7.445165321524415e-11
7.227938214211978e-11
1.8879863259262427e-11
-1.398414193089473e-10
-2.2138930339416662e-10
9.270895361007771e-11
-7.368886530115483e-11
6.287152873695818e-10
-3.9138875014072896e-10
1.2263029484639578e-10
-3.1214354386621553e-10
1.391900837585763e-10
-4.154326485064552e-10
1.1543293704988482e-10
-2.0161317930638643e-10
2.6375512576885677e-11
-5.611401213812899e-10
2.0302548289080627e-10
-3.5815894848868675e-10
6.459148090493617e-11
-5.645979638198183e-10
3.478154881105793e-10
