[0.0, 31.0]
23.739443793973045
-0.055091014910290274
0.006187820662129085
0.0001618393004048562
-1.3181522596270069e-05
1.7268360082536437e-06
5.312253706936433e-07
-2.933813914735929e-07
6.999568410966682e-08
3.508202287269602e-08
-3.121720701060196e-08
3.5725331701768264e-10
7.389775088334269e-09
-4.060739770056181e-09
1.845437954905155e-10
-6.998206353143496e-10
2.4329630924018816e-10
-1.4853870249069087e-09
1.4885749319334562e-10
-7.085753087051168e-10
-4.671889978751286e-11
-6.873398113606659e-10
5.1291916142577296e-11
-6.495630651355402e-10
1.9206124121526413e-10
-8.536048386361426e-10
-2.3409974154771984e-10
-4.866330610494645e-10
-4.2974528675236184e-10
-4.782165493831791e-10
-5.66252067945768e-10
4.713601843700633e-11
-8.398363379876377e-10
3.1596814038728445e-10
-8.070581560045481e-10
3.9900947073493934e-10
-6.9482163410865e-10
2.376023042897122e-10
-8.876648477616704e-10
1.285823783703101e-10
-8.988326940029087e-10
4.100403306786961e-10
-7.595678716124723e-10
8.764460532904658e-10
-1.0478353412649838e-09
8.213375943820845e-10
-1.2260205168119974e-09
8.429867077870082e-10
-1.5203079863873888e-09
4.2972499749798827e-10
-9.067220693758101e-10
4.79660118119506e-10
-6.117304070004418e-10
8.62150344006102e-10
-7.157928102103318e-10
6.108226093638687e-10
-5.733074934181863e-10
6.2906375308755e-10
-1.0459466294063457e-09
7.92085511786736e-10
-1.0882689571783599e-09
2.2818989067076015e-10
-3.506424808500983e-10
7.418971281853722e-10
-3.664011884359548e-10
