[0.0, 31.0]
304.93406076824084
0.36741511724473763
0.01709469040138744
-0.0009267419780354324
-6.684206153376117e-05
-7.196824089466538e-06
5.159891236635907e-05
1.1974908142750586e-05
-2.2444327141140133e-05
-9.156348123088272e-06
5.549795173518356e-06
4.986215822598897e-06
-5.072981445026038e-07
-2.040569727777025e-06
-4.066561422565301e-07
6.299261881848484e-07
3.241433615801859e-07
-1.287725807312037e-07
-1.5069331203143125e-07
5.558326889005638e-09
5.2618812923562377e-08
8.869583010182322e-09
-1.517407158445781e-08
-4.092348339573764e-09
3.232833673563447e-09
1.2159286472320762e-09
-8.79471976653368e-10
-5.513779402178263e-10
-1.8168695000693687e-10
-3.2792873999110687e-10
1.407257443282366e-10
-2.4056519031985084e-10
1.4315328489892243e-10
-3.546750195007871e-10
-2.959872530502806e-12
-4.595917157135138e-10
2.4642483994346703e-10
-4.277907564260878e-10
4.3169275353158634e-10
-5.2444218912541e-10
-3.297156616822459e-11
-2.264943035204762e-10
7.932267051664354e-11
2.2345013680884625e-10
-9.177430816857617e-12
3.923963564008232e-10
-2.985441577736245e-10
4.2853081310490526e-10
-2.0876274145983134e-10
2.0918979552430936e-10
-8.982750170556733e-11
8.971019853438905e-11
3.4659520102745274e-11
1.7770349981759584e-10
-2.9918241844488155e-10
3.0413714691481817e-10
-2.401088570536203e-10
-1.817364853339184e-10
-1.6294434931472713e-10
2.2461962710979638e-10
-2.209861453325468e-10
3.829866146989488e-10
-2.59314410336279e-10
-1.1053121089713147e-10
6.535574012611103e-11
