[0.0, 31.0]
326.4994896823207
-0.29259013066343426
-0.0161770270893698
0.001071664555039676
1.1671414975275716e-05
5.1981221834362006e-05
-8.754265506559414e-06
-3.148311794357904e-05
5.902615549441117e-07
4.238542521151622e-06
2.08889329149446e-06
4.505532224730241e-07
-6.827647747825707e-07
-6.966035141345348e-08
3.8332188590873147e-08
-1.516489945008377e-08
6.525275626061851e-09
-3.4983701040976644e-09
6.098022773072827e-09
-1.5066808679396405e-09
-2.884011714405016e-09
3.793980511625453e-09
2.5365644776562954e-10
-2.3388744944127577e-09
5.489186980250883e-10
6.024183628128992e-10
-1.1001068506553734e-10
-3.248167881909879e-10
3.039109485922774e-10
1.1209828405637285e-10
4.602802302096583e-11
7.088329725984274e-11
7.694443252407079e-12
6.36840628348218e-11
-6.290443184853763e-11
-7.319497266782946e-11
-8.817524297200535e-11
-2.401852290568785e-10
-1.3420004613403025e-10
4.508462261956016e-11
8.914062782420277e-11
8.306878175245125e-11
-2.0891310686860698e-10
2.1289842877751377e-10
-1.8395851852060736e-10
4.033084903637978e-10
-1.8790381038999912e-10
3.236340075350607e-10
-4.4698690521303793e-10
6.177748149700991e-10
-7.365857422804268e-10
8.674011167849151e-11
-4.710623420069149e-10
4.849344421631155e-10
-4.142934455447251e-10
2.997742591216459e-10
-6.593706716197146e-10
1.6516372394017365e-10
-4.566825149382293e-10
1.2889938400713047e-10
-5.043087729332566e-10
3.5192692141541317e-10
-1.2964476733898104e-10
-1.2556376442221577e-11
-2.8088365409722435e-10
