[0.0, 29.0]
26.700504532669008
0.12834916249206138
3.244334419985294e-05
-0.0003495394501069101
-3.552665392980319e-06
-2.1787131047860323e-06
5.284455059737228e-07
1.7619291003048047e-07
-1.276602600233413e-07
-2.5694966289311167e-09
2.6214770012189012e-08
-2.8318390243640215e-09
-4.513434522705222e-09
1.6558968661155834e-09
1.1093797878637406e-09
-4.246683966433157e-10
3.948316481939014e-10
4.449108270804292e-10
8.059005357355412e-10
1.0946483264545541e-09
1.0650358716817226e-09
1.252064844525014e-09
1.1310468316096377e-09
1.133833330351286e-09
9.039696487097192e-10
1.3380731499790153e-09
1.1846110050480023e-09
1.7629895172049663e-09
1.7089171847332083e-09
1.7900425577256474e-09
1.7201775556359362e-09
1.6151572757545496e-09
1.5346228644553043e-09
1.72841344256812e-09
1.5083862245241944e-09
2.0128455936432365e-09
1.9066133598916017e-09
1.986480607516307e-09
1.8933835134380927e-09
1.6285828950501606e-09
1.5512262544073625e-09
1.4995783707453014e-09
1.5174319462076383e-09
1.5976616805902205e-09
1.7830289200749954e-09
1.4291001236443256e-09
1.5098686255870377e-09
9.33600761946932e-10
9.834239131326487e-10
8.021827159256338e-10
8.54926847021114e-10
9.746516800662871e-10
1.0784333804921867e-09
8.893932812181528e-10
7.295027897584087e-10
5.609610370699875e-10
1.3622024413004185e-10
2.015519928969818e-10
6.075110318071072e-11
3.654943602691001e-10
3.805700596938752e-10
3.251898802245968e-10
2.683978048563092e-10
-2.29615176907182e-10
-2.7595154990399395e-10
