[0.0, 30.0]
27.706204061238648
0.05573893384746675
0.007975876932998897
-0.00010771792070811763
-1.1289691926419335e-05
-2.177457100767043e-06
-8.935500111541742e-08
3.9050397811600844e-08
4.4493906727373745e-08
3.850663962778188e-08
-5.837285989697886e-10
-6.417675298882238e-09
-1.147675364740051e-09
7.835732898030433e-10
9.569719002606273e-10
4.950793332012619e-10
5.332968954160942e-10
5.874209665141817e-10
5.061587441533042e-10
6.538217423677434e-10
2.1777679819425323e-10
6.216488662220109e-10
6.35631261543862e-10
3.754810716811439e-10
6.101152724709399e-10
4.694732609924582e-10
4.288009931919703e-10
6.133840785134347e-11
-2.953928134289738e-10
4.5625068383897534e-10
1.5968245268736693e-10
3.027600517953806e-10
8.113111643931984e-11
3.602539274208336e-10
1.78543134709194e-10
4.3857477360846175e-10
-1.521021869537478e-11
1.3293110270558522e-10
1.3157129926195248e-10
3.082920525887452e-10
3.723579717133652e-10
3.693583887388137e-11
1.505353999955231e-10
-5.546976791741116e-10
2.953704016269429e-10
8.021275257807134e-11
-6.652985368854981e-11
-4.086936207140765e-11
8.500181039272143e-11
-6.436695825461474e-10
-2.795493275697971e-10
-3.1120258197146695e-10
-3.161685666660817e-10
2.0019663278655277e-10
-2.1368978128423798e-10
3.029163773066261e-10
-2.38522461941577e-10
1.40644700449779e-10
-7.939371311576123e-11
-3.742465908928757e-11
-5.877558064479167e-10
-1.7501190070091714e-10
-5.627420228918799e-10
-3.698879166815618e-11
-5.009601071629829e-11
