[0.0, 31.0]
134.1689233329998
-0.27146738537998727
-0.007439622010163541
0.0010523815290548958
3.19061680532192e-05
2.391990169873846e-05
-1.8526178472792126e-05
-2.2541818079292242e-05
1.0527641980042112e-05
7.90637230003675e-06
-4.751636007973886e-06
-2.263242285757417e-06
1.8793981553195859e-06
6.670551567548035e-07
-6.874281147263832e-07
-1.9695288235526955e-07
2.5090704934362264e-07
6.000180345749174e-08
-9.204313023385872e-08
-2.0188194535985076e-08
3.2572828638525154e-08
6.6778470798830465e-09
-1.0205866060603188e-08
-1.8727456751340215e-09
2.8414690857235883e-09
6.575520848696093e-10
-8.548233874050533e-10
1.3209379303927254e-10
9.745233434229962e-11
-1.0411555631594761e-10
2.215998993595604e-10
-2.9954266693472847e-10
4.07757838329078e-10
5.1866689912184697e-11
1.1233607844165672e-10
-2.770312801087875e-10
4.929255215984302e-10
-1.3531017228974645e-10
2.6532250856827116e-10
4.519444623317901e-11
3.5942810241961774e-10
1.1447968408830384e-10
6.097192528584213e-12
2.1270019225344632e-11
2.2312531245468497e-10
1.468796553431767e-10
5.589349611231335e-11
1.2049933576929483e-10
-2.6478185272744213e-11
6.176215762403974e-11
-1.235692434871841e-10
-4.4814205823532845e-11
1.4512807165317198e-10
-7.523307349351089e-13
-1.2177991187581017e-10
1.5564237704745343e-10
4.38764216174181e-10
-6.89676855596936e-11
3.352576385609934e-10
-7.090527852279856e-11
1.007546574764099e-11
-1.1988223839886783e-10
6.703879784007629e-11
1.3307421753063694e-10
1.2179643862843223e-10
