[0.0, 31.0]
76.72846348965363
-0.3645378842344584
0.004115791638997991
0.0014247256985779298
2.1403606029646495e-05
5.07900180750988e-07
-5.192746726713191e-05
-5.8289010378598965e-06
1.7810484473900353e-05
7.120978293702194e-06
-1.1772471375006985e-06
-2.4903437541593707e-06
-1.018399235325261e-06
4.414636248564649e-08
3.6748066656149463e-07
2.2536913954075405e-07
-4.016108611097511e-09
-7.448879442219208e-08
-3.2701785531605857e-08
3.4382757941454217e-09
1.0206978607081917e-08
6.604934458071251e-09
-3.9721387381825567e-10
-3.3342493452741293e-09
-4.859897002504818e-10
9.4382831053753e-10
2.3985855930948357e-10
-2.2271404700862857e-10
-6.233286060093244e-10
3.580412023668632e-11
-7.297650957070876e-11
-5.292491124866149e-11
1.0191891156085889e-10
-1.8763225145680725e-10
-3.2134146816005014e-11
5.133312760693113e-11
1.333109753586109e-10
-2.1178385220810897e-10
3.307793416044566e-10
1.0531003380554854e-10
-1.2166409924890662e-10
8.767939900619436e-11
1.5854454438395459e-10
1.491720323724056e-10
1.3004648253143028e-10
2.0508931049754648e-11
-1.2126868466827997e-11
1.7710883771296177e-10
-1.7802493034915924e-11
3.006493543293316e-10
-6.773337121868994e-11
1.3943544962753092e-10
2.0759823547504634e-10
-2.5701939439176365e-10
-5.710001082219706e-11
-3.6154064924104403e-10
-6.948025863949267e-11
-1.2512939346574442e-10
-1.3191447923684515e-10
-1.9027224207292972e-10
4.774589928138346e-10
-2.066200510559586e-10
-1.0881748753431968e-10
-3.155907734682415e-11
-1.558981915555243e-10
