[0.0, 28.0]
122.13604857022936
-0.2443625689962907
0.007592050579702807
0.0006898241674032018
2.3849677572729544e-05
-3.2157632557881675e-05
-2.8830597843273266e-05
2.403695015280244e-05
8.375109028170701e-06
-1.0060731283518395e-05
-1.0231323456438904e-06
3.641055795934611e-06
-2.804955483542087e-07
-1.1859709466153351e-06
2.866840676179813e-07
3.451317489629476e-07
-1.470083005181349e-07
-9.003446196002884e-08
5.617202421183443e-08
2.091534997644909e-08
-1.6897670214138304e-08
-4.371088807859326e-09
4.266023464182699e-09
6.308230224331246e-10
-1.166842017906046e-09
-2.2848808704077614e-10
-3.211852339731189e-10
3.470882459196033e-10
-4.282845670513466e-10
-1.702204206983734e-10
-2.3137391559379945e-10
-2.580648962812816e-10
-1.9349484696015045e-10
-3.100668560640809e-10
7.863404390805572e-11
-6.764874848206571e-11
-4.658150645648446e-10
2.238048087812845e-10
-4.1070751573115545e-10
-2.938267320749111e-10
2.2079277933503312e-11
-3.6648135729340415e-10
1.1168775371195101e-10
-1.1358297317608759e-10
-2.6941413318048495e-10
-2.2728518324527962e-10
-4.959654495965976e-10
-1.1345074969027352e-10
-2.5173290414325364e-11
-5.562387357570917e-10
-8.512991929818777e-11
-1.6211349613876244e-10
-2.4094545333493387e-10
2.3810796163984346e-10
-8.432784463619818e-12
-2.5460902137689273e-10
5.795954823753625e-12
2.618315245810728e-10
2.6229304803049306e-10
4.395948762869389e-11
6.702796992521808e-11
-2.112455309324161e-10
3.781413063033821e-10
-2.7572895336182787e-10
5.311038837947171e-10
