[0.0, 31.0]
128.48599464819225
-0.188211190958093
0.01638610385807754
0.000635596123943555
-5.949735081185332e-05
8.808873715238989e-06
4.2449154825548154e-05
-5.591681714084585e-06
-2.120109077894964e-05
2.5613505536783225e-06
7.3315223568313495e-06
-1.3236596414384314e-06
-2.203118988582997e-06
7.012185687243316e-07
5.905374532189636e-07
-3.232904003467072e-07
-1.3170447488082784e-07
1.2942744958493525e-07
1.6586051493060374e-08
-4.6440115705343563e-08
3.5268230825402755e-09
1.4659967903143166e-08
-3.4655124388086735e-09
-4.414514273573137e-09
7.461036529222798e-10
4.2076638691187993e-10
-7.495833331269543e-10
-5.184594480921242e-10
-7.922310293669739e-11
-5.926365820374546e-10
-1.8297309346106578e-10
-3.6612088782112323e-11
-2.017096283949229e-10
-2.9779094308338326e-10
-6.421957600133353e-12
-4.1079839859981155e-10
9.203384481200264e-11
-6.905122391111941e-10
-1.9563276464679407e-10
-4.405637541349843e-10
-3.194034450829336e-10
-5.960661115280916e-10
-8.258527208649048e-10
-6.13191665316197e-10
-3.778576138574436e-10
-4.274500105046584e-10
-4.1236884230275045e-11
-1.4649625823585241e-10
-2.2479942177690477e-10
2.5410318790646192e-11
2.8564040072485416e-11
-1.1613500044700798e-10
-1.842678476086793e-10
-1.2686055500047183e-11
-1.9066434488002594e-10
-7.152912757177011e-11
-1.4663036346730638e-10
-4.2101733048148084e-11
-3.183829168483836e-10
-4.390921522582122e-10
-3.1433576745419977e-10
-2.048003367288639e-11
-5.758134483215797e-10
1.7379787857092992e-10
-1.6635930480820744e-10
