[0.0, 31.0]
20.33194959059757
-0.025439823152986922
0.0059332494423721144
9.488233602686027e-05
-2.571389648067584e-06
1.5416070983239354e-06
-7.260246806514288e-07
-2.7265938229223964e-07
1.1096950433264384e-07
6.180762433349919e-08
-1.885076005289227e-08
-1.6442127839744613e-08
3.3422337389484293e-09
4.758579217084731e-09
1.6074791024384934e-11
-1.473827861879684e-09
6.480930674279698e-10
2.7810962367788726e-11
6.314782062098321e-10
-4.2760592997619307e-10
4.971560845091912e-10
1.0449714655678771e-10
5.676992714034011e-10
-1.18704310610278e-12
3.833324005555375e-10
-6.922538789331927e-11
3.422224201805175e-10
2.8147796358257903e-11
5.517519427062923e-10
-1.2378568670783626e-10
4.365619453816326e-10
1.3725344643821274e-10
3.8370084316365405e-10
-7.130253387906559e-11
1.5874787330632716e-10
-1.6901531402258244e-10
3.7896809661552476e-10
-2.8115520390759357e-10
-7.400479193875776e-11
-1.663207565296365e-11
1.601921555764906e-10
-1.6004038592725776e-10
1.1564654215197074e-10
1.66772433044713e-10
2.0197915821111776e-11
-7.779069676290616e-11
-6.885248439781069e-11
-5.920294574025727e-11
3.93405321236129e-11
-3.2950093088721186e-10
3.4844623582686696e-10
-1.7642943107321262e-11
9.703921800877655e-11
6.351595676609666e-12
5.4965093432327895e-11
-3.690340263992815e-10
9.03144519019509e-11
-1.3748928909494734e-10
1.7370923400806418e-10
-3.0798976269224573e-10
-1.244599068671605e-10
1.1798131829876677e-10
-2.3568420234144536e-10
3.0785924435021195e-10
2.2128345929550448e-10
