[0.0, 30.0]
27.394563513967444
0.026985464797528193
0.008535394636512874
-4.8000207017361086e-05
-1.4538611548919514e-05
-1.5170405083127998e-06
5.088861002658593e-07
-5.427582400659537e-08
-1.933886173577988e-08
3.807654284039675e-08
-1.2392086630473923e-08
-3.3780308271303263e-09
3.894114652379252e-09
-1.0780576968357972e-09
-4.4177114987500556e-11
3.572497782142168e-10
2.549189392873926e-10
-1.860077839885271e-10
1.686394078054447e-10
4.927963164216426e-11
-2.454125299567643e-10
1.9618582909961562e-10
1.387658305544218e-10
1.487388788016762e-10
-2.2638434194199203e-10
-9.662272734933682e-11
-4.156752832166018e-10
5.2454342810161756e-11
-1.656684325821546e-10
1.4456643609723974e-10
-3.3206879656759777e-10
2.6554773819095713e-10
3.645102458407327e-11
1.501422559131118e-10
1.342041703591769e-10
2.0786777646017956e-10
3.4503064379925974e-10
2.6193952084155883e-10
2.6497815559331287e-10
1.319054503819166e-10
1.262128667773565e-10
-4.730254330632182e-10
1.194379563139947e-10
-1.114627448724853e-10
3.409653005558634e-10
-1.4631217738100843e-10
7.197540189198945e-11
5.181167764728507e-11
2.764109123298735e-10
-2.1825537182445394e-10
5.241118748747065e-10
2.0301097536789657e-10
1.1079380230800849e-10
-8.402291126685568e-11
1.838059139591276e-10
2.849510475175425e-10
-1.2242962140566069e-10
-1.3789864509130773e-10
-3.892209248919746e-10
1.6817786701475964e-10
-1.309631673386391e-10
-9.934239904552328e-11
-1.9632875794134297e-10
-9.078207779282925e-11
1.166533783798822e-10
