[0.0, 30.0]
247.49961696932755
0.3856836171098471
0.005003583958897888
-0.0008995144062029249
3.5889207487108225e-05
-2.5818460396856875e-05
-3.6112872302542647e-05
2.0797006827236782e-05
7.5181092829822665e-06
-8.167993044755964e-06
1.8349285708896235e-06
1.44404489034715e-06
-1.418127589647682e-06
3.0239883925270167e-07
3.102759789913374e-07
-2.6279599773716646e-07
3.4323274001658104e-08
6.615495450192678e-08
-4.576584583740116e-08
5.830875893200555e-10
1.6969107514578606e-08
-7.90016725840791e-09
-3.7071539159145807e-09
2.7995646895986385e-09
6.989544126487051e-10
-1.0105863802525365e-09
8.630141778895789e-11
4.5903747839470535e-11
2.2302877259978444e-10
-2.422541670948656e-10
3.0599242851951515e-10
9.472914897326848e-11
-1.1331942078186466e-10
1.2785057773227665e-10
-6.948832435188986e-11
-7.764687495743727e-12
-1.0162472666654814e-10
-3.831260652328289e-10
8.078059778977026e-11
-6.602386116241718e-10
2.007188079052737e-10
-6.575360951621963e-10
5.436170018868298e-11
-2.368533919274459e-10
5.872705904178327e-11
-1.326326212116611e-10
9.616515942177335e-11
-1.3723503212527489e-10
1.4879960839599002e-10
1.7257479524475063e-10
-2.1302033764474823e-11
-1.0171744990584608e-10
3.455106755293205e-11
-9.437878833264629e-11
2.8798440294004638e-11
-6.332610459889523e-11
-1.238213153299622e-10
-3.896552319244046e-10
-4.133388296723067e-10
1.5886340222630043e-10
-4.1178639923955407e-10
-2.3671916808023763e-10
-3.1045938596389416e-10
1.379343505841925e-10
-2.5214895991823234e-10
