[0.0, 31.0]
165.06769051927347
-0.07323181586411229
0.01976589233235361
0.00019840877517787777
-3.20527019500798e-05
-2.8098586811288222e-05
-1.4728087259568632e-05
2.223828825932612e-05
9.718599169781765e-06
-3.131466454394486e-06
-3.7823724688347697e-06
-1.3805145515421709e-06
7.702698639028803e-07
8.719571710773366e-07
8.463400318471762e-08
-2.3552814632414695e-07
-1.2686878799490117e-07
1.694940299143133e-08
4.873657898383175e-08
1.6104566606096078e-08
-8.872406214888548e-09
-8.87862643410559e-09
-7.159990651784435e-10
1.9013761510271882e-09
1.449888826482454e-09
-1.1613281675363297e-10
-4.483209682109425e-10
1.8179593023450518e-10
-2.6087420297379218e-11
1.2635659602245164e-10
2.8313800930161683e-10
-2.2102743597952748e-11
2.837098611569421e-10
-4.592321781056331e-11
2.2648250677419338e-11
1.208411479101632e-10
8.758701302264064e-11
3.7623165891660065e-11
-2.3393878009805026e-11
-1.0134406769599214e-10
-8.39623092001678e-12
-7.2427547737467256e-12
2.444412622630274e-10
2.926948696601304e-10
1.3596548944208187e-10
1.684857798903563e-10
6.944123409861659e-10
-2.1330662172611384e-10
1.0884920423402226e-11
-1.1054117554153041e-10
1.6445746187664416e-11
-1.781809189465148e-10
-2.3408518777548085e-10
2.457434855912538e-10
-1.2014157436823333e-10
-1.0698656747084545e-10
-1.8879196043679538e-10
-1.1897704586563113e-10
4.84470074034118e-10
-1.3545958777342904e-10
3.0570336368825785e-10
2.537812846728262e-10
4.0595031535855026e-10
1.0069223787553376e-10
-5.7668126944390597e-11
