[0.0, 30.0]
132.89181759616667
-0.061396346133713135
0.01909349519515776
0.00019692949039892257
-5.4809140292864704e-05
-3.058418081852372e-05
2.7505769084752902e-05
1.231388590061723e-05
-8.621344450431933e-06
5.419058444545362e-07
1.2565945970106622e-06
-8.715847176163195e-07
-6.80325353346632e-08
8.056244711779455e-08
-9.90254840662314e-09
1.0626762984091557e-08
-6.777225388286768e-09
7.836044857969354e-10
8.712327062875144e-09
2.7544123362516897e-09
-3.94603696834663e-09
-3.1203021233172916e-09
9.948893855494865e-10
1.8003727275861472e-09
2.8015835843998077e-10
-2.8803812858003644e-10
1.672942385777247e-10
2.9270961700166547e-10
7.650358941546051e-11
2.1792503765588334e-10
-1.043261864592762e-10
-9.172733723980291e-12
1.942682536627316e-10
-4.143585169589992e-11
1.2335782563983346e-10
3.9414192836690145e-11
1.802634678520399e-10
-3.0546280489911365e-11
1.4297630844366946e-10
1.619410366948615e-11
1.9400106104702776e-10
-2.102206463758253e-10
1.3255619848927756e-10
-1.8282334938966122e-10
4.5727184050814857e-10
2.2901895107990774e-10
-4.2386555574901425e-11
3.59397723799128e-10
-3.998615484836489e-12
-4.781204356229931e-11
4.200209804254864e-11
-1.2318187550257753e-10
1.988753113873185e-10
-4.530439759180313e-11
1.0832509683867928e-10
1.5552911049284266e-10
4.262922340127879e-10
3.795098553257583e-10
1.0815053594408863e-10
4.2854541831779893e-10
1.4628654506665171e-10
1.5636852995342657e-10
-3.403354732045614e-11
1.0598144021831308e-10
-7.785580379484163e-11
