[0.0, 30.0]
-1.0151306964946576
0.024374937503332434
-0.00032429121982274875
-5.692793297448518e-06
1.4584419586713757e-06
3.4080182650381725e-07
-8.378168191932897e-08
-1.8105384017246386e-09
-5.778241358979261e-09
-7.003309886355266e-09
1.0153453368276667e-09
1.5301887319668316e-09
4.922332267796109e-10
3.5309383696963544e-11
1.4966633501710638e-10
-1.1822363611797277e-10
1.3797227137461073e-10
1.8941139993484857e-10
1.1619022459418789e-10
3.214877135923023e-10
-9.844714596988226e-11
3.1226608884851765e-10
6.576745095743594e-11
2.380770261350469e-10
2.0992749415146407e-10
1.7643602257250835e-10
5.2541062457483204e-11
1.8875022365109666e-10
2.35269563471326e-10
2.2241989821278241e-10
1.7705010797231575e-10
1.3450550459910363e-10
2.3717823734900062e-11
-2.049467292473918e-11
4.4402748046399343e-10
1.5579744618890934e-10
8.994750831632622e-11
4.353515461185874e-11
1.2610184251186676e-10
1.3078637281901538e-10
-6.551905761345521e-11
3.597550321216306e-10
4.9107877619198056e-11
-7.687207353161239e-11
-1.503626567390508e-11
1.0930923740665339e-10
1.2195619398702283e-11
3.5423786429561896e-10
1.9192184556602203e-11
6.588945653647246e-11
1.1882008130602151e-10
1.8001945999408557e-10
9.751228176313029e-11
9.20754709439241e-11
1.734561700421146e-10
-1.9585026252628158e-10
3.309841232689703e-11
7.375698293136776e-11
3.44445489357744e-11
1.290732628463559e-10
-2.4735564345978187e-11
4.363079058472782e-11
-8.108647922256847e-11
1.1181344601555283e-10
1.4661227073155758e-10
