[0.0, 31.0]
27.623912867688393
-0.11136731960387235
0.004849251285151227
0.0002919986710425745
-4.849725880554816e-06
2.2954627321620114e-06
-4.400028876710873e-08
-2.6212541886169104e-07
-8.216536533371691e-08
2.6946391251851242e-08
2.360933006498547e-08
-3.0763716340869987e-09
-4.910147907967405e-09
-2.8832134209628155e-10
8.232070090301654e-10
8.375492436060265e-11
-3.9737088405483697e-10
-2.49383560566129e-10
-2.0592588018284637e-10
-7.398639008491567e-11
-2.649425803515352e-10
-1.0621351586288756e-10
-4.1988203753015836e-11
-3.005675106150358e-10
1.900688190604957e-10
1.0785214462374707e-10
5.981774665347542e-11
6.71909635712858e-11
-3.4659616436750265e-10
-3.728333376456027e-10
-2.390602798639993e-10
-3.043394896393856e-10
-9.794127302214321e-12
-1.0635799430677262e-10
-1.2261180634346074e-10
-1.3951934961718345e-10
-7.468136229440731e-11
-4.6787882948256706e-11
-4.910545865756399e-11
-7.676666170089114e-11
-8.250407647812611e-11
-1.4079957184285968e-10
-3.556075407956583e-10
5.1716646506841116e-11
1.357389124519365e-11
-1.3648900408628477e-10
-2.0765040813824595e-10
-4.2291404504462714e-10
-4.658968652946025e-10
2.1726216109638335e-10
-1.4190080855432723e-10
-9.740376294375594e-12
-2.1544029732657876e-11
1.2484117827519642e-10
-1.7809439373717788e-10
-1.5096900702278433e-10
-1.3124217604560303e-10
-2.0495047436033355e-10
-7.948311121416255e-11
-2.8479289425206565e-10
-1.8040085346385175e-10
-8.088368938698898e-11
3.0266300569540314e-11
-1.8871940919697126e-10
7.218385257847817e-11
