[0.0, 31.0]
28.12990740698138
-0.13754584543931903
2.625804711535531e-05
0.00039978797196326766
3.085179448027364e-06
-1.437604210805401e-06
-6.214099643004395e-07
-4.643488660835925e-08
2.658567547286825e-08
4.3850751328198986e-08
1.764118002007486e-09
-8.472828674708178e-09
-1.9440084302472555e-09
-5.858192355040894e-11
6.766508690451761e-10
2.7236665841702755e-11
-3.25967780816162e-10
1.8522066644863183e-11
-3.9649223682221227e-10
4.82577064038923e-11
-1.591605631053175e-10
-4.767867704638791e-10
-3.170212385791536e-10
-1.900841292892658e-10
1.679318218941838e-10
2.1770866925361775e-10
-4.320695215172138e-10
-2.459023811925899e-10
-1.0940756087316703e-10
-2.8441352706138097e-10
8.97497287545012e-11
-3.7814985061529446e-10
-2.3971029253713834e-10
1.5570786505177228e-10
6.1686187859857596e-12
2.0957131597334504e-11
-5.047152081766603e-10
-7.173907698301658e-10
-1.5095899970319083e-11
-5.83964031569412e-10
2.309531402404913e-10
-3.4224683851587153e-10
-2.43844098298836e-10
-9.908000414140795e-12
-2.2079533370019685e-10
-5.226576314566822e-10
-5.955592496579009e-10
-3.901943444018268e-10
2.0359884369290615e-10
-3.708950616514188e-11
-3.6961822337525423e-10
-1.6825155246245722e-10
-5.4113363438606e-10
1.1578049667762379e-10
-5.951386122747774e-11
-3.467343153115869e-10
-2.949264136104654e-10
-1.166018930016218e-10
1.1413546050530247e-10
1.278664731759565e-10
-7.92870844142165e-10
-7.846113455552492e-11
-3.982214210464573e-10
8.792912519545357e-11
7.873693478514868e-11
