[0.0, 30.0]
32.39031350676502
-0.2850247882701725
-0.02048578161405233
0.0009583159918973699
4.236397876667607e-05
2.3557993744117144e-05
2.63835197747665e-05
-1.5320135356024602e-05
-8.219202258035761e-06
7.236856911696029e-06
-5.216274545428779e-07
-2.221121888616625e-06
1.257879636008702e-06
2.3961581763802073e-07
-5.516563836951949e-07
1.6005695458566942e-07
1.2307717890754614e-07
-1.1481101671575537e-07
2.3647411161537e-09
4.395797546430272e-08
-1.4003630434910412e-08
-1.2159340311620517e-08
6.6090322777108816e-09
2.6994312611314494e-09
-2.0591607671006687e-09
-5.839870646920111e-10
6.317002494284685e-10
4.059067331547696e-10
-3.0793861957589786e-10
1.7658669641158267e-10
3.176824934443131e-10
3.472971649255149e-10
-3.857324380161279e-11
3.2576964164706295e-11
-2.051306811318696e-11
-2.0050949080580954e-10
-2.3176194628028287e-10
-2.4646685329689765e-10
1.197533420456848e-10
1.6439377988604033e-10
1.3765918837836248e-10
2.158414747182235e-10
-3.41013229270834e-10
1.3059722303627735e-10
-2.30213714970098e-10
2.4535878161851407e-10
9.750203025422925e-11
2.723901086294595e-10
1.2848728079993987e-10
4.7985552807639593e-11
3.7542512618085344e-11
7.592073910906806e-12
-1.7700657113884881e-10
-2.215044415310845e-10
2.231126507768369e-10
4.56498179649522e-10
-1.8705921697862142e-10
7.961864500795384e-11
8.374059153953398e-11
-6.272102638218815e-11
1.9575560542176796e-10
-5.165212216867255e-10
2.32324897094482e-10
-7.902537764251492e-11
-1.2323696993953568e-10
