[0.0, 30.0]
290.98301831436834
0.026958589332259565
-0.023904896500969657
2.778758702456025e-05
4.501925385401548e-06
-6.453550069252544e-08
3.436932738902712e-05
-3.546558745834006e-07
-1.4728930783000588e-05
2.794776083734796e-06
4.3163114229507706e-06
-1.9607416728501175e-06
-1.0761287359678185e-06
8.765469248891658e-07
1.960901563458866e-07
-3.3886922884942965e-07
2.1053868254199304e-09
1.2434418699678864e-07
-2.190581575141349e-08
-4.260271835280164e-08
1.2002820351618159e-08
1.2147085451963003e-08
-4.180154770864733e-09
-3.418509598261351e-09
1.2171026218198808e-09
5.571292022619785e-10
-2.262639944713896e-10
-3.073721974157707e-12
2.984189703983969e-10
-4.044158160731508e-11
3.611896569986467e-10
-5.3416287020781734e-11
-2.1230218775177706e-10
-6.055683039416429e-10
2.314985414690436e-11
-2.5877211717796866e-10
1.0962607186139497e-10
-1.1595069317009826e-10
-1.3335704970010557e-10
-2.317943876239648e-10
-1.8267678577031676e-10
5.542420350820814e-13
-8.380178152150793e-11
1.2395839958590836e-10
2.2231331910905915e-11
3.0049656455177605e-10
6.030178160704428e-10
3.097264310620982e-10
5.019035967635233e-10
4.730254984729031e-11
4.436538986385545e-10
1.0873039664317486e-10
1.675962403311703e-10
-1.0546161012215862e-11
3.4305720945112884e-10
-1.5511824002859436e-10
1.787026126974464e-10
-3.9727095149100473e-11
-1.9599343390233635e-11
-4.5802596610055066e-10
2.129873033897922e-11
-9.425534062566644e-11
-7.563365817710298e-11
1.6453788674004255e-10
9.458406567514997e-11
