[0.0, 30.0]
9.95879024030162
-0.0719266805539768
0.0028060799493561986
0.00011731600095984475
-6.308383775216899e-06
-6.768142952818626e-07
1.9507683981367173e-07
8.045473018733255e-08
1.4223794457925345e-08
-1.2558113533354818e-08
-4.0769825387656855e-09
2.010670867787588e-09
3.6503088732024245e-11
-4.5629553926700486e-10
-5.681331272125627e-10
-2.2897352483720315e-10
-3.274479119330374e-10
-2.667372465839161e-10
-5.651460924239344e-10
-1.9785838436100584e-10
-6.634037315576665e-10
-3.427020211706827e-10
-5.482140762756063e-10
-3.885086689256379e-11
-4.607729291418353e-10
-9.671796859390514e-11
-8.291927940025837e-10
-3.640569807910283e-10
-4.289063706581094e-10
6.238170747336585e-11
-5.187488098260777e-10
-2.7811263068998543e-10
-4.376156165740141e-10
-1.6403680441805905e-10
-3.285662829227058e-10
-2.498892343954126e-10
-8.086672064840593e-10
-4.4123628686119744e-10
-7.607265212816063e-10
-7.500003185096881e-11
-3.702597546059012e-10
-2.2569469910521487e-10
-6.107518758563561e-10
1.8589171907015924e-10
-2.1580608797350687e-10
-2.0109776963226803e-11
-3.052535150680517e-10
-1.3594174948178914e-10
-2.6429939514825817e-10
8.222237456930522e-11
-3.448906807165641e-10
1.320322993580534e-10
-1.5909084252294728e-10
1.166954029456912e-10
-3.746153454740953e-10
-1.7214600529816742e-10
-6.664197249790561e-10
-5.996901198019927e-11
-9.8716070906769e-11
-2.166724443815988e-10
-5.744879967150488e-10
2.644012677509652e-11
-5.084930486020918e-11
2.504271829632006e-10
-2.164600411886937e-10
