[0.0, 31.0]
119.7771898831556
0.17592919961689513
0.018893006257938657
-0.0004843600946606652
-5.026997063275639e-05
-3.357018263572175e-05
2.5579932046832306e-05
3.1936789322715527e-05
-9.191707318746646e-06
-1.4407441753519447e-05
1.018256084306578e-06
5.4426444136514635e-06
7.287450772814494e-07
-1.892490495819582e-06
-6.589219489668822e-07
5.942573803581513e-07
3.617923543527517e-07
-1.5951243117382758e-07
-1.600328815989589e-07
3.373802622372341e-08
5.89928677296931e-08
-4.0605970064829334e-09
-1.8377844637789737e-08
9.252175522883015e-11
4.448179638643697e-09
8.263738471422898e-10
-9.219255122035376e-10
2.964693128500588e-11
2.050328025257787e-10
4.796162293040109e-10
-2.3437171493531285e-10
8.978040369611784e-10
-2.843313169196484e-10
6.346697057773404e-10
1.9059583005377902e-10
5.499477597253116e-10
5.041357678394648e-11
2.0842182732888548e-10
-6.136806530404048e-11
4.151513482668019e-11
8.890261780858142e-11
-1.4079513477404124e-11
1.2633993168800281e-10
-5.719032830840904e-12
-8.939402058868272e-11
-4.7448945149135824e-11
-2.294539845208352e-10
-1.5040104686339553e-10
-3.2691125396161093e-10
-4.3323198564506363e-10
2.2509290479816978e-10
1.195351419370393e-11
-3.193189552739407e-12
-1.5035659509192488e-10
-4.325021964767723e-12
8.965506608972918e-11
-4.711999424304165e-11
1.2401753911073183e-10
1.3693966873381664e-10
6.358365708117172e-11
3.136584441034468e-10
1.1959414296726114e-10
4.282769681484003e-10
-2.302585819491873e-10
-2.0418121307718122e-11
