[0.0, 31.0]
344.99703405023905
0.5211948014162402
-0.0051888000432561135
-0.0011827287464315172
3.0409189408706963e-05
-8.606135875156069e-06
-3.7096870726866706e-05
3.920525579488418e-06
1.9306349117566017e-05
-5.520436160069236e-07
-7.136775094967892e-06
-4.804096807613215e-07
2.418403541330936e-06
5.001748768969316e-07
-7.855683194186573e-07
-3.065815151966627e-07
2.3374731248959225e-07
1.5228981457535677e-07
-5.693461009833265e-08
-6.357907312411177e-08
9.135118113918914e-09
2.2565138713982932e-08
-5.694644050326589e-10
-6.974135868937394e-09
-6.454922710382207e-10
1.417820238878952e-09
-3.439849192415747e-10
-7.629234998768924e-10
-3.5310722135651764e-10
1.4754543827416598e-10
-1.85402794305936e-10
5.343274568832062e-11
-1.5056991961533088e-10
2.6921999444429387e-10
1.9602510796001147e-10
5.236454500403172e-11
-6.69671595828696e-11
3.3907667847110463e-10
-1.601154000272198e-11
1.4689804920442035e-10
5.881568570473757e-11
-1.7085157735603468e-11
-3.4506993897938457e-10
3.1864061383244123e-10
7.989274528722878e-11
-1.0431302887310113e-10
-2.4874071863980474e-10
3.160885881249476e-10
-2.4612340070531028e-11
-3.142493558727182e-10
-4.0515549761458564e-10
-2.1075236986150027e-10
-4.3304054029311234e-10
-3.3597230899693714e-10
-5.378749438263932e-10
-1.0872715842369681e-10
-3.4953289183672506e-10
-3.019000559050763e-10
-1.988809944207617e-10
-1.2886964331940814e-10
-1.7525558889419394e-10
-3.2929024884164334e-10
-1.5458667751382758e-11
-3.3044459590582997e-10
-6.663600823840117e-12
