[0.0, 31.0]
179.95922919304851
-0.2892025054656974
-0.0018390063131200893
0.0010878605989270889
3.0223269393568558e-05
3.6459354785734216e-05
-1.39177624175195e-05
-2.6945402222323848e-05
1.03123693466908e-05
4.43758803973651e-06
-4.938642184732578e-06
1.458447562975904e-06
9.466538271859767e-07
-1.0667199822277925e-06
2.2349232159122164e-07
2.621558537002823e-07
-2.0595997129236176e-07
1.681688201869501e-08
5.81608832818322e-08
-3.572388808315153e-08
-1.237475621869609e-09
1.3167487215278922e-08
-6.30519768861453e-09
-3.897002843886355e-10
2.333262187691374e-09
-9.753436493014125e-10
-1.1865030326812903e-09
1.0875820961284706e-09
-6.25717732431403e-10
-1.980226847433773e-10
-1.8774578868830298e-10
1.0549691401048789e-10
-4.528190131025075e-10
4.1310552128381857e-10
-4.5878641962826116e-10
1.394667918705583e-10
-6.280762645256524e-10
6.61322185372299e-10
-5.75018468237759e-10
1.9472893696392108e-10
-5.767099623450894e-10
7.849687791485958e-10
-4.876583392912577e-10
1.9799945370182897e-10
-3.903693985218526e-10
-3.622372183936632e-12
-3.362251992544394e-10
1.3563577142495538e-10
-2.8545100182855045e-12
2.864762068518842e-10
-4.5395109196169963e-10
3.8962231082109504e-10
-1.187692582205722e-10
4.83382404219431e-10
-5.412792994942935e-10
8.586840198741272e-11
-3.4053312494025773e-10
3.479536590896823e-10
-3.5594866158307725e-10
4.1702827021855585e-10
-3.6348960397559073e-10
2.677240828487014e-11
-6.078205478168464e-11
-3.269980367679898e-11
-4.627977497827506e-10
