[0.0, 30.0]
110.93313749186225
0.19342014858967313
-0.018673032640318138
-0.0004916356310570774
1.4798686107132764e-05
4.6375419691537216e-05
-1.3942769556728745e-05
-2.9710686766207324e-05
1.0240330703433939e-06
1.038450493666539e-05
3.2588883578832168e-06
-2.11986986305478e-06
-1.9845256223386025e-06
-9.688623398155162e-08
6.268878998261866e-07
2.8898587897672256e-07
-8.529603695573635e-08
-1.3039647096763568e-07
-2.5287057989320554e-08
3.524007936540224e-08
2.1571784131082763e-08
-5.678694573197149e-09
-7.938824246448571e-09
1.72600550223908e-10
2.0673939402644683e-09
5.18335759342729e-11
-3.7044010103100277e-10
-7.261521536480537e-11
-9.645082075521801e-11
-3.753894618592309e-12
-3.2912186755620257e-10
1.9771197505454506e-11
-9.909639407730257e-11
-3.5734476259115954e-10
4.4117952405894735e-10
1.9832125084478615e-10
1.4256665983935423e-10
5.058391357345473e-10
2.42903185245091e-10
2.7971738154781995e-10
3.128609393442171e-10
5.2154266105567154e-12
3.8070925602316277e-10
3.3916441828003553e-10
3.861278857934389e-10
7.454099735382391e-12
3.322513461875802e-10
2.192093847541987e-10
2.2404340306384477e-11
1.4088355271018118e-10
4.4351621686077596e-10
5.904837245007224e-11
2.52932690996344e-10
8.063282729059538e-11
-3.079443820065674e-10
2.0750432392441704e-10
-7.825207995297973e-11
1.661324142013133e-10
-9.034387552692598e-11
1.1795691492229603e-10
2.596266024642879e-10
6.408612695249377e-11
3.6052150915963244e-10
2.831030540742111e-11
2.9100465919736644e-10
