[0.0, 31.0]
171.3796791920921
-0.44714071266391253
-0.34343224074088163
-0.0007746348881613803
0.0012002541955882346
0.00017075679103900734
3.8867770726404565e-06
1.6253171704782176e-05
7.827728871951176e-07
-1.0897459039100055e-05
-1.3390953165227546e-06
3.5527596348100917e-06
4.585195466741572e-07
-9.069538287335149e-07
-4.445923787023439e-08
1.9014486286901686e-07
-3.1405609615131276e-08
-3.2810655457188595e-08
2.133324855078539e-08
3.309202066325969e-09
-1.0315691280005816e-08
-3.326045324314502e-10
2.5861536414620606e-09
1.1106817591209334e-10
-1.447555903012311e-09
-2.2159527188775314e-11
-3.210451334540202e-10
-2.575875390781636e-10
-6.622490287252459e-10
-3.1996474839362286e-10
-7.835948302074243e-10
-3.8945420035983745e-10
-5.496041239934486e-10
-4.0403908082202125e-10
-3.3679398239123106e-10
-7.851780173858829e-10
-7.065779726292782e-10
-4.749323062861867e-10
-4.4584769500066736e-10
-5.361581073028314e-10
-4.999771813585335e-10
-4.335564528172645e-10
-1.9389791384622185e-10
-8.126904014511442e-11
-9.433174678493886e-11
-3.450685880215678e-10
7.266551636041405e-11
-2.0536590693636436e-11
-3.025798722523054e-11
4.0702110406898824e-11
1.2934126070272376e-10
-2.0487681488773096e-10
-3.5266646321221284e-10
-7.197717574358472e-11
1.9813722865932985e-10
-1.8240509376349908e-10
2.1752342960633859e-10
-1.96848150255919e-11
3.501594199371115e-10
-6.438691537582405e-11
3.059602804670061e-10
2.755276199055038e-10
1.4864051976454144e-10
7.68378431335105e-11
2.695198908885383e-10
