[0.0, 30.0]
1.6419332110169933
0.04942580239310993
0.002338146096167662
3.755908184423951e-05
7.512908185720334e-06
4.086444196481247e-06
-9.68808160590635e-07
-3.2273179733878254e-08
1.334939329395127e-07
-8.30660342008546e-08
-9.73224377095764e-09
1.8691857094559734e-08
-2.9248391620563507e-09
-2.1517497264426514e-09
1.3166371557099054e-09
-2.1216848478942802e-10
-3.631874942322922e-10
1.4656265007496666e-10
1.5552441975793608e-11
1.452611018009218e-10
-1.1778698079558865e-10
-3.651782034448777e-10
2.3438667074088816e-10
-1.1911163476335338e-10
5.595658460043554e-10
-1.9438168315842432e-10
2.1647109958202945e-11
5.118936089379109e-11
-7.978749101908643e-11
-2.4654878890113892e-11
5.049750808352706e-11
3.049489256055971e-10
-3.818173353838594e-10
3.281858735957307e-10
-3.28307661166778e-10
2.2670890934242103e-10
6.971347016779615e-12
-5.234301853141678e-11
2.920599475771413e-10
-5.409284861135265e-11
-1.1564068344664813e-10
2.866746195806937e-11
-2.2926919353872988e-10
-9.562493213948666e-11
1.9597832125381376e-10
-4.0059155819584193e-10
-1.59833007315103e-10
3.144365605025053e-11
-2.5837172331395976e-10
1.7117715691911645e-10
-3.1654999996353075e-10
-5.108774018651051e-11
1.589423254183842e-10
-2.9377637446899826e-10
1.697833518379127e-10
1.6315485661436827e-10
-3.615156168138465e-11
-1.3546074802267998e-10
3.710897236276139e-11
4.5522573906263493e-11
-7.148849428089442e-11
-2.1634870524721753e-10
-1.7027103989475197e-11
2.417391852437499e-10
-1.524327263941025e-10
