[0.0, 30.0]
81.25446958476599
-2.3293906742317274
-0.29142795027439067
0.023280846662081675
0.0019287505655912146
-0.00010031280426281815
1.0040137795670396e-05
2.7503804800429906e-05
4.798949487482913e-06
-2.7737661802315845e-06
-8.611225803082217e-07
-1.1423478190803485e-06
2.1373167539571313e-07
3.892326505524996e-07
-8.342404009294512e-08
-1.7041291740766295e-08
7.188821644477128e-10
-1.5698051797795364e-08
8.52743817619733e-09
2.7882660584087135e-09
-3.136638822307558e-09
-4.7961358700499954e-11
-4.298541749343152e-10
-7.931459071612383e-10
5.387749840982028e-11
-2.3756448219279057e-10
-2.8986180325800865e-10
-3.720339950273525e-10
-6.161653267245126e-11
-2.1088708586364966e-10
-2.3799810281693377e-10
-2.1938173253621566e-10
-9.729938552248723e-11
2.9300435160566263e-10
-3.495632373047045e-11
-5.7496737942690813e-11
-6.698685540884951e-11
-3.362198902287974e-10
-4.778480037616093e-11
-1.9936376897804952e-10
-1.781957742235414e-10
7.205031962999468e-11
-1.5346334506639186e-10
-1.1498216522463475e-10
-4.562928785108601e-10
-5.659263131866168e-10
-2.199282333797594e-10
-3.8079904526085513e-10
-4.814470239616852e-10
-2.3036601284455624e-10
-3.818453927064699e-10
2.3649820727925185e-10
-1.0352488871519154e-10
2.6616204383652373e-10
8.375886276484098e-11
-1.7874834884983704e-10
9.473413704990026e-11
-1.44795892991629e-10
1.8312288917037206e-10
1.6993053868228087e-10
2.679835474976478e-10
3.3135973250872125e-10
8.505522598079656e-10
2.890654179969506e-10
6.262844050908451e-10
