[0.0, 31.0]
3.0685067081002075
-0.20807564713497892
0.006885234975028038
5.2356826600527065e-05
-4.464307363190475e-05
3.954320701981974e-06
2.038262027794341e-06
-6.733492874955666e-07
1.8330922648258063e-07
4.586516319140083e-08
-4.9254993452206824e-08
2.3888559772804398e-08
-1.8358863545587992e-09
-5.72242431806412e-09
2.2372062301396036e-09
-4.37644640044036e-10
-2.5265316868782247e-10
2.471995321905026e-10
-1.059331561283386e-10
9.000801296471902e-11
2.2537906583975401e-10
1.1780097831664743e-10
-2.383231358238905e-11
2.3107429246328432e-10
1.6594454395281773e-10
4.719762238779542e-10
2.0253434745562148e-10
-2.661967087902741e-11
1.8799004865412372e-10
3.0604652114602126e-10
9.87963448185669e-11
8.69353646308046e-11
1.3989027574661845e-10
5.922470152841758e-10
9.275885634108142e-11
4.713674156096903e-10
-6.382727259510482e-11
3.589156476521511e-10
-2.875091419652416e-10
4.927153148958637e-11
-1.2564432374239973e-10
9.525610256886331e-11
9.314471872573473e-11
1.1240996270867651e-10
-1.2196976386824428e-10
1.4045487685653905e-10
-4.887988195735987e-10
-2.8641151702392197e-10
-3.762933548798431e-10
-1.2186209728785557e-10
-2.1187569558535958e-10
-1.4342013382842428e-10
-9.1172735153028e-11
-3.215756812525138e-11
-2.703888632216357e-10
-2.519608066089593e-10
-7.077426067286877e-10
-2.5974467012957525e-10
-4.5830389782923763e-10
-4.3734011879890333e-10
-2.483555673559384e-10
-7.630998621140663e-11
-2.6385182880420114e-10
-1.3073687087026565e-10
-3.46328130150171e-10
