[0.0, 30.0]
254.58073662109715
5.570811449140408
0.04569282215548456
-0.0022748906439439753
0.00012087852601957102
-6.795170829246799e-05
2.8137308423233298e-05
1.1703331156325826e-05
-1.3573561658739583e-05
1.7144303351088851e-06
2.1888098212908767e-06
-1.2689603647366724e-06
-6.480931118546197e-09
1.532750845099797e-07
-5.7179322128783666e-08
3.098811297411037e-08
-6.5207744550342206e-09
-9.370921791967535e-09
8.827452359333074e-09
-1.5475236496923376e-09
-1.9146926004709108e-09
2.02230083688952e-10
-3.263512936116354e-10
7.694236244122366e-11
-1.0698734398522431e-10
-1.0127526840363569e-10
-5.543675784367764e-10
-2.505158494138775e-10
1.657024289383916e-10
8.034770835264023e-11
7.710827309449337e-10
-3.805329589193987e-10
5.616967283486456e-10
-1.2917602743040986e-10
3.3312303764816947e-10
-5.416448201590383e-10
2.3053816518494128e-10
-1.7366734204542068e-10
3.8631228611030025e-11
-6.357210136626982e-10
3.610900984977103e-10
-2.744668440547234e-10
-1.7032723533597593e-10
-4.28869528355811e-11
1.0476105099729886e-12
-2.971630204926489e-11
-3.8032517490860485e-10
1.4801743504182956e-10
-1.6736524725696447e-10
-1.5855614125553158e-10
-2.2847821446626278e-10
-6.193838397046743e-11
-2.6359629162504095e-10
-1.7159779792989966e-10
-3.9963965579078967e-10
-3.2629181827283107e-10
-3.0098130788518147e-10
-1.667675306325739e-10
-1.8176124626389033e-11
-2.437315416738928e-11
1.8428526500989798e-10
-4.107687068612998e-10
-1.8154580901188523e-10
-7.417041335000635e-11
1.3939077606470536e-10
