[0.0, 31.0]
318.57016812542196
-2.2705355487542467
-0.2801057461373506
0.0221369469438608
0.002429246115226969
-0.00017365710829870537
-5.9624080203053295e-05
9.954415416003198e-06
1.2300371156060148e-05
-1.8594159599654108e-06
-4.2153892902781455e-06
1.38216190514753e-06
1.3647265842959047e-06
-6.2788725745929e-07
-3.773950717936981e-07
2.3786033442607616e-07
9.662925384524624e-08
-9.043557733854794e-08
-2.6889226296912053e-08
3.281585505743901e-08
7.249206936683729e-09
-1.207369612470648e-08
-2.9043043260699665e-09
2.981941392231132e-09
2.662312315226976e-10
-1.5965252679314923e-09
-5.279063466881624e-10
-4.4570339820717817e-10
-2.709087316793309e-10
-5.932377794471504e-10
-5.3434831926544e-10
-2.9959902357630603e-10
-6.898289947785232e-10
-4.662136272412649e-10
-5.250307500650975e-10
-5.256935638050265e-10
-6.362637566760208e-10
-4.515066788587722e-10
-7.530331547309478e-10
-3.0383568464970547e-10
-2.7225211400945026e-11
-3.070340920456711e-10
-7.200247705741148e-10
-2.2210863436772986e-10
-8.594765915322406e-10
-5.580840923135501e-11
-9.412993157457978e-10
-5.168915290153923e-10
-9.356150761277222e-10
-5.495620534670236e-10
-5.44626292592869e-10
-4.5009014824564343e-10
-6.458070047939939e-10
-5.398114582590254e-10
-6.163955935069589e-10
-3.5665998464045563e-10
-2.9945655323450585e-10
-2.258578260160754e-10
-1.0045703768605143e-10
5.272858771119122e-11
-2.436376978038116e-10
4.070050233598803e-10
1.0576188811829671e-10
1.2118705700373966e-10
7.449242538009544e-11
