[0.0, 30.0]
19.53968257089049
6.998599555305284
-0.01122106319969242
-0.001979071703214254
6.204993983227733e-05
7.548131260310903e-05
3.909868077775401e-05
-7.2613764580927005e-06
-2.0084007441433313e-05
-1.3241134406722822e-06
3.0305840433853073e-06
9.653014483019775e-07
6.1741299060052e-07
-8.127509797883336e-07
1.6091033900358858e-07
5.703041386238813e-08
-1.79472007668282e-07
1.7231663349069168e-07
-9.217837184905238e-08
2.830637270017405e-08
2.160928258305269e-08
-4.229783428571141e-08
3.4697898887869773e-08
-1.729802368460398e-08
2.706106156166542e-09
7.080696580435691e-09
-9.354826286909656e-09
6.9509066523003096e-09
-3.018156897925265e-09
-1.3376609179441913e-10
1.769101265389846e-09
-1.9098282877338265e-09
1.817602982677553e-09
-4.742654775376993e-10
-3.8959127622705144e-10
7.613319487194679e-10
-4.70567547507071e-10
1.7922233434018642e-10
3.708475526100682e-10
1.7032404211861078e-10
3.098347096484518e-10
-1.0284632792543067e-11
1.792726908078492e-10
-4.755007405465268e-13
3.3335886978573185e-10
1.4899555767588232e-10
-3.305433560281585e-10
9.184519331485147e-11
5.908218843057866e-11
-2.4991750539301104e-10
-3.84734449791163e-10
-1.984476445766275e-10
-3.662681391868943e-10
-1.5671510193241857e-10
1.1746970621475133e-11
-1.9123770135843957e-12
3.560500152789588e-11
-2.8460156331536847e-11
-1.2364166250354645e-10
-2.3714071552865154e-10
-1.0717964982840437e-10
-2.403588564898986e-10
-3.412782655098077e-10
-4.0509259198256e-11
-5.841351665327944e-11
