[0.0, 30.0]
4.244092539686806
-0.21321277027399355
-0.018580111753809404
0.0020546092454272863
2.575501206824434e-05
-2.4329792317809896e-05
-2.318518870653799e-06
-7.89774849191279e-08
7.827138011123147e-08
1.375655164831303e-07
7.520220293306153e-09
1.577949576849486e-08
4.30108087951488e-10
-5.2637334300374255e-09
-1.2109785200031463e-09
-7.550910357139746e-10
2.811656439342426e-11
-3.6629341056142007e-10
-3.8915841474199296e-10
-5.227114245474387e-10
-4.776357403405191e-10
-1.600662225762615e-10
8.311738477671838e-11
-9.789065797528933e-11
-2.0067370321645584e-10
-1.705223101120734e-10
-1.4230109480425033e-10
-3.338850854290223e-10
-2.6806474674367956e-10
-2.7108803819584345e-10
-3.2026879335336015e-11
-3.9394454161525124e-10
-4.2738982171583354e-11
-3.7765300091267056e-10
-1.6774100869693502e-10
-3.0628941091342437e-10
3.4725506839741137e-12
-2.1013928321977284e-11
1.3089249778498808e-10
5.285549666205255e-11
3.056540613626402e-10
-4.947029794317752e-10
1.5219936192628206e-10
-2.5343554350322393e-10
-1.2376042585854934e-10
6.279935687335802e-12
-8.833990099973514e-11
1.328556122156568e-10
4.221817591308002e-11
-2.0767043784858025e-10
-1.2506044049941562e-10
-1.8252609511105028e-10
1.0381920338425447e-10
-3.4750097796667044e-10
-2.0768970559582327e-10
5.5168357568491505e-11
-8.583724319160157e-11
8.063250480660068e-11
-2.2900659042159333e-11
6.070434246228712e-11
2.0817863175373738e-10
-2.894624284692358e-10
-1.2642967780153378e-10
8.51480227316113e-11
-1.266019533995266e-10
