[0.0, 31.0]
1.1888680342819717
-0.31620269669674983
-0.009524998622445442
0.001673504178770754
8.226777732834257e-06
-4.934440937526656e-06
5.1501006346781104e-06
-1.4586796153278619e-06
-5.777856011468812e-07
2.955887935034494e-07
3.2982262527454214e-08
-5.1731490265933484e-08
1.0605690264282372e-08
6.634022779428443e-09
-5.102979977809074e-09
-4.917543284367097e-10
1.39259747736893e-09
-4.105592556344119e-10
-4.392991087752337e-10
-4.197310770446607e-10
1.4436551852694104e-10
-2.529702340783321e-10
-1.0293974866920002e-10
-1.528967001166706e-10
-1.3331452999767675e-10
-1.716171259448881e-10
8.372717054255954e-11
-4.2914320961334813e-10
-1.8169317885042595e-10
-1.1305231987756082e-10
-2.9019830199736414e-10
5.312453664168703e-12
-1.5130621182466202e-12
-3.117546845100224e-10
2.5448787006351474e-10
-4.6067154722335765e-10
-1.4004669736683632e-10
-2.739829874112599e-10
2.483216814266349e-11
-2.2957625932764271e-10
9.703564828417593e-11
-1.467594351738359e-10
6.879452767577904e-11
-2.4455363833494584e-10
-1.5872939762838071e-10
2.1510973468128733e-11
-2.5745345488681e-10
-1.4480084161800977e-10
-2.2508508279299777e-10
2.3137246792735988e-11
9.52292057720047e-11
-2.5081410727915935e-10
-1.4344070627183787e-10
6.225255617029981e-11
-1.8169782367590375e-10
-7.155605861091786e-11
1.5725641430460576e-10
-2.0056945653309695e-10
-3.0059056920635334e-10
-4.6416199662378876e-11
1.3431013495603834e-12
-1.4376693355889646e-11
-2.567508590811806e-11
1.0116582664721464e-10
2.5523356123950215e-11
