[0.0, 31.0]
365.425574356176
7.189421001701894
0.011722636981288795
-0.001985816088272162
-0.00016394560389086093
2.071767994158528e-05
4.9109849513826296e-05
-3.419431056708009e-05
-8.169145978851409e-06
1.3408187945310717e-05
-2.6254305809433748e-06
-3.336332340837092e-06
2.266595740386601e-06
1.3860919486919163e-07
-8.589988074297249e-07
3.2095933436930303e-07
1.7237221945714644e-07
-1.7618619562737e-07
1.6821370643619604e-08
5.4773441427779136e-08
-2.7748812625876452e-08
-6.403195615468505e-09
1.236043139252628e-08
-2.3567801317184526e-09
-3.1115625180966487e-09
2.3861585189183335e-09
2.0875867225747074e-10
-4.4721053857537374e-10
-1.791062419328766e-11
4.37901722018673e-10
-2.4785488807770665e-10
7.500634440856476e-11
-1.3728009435788104e-10
2.404712842009346e-10
-1.4672965550478674e-10
1.8378670226642745e-10
-8.192394772635855e-11
2.263668002048087e-11
-2.679162856691492e-10
4.962627022629548e-10
-1.324390866770583e-10
-9.733953806093001e-11
2.5506810306163455e-10
1.2120349986956822e-11
-3.5158484940231175e-11
-1.0644137383351549e-10
-3.0654943529497396e-11
-1.1954891567632266e-10
2.7870470157196853e-10
-5.998494633418472e-11
-7.524862117494168e-11
2.67410498942508e-10
-8.736655270425306e-11
-3.2457009377335254e-11
-2.0156246363495938e-10
2.6459876792538356e-10
-9.337918192883819e-11
3.0127127469995127e-10
-1.510968146521325e-10
8.124222655131156e-11
-5.340454142064171e-11
-5.883797561786971e-11
-3.31319548567782e-10
2.0739009080103793e-11
-2.5399568138651375e-11
