[0.0, 28.0]
0.4763006907373757
0.18507778303912936
-0.001340380371992354
-0.0006875430026968213
-2.2395971304235086e-05
9.328170174220943e-06
8.679595168197625e-07
-6.064358992968608e-07
1.9596526209204254e-07
-1.0690328461505448e-08
-2.829967942556843e-08
1.9594734355673905e-08
-3.241666975365889e-09
-2.287761811227104e-09
1.5125535120186698e-09
-2.8147262022395864e-11
-5.085811315491645e-10
5.416488171028094e-10
-4.365175710596808e-11
1.2923738274344278e-10
1.4056412342274273e-11
3.6032132608322296e-12
1.0598677768875604e-10
-1.4040192459596228e-10
2.9963771323203516e-11
1.6969110185644165e-10
4.29160971155052e-11
5.017436884019863e-10
1.5338781975611832e-10
5.237072138444309e-10
-1.3964370973790478e-11
3.521565305699563e-10
-9.823176213395771e-11
8.091766590593218e-11
-6.251346646592296e-11
-2.0952257445676168e-10
-4.013757077894133e-11
-2.1821232120240634e-10
-7.63601600747806e-11
-3.84792599834464e-10
7.771291832924897e-11
-1.0400358119406873e-10
1.280713592404396e-10
1.2644981293990344e-10
-1.291443621165256e-10
5.187517482252176e-11
-8.480351208333638e-11
-1.9354051973657087e-10
2.428093587355095e-10
-1.953760774884779e-11
1.874874275511879e-10
8.009862852967474e-11
6.953701879213005e-11
-1.3966624745527517e-10
-7.864995308938108e-11
4.534639987734003e-11
-1.1988331335996199e-10
2.86378986678705e-10
-9.126394484839326e-11
5.647132733826945e-10
-2.3560555405134706e-10
3.621890393073648e-10
-4.36433387484244e-10
3.3969587967601137e-10
-3.68000550745479e-10
