[0.0, 31.0]
-0.38806031655431594
-0.22395461392104996
0.010631930651588782
-0.00020559570452748064
-5.814697281692418e-05
-2.0357518526211046e-06
5.563634511876123e-06
1.07318958722466e-07
-1.0036479141087687e-06
1.6072145624174716e-07
2.0822783924080244e-07
-7.145633704468953e-08
-4.2041931575953474e-08
2.49427111452648e-08
7.360127501964248e-09
-7.411406839814547e-09
-7.672649389310241e-10
2.229398020140302e-09
-1.0159137686824792e-10
-6.070729782189791e-10
3.768308027203818e-11
-1.622399369859189e-10
-2.6541339664006014e-10
-2.812335023460943e-10
-9.17518221472631e-11
-5.364268444826035e-11
-2.5859759763060056e-10
-9.449705319022788e-11
-4.1298236569820346e-11
-2.3668164160010843e-10
-3.41128008939571e-11
1.8971748607780334e-10
2.240190778087395e-10
5.113459537901659e-10
2.750272623971883e-10
1.0144397648856316e-10
4.684812734945243e-10
-1.7483897934329996e-10
2.3013996784212348e-10
3.5256480779257206e-10
2.4275419322770623e-10
4.539219380199545e-10
4.0057767992631613e-10
4.433130533346488e-10
3.7526367131907795e-10
2.4010724369881723e-10
4.1273018156144745e-10
-5.813763318357796e-11
9.599074424481931e-11
1.4221867928751836e-11
2.440059021744102e-10
-2.7914653975545305e-10
4.022422309807421e-10
1.6536073954615839e-10
6.190915360227948e-10
6.172892420944331e-10
7.306940132173998e-10
4.907839395030286e-10
1.7956726044187182e-10
1.583317433490832e-11
-2.6638016249029377e-12
1.0502570398996187e-10
-3.1428004068188613e-10
-4.422256321072616e-11
-9.204795398657095e-11
