[0.0, 28.0]
235.0984446626822
2.1626465982737484
-0.19127584472604883
-0.005740162153569408
3.192319107113959e-05
-7.384549626847549e-05
2.8501051236094466e-05
2.0230332641144435e-05
-1.4684766455758458e-05
-4.740163172910333e-06
4.4984148375441114e-06
7.376952793928354e-07
-1.1318187433163253e-06
2.6788246367314233e-08
2.3950332480934526e-07
-6.838595163910773e-08
-3.7118227385146376e-08
2.9321062879567087e-08
1.4159495949468154e-09
-9.302251843663371e-09
1.9813201191064494e-09
2.377617946755734e-09
-7.95571326334593e-10
-7.667766066143793e-10
3.7253125280029495e-10
7.498264070433652e-11
2.942857268173988e-10
-3.7347796734407736e-10
1.7526400230649835e-10
-1.1201082472217018e-10
-1.2946388345928764e-11
-5.01690387224334e-10
-1.5548582724609642e-10
-5.244419983003604e-12
2.7691789778187176e-11
3.560903477847443e-11
-4.127924838534597e-10
-2.941273078746615e-10
-8.276573248655735e-12
1.03654765901413e-11
9.185179803621989e-11
2.1807593281823035e-10
5.078488574062156e-10
3.692760575113444e-12
2.1718227554458932e-10
-1.7292227345638638e-10
2.0520613277922998e-10
-5.068804100969892e-10
-5.484839391351874e-11
-4.4809742337010914e-10
1.5015890693078936e-10
-1.2123647503135136e-10
-1.523989068172211e-10
-3.68186372029562e-10
7.125734901892232e-12
-4.951765487388601e-10
9.568856011022603e-11
-8.785798792246195e-11
2.4190040149739035e-10
1.433578693457421e-10
2.382105740367003e-11
-5.91936218821249e-11
2.5738851791951896e-10
-1.9999336385365162e-10
8.694638115817768e-12
