[0.0, 30.0]
-0.4567557239892389
-0.169811623808249
0.006306222587159439
-0.0002525573784910805
2.5681307494898512e-05
-3.0119920018960578e-06
-2.408469058749533e-06
-4.207197825781706e-07
-2.778842341837871e-08
1.1236152204152661e-07
6.277161773262795e-08
9.328878502861452e-09
-1.0750773688521558e-08
-6.490096466373263e-09
-1.0588778331050998e-09
5.635019367512211e-10
3.007726508308626e-10
-1.3793110736831968e-10
-1.9546766444999374e-10
-3.1780005331799333e-10
-1.9483336160125973e-10
-6.831793154492684e-11
-2.7174979067407285e-10
1.3206727170645593e-10
5.651092215925289e-12
-9.815310998386219e-11
-3.4564837581710363e-10
-6.625248284009257e-11
-5.199830660428819e-12
-8.134403304777835e-12
8.19603242333721e-11
4.721774441771786e-10
4.681863855138742e-10
2.339144281524068e-10
5.097883032653333e-10
1.3854265099155418e-10
2.1017876848078659e-10
-5.588280906619639e-11
3.2405801003792405e-10
2.412059499988466e-10
3.0882509311378985e-10
3.746719105393619e-11
4.975792783957395e-10
2.0176535621733579e-10
-1.1535530720390277e-11
1.1695049077449154e-10
9.767627648330492e-11
6.825789398702503e-11
-1.6601575588139896e-10
-3.591255881448761e-10
-2.181308807256886e-10
-1.3623351119325823e-10
1.1328127495249113e-10
1.390452075980293e-10
-3.938214192573864e-10
-3.889549334002379e-10
-1.936204740196291e-10
-5.444283380852593e-10
8.908639607883137e-11
-2.1464770357914733e-10
-2.6908926314883897e-12
-4.890168110543342e-10
-7.410807477617865e-11
-2.9608524421098914e-10
-4.213811642382214e-10
