[0.0, 31.0]
307.2299903381452
2.3416490279885096
0.32757581237910227
-0.010225496566776845
-0.0002806201563330674
0.00019045045689934672
-1.7936240514290586e-06
-2.6863115120470174e-05
1.553972048658607e-07
2.584156339244724e-06
1.9165360739266757e-06
1.1766906223260018e-06
-5.499755124157469e-07
-6.585747992383077e-07
-8.831620296460406e-08
1.2172993914373486e-07
8.858880289432085e-08
1.9404394323610032e-08
-1.7657629502297326e-08
-1.6745142621958874e-08
-2.189706300073553e-09
3.679988051895883e-09
2.5983493990543994e-09
4.819915355065274e-10
-6.134770407671878e-10
-4.703209801811823e-10
3.005196932746478e-10
5.59666031573692e-10
4.101648308192112e-10
-1.5305550490510216e-11
6.475897361030779e-10
2.464165788484847e-10
3.038606208202905e-10
-1.2632924528141645e-10
4.968809729497673e-10
4.878721830593165e-10
5.55234266995274e-10
1.8930147304264103e-10
5.382320380346429e-10
2.0856385701606317e-10
4.794383670801739e-10
4.5692587931471735e-10
5.461202175450322e-10
7.51005047994625e-10
4.669505603233006e-10
1.0810493126487108e-10
4.714828939087163e-10
5.224916670055202e-10
2.1679412539179325e-10
5.317177176708e-11
4.486420375246549e-10
-1.258359203554963e-11
5.05261766673572e-10
-1.115239585155051e-10
4.437357039749391e-10
-9.90923332819877e-11
5.17888628251098e-10
4.037880888887867e-11
3.6354209789413414e-10
-1.5093704188020497e-10
4.402319982941709e-11
-1.6786763805511115e-10
-1.159012046647762e-10
4.684545034035199e-11
-1.8262550503490672e-11
