[0.0, 31.0]
-1.2501577399934516
-0.12023699489763329
-0.0006321733042197132
-5.4282368545634873e-05
2.6337453823782856e-05
3.3433860411274472e-06
4.464082161467571e-06
2.0474390399553586e-06
-1.7663217346403681e-06
-2.699103709244914e-06
-2.331034572966185e-06
-1.2735210618063512e-06
-7.876457930183557e-08
6.447628619963385e-07
8.095963937555623e-07
5.955360478536512e-07
2.3390693637038208e-07
-7.210836348238377e-08
-2.2376011332778968e-07
-2.2536576961291565e-07
-1.380191351539764e-07
-3.244047748718471e-08
4.243028453763357e-08
6.98565208759048e-08
5.850466287679984e-08
2.87258146004487e-08
-5.187081877989611e-10
-1.769810050284257e-08
-2.0768971975050247e-08
-1.4463527852495634e-08
-5.412685467858481e-09
2.2546661222502457e-09
5.628558270525822e-09
5.693958985278811e-09
3.4823334523045804e-09
7.220998518816778e-10
-1.3040266354934226e-09
-1.5108516835621599e-09
-1.2127962898412217e-09
-5.231985418784837e-10
-1.68971534285999e-11
5.693376024717906e-10
4.04733796765157e-10
1.4586862612319214e-10
-1.7139274491227188e-10
-3.3031660622145385e-10
-3.7845456253682383e-10
-4.4982887377427394e-10
-6.759113014316243e-10
-6.445531551639221e-10
-5.395207058737615e-10
-1.6836866923402246e-10
-1.0791538750708236e-10
-3.6928053783279245e-10
-2.4759995790695484e-10
-8.062186462286547e-11
3.171454518033913e-11
-4.878807530646793e-11
9.105512623909563e-12
1.2660366280832132e-10
4.2017064137034325e-10
1.470308676554255e-10
1.5564351770976793e-10
1.3325056966383102e-10
5.684042097654804e-10
