[0.0, 31.0]
321.71879245793826
3.1242146498503427
-0.23390825669446294
-0.008949961374440825
-0.00038573807893657976
-0.00011095416090558106
5.572703805201036e-05
4.473412403701569e-05
-8.907357058037154e-06
-1.5328389864046916e-05
-1.6395086088370539e-06
4.561490538711702e-06
1.987539548789626e-06
-1.0390241492364897e-06
-9.644747300150573e-07
9.215786743257334e-08
3.501930370429436e-07
6.859372338145445e-08
-1.028641163916937e-07
-4.993299981765439e-08
2.535977092623908e-08
2.1762577824311426e-08
-4.5679122545610616e-09
-6.109044665483933e-09
1.0547974530202936e-09
2.0292680492989936e-09
2.2157843674309564e-10
1.0186602736178324e-10
3.2576201526026676e-11
2.9967219309011707e-10
-5.3879126266163856e-11
3.902549761452779e-10
-1.9595772825804142e-10
3.3936578603590364e-10
-1.762136559621783e-10
7.392759508193882e-11
2.1570797173286891e-10
-1.5361689339556143e-10
1.5117334609222002e-11
-2.539420880060089e-10
-1.788989651531398e-10
-2.0362896311820496e-10
-6.960245853955082e-11
3.6048774002238574e-11
1.624567691091447e-10
6.24250947212379e-16
-1.0732236144192382e-10
1.8460619153662484e-10
-1.6638682564738414e-11
2.1395622437428697e-10
-2.5671443020202436e-10
7.425723519145294e-11
-2.0053497685308743e-10
-3.547244541047107e-10
-8.150730029121837e-12
-7.550764973611423e-12
-1.7178660274955718e-10
1.543680970183164e-10
-1.3233027941503543e-10
3.0435815964461787e-10
-3.241137709543649e-10
1.1029597412224093e-10
1.8104362927689155e-10
-6.010777222889394e-12
1.5219727441940705e-11
