[0.0, 31.0]
-3.8846452564638905
0.4156990647533766
0.009906326256478755
-0.0029515776423239093
0.00010759046332160805
-5.90950829263265e-06
3.448116343691251e-06
2.615914587444725e-06
8.579940850971769e-08
-3.1680901055245093e-07
-1.1732101136268664e-07
-1.1134608467991291e-08
2.0453908201696438e-08
1.5673096455839497e-08
9.349493357312988e-10
-3.1591508211972572e-09
-1.6348124268617881e-09
1.9813631445433126e-10
5.3167383504962135e-11
8.350687912050625e-11
-1.9796270869342895e-11
1.7838001054328995e-10
6.845256420670472e-11
2.359202588786496e-10
-2.324682130903431e-10
1.8648010071197937e-10
-2.4738458242198267e-10
1.9561896063656153e-10
2.6488726719329785e-10
3.3866763667895924e-10
-5.875408290445499e-11
-1.7223620122572e-10
-1.779415072852741e-10
2.450411462030749e-10
1.7885010383152173e-10
3.3841018301361915e-10
2.5720434985411625e-10
1.7203810702446674e-10
1.1431616567678995e-10
1.9729210403730375e-10
5.3857992906138924e-11
2.016815763086361e-10
-1.6273290259529337e-11
1.5698054399605684e-10
-5.3556747002386374e-11
2.0016157458945294e-10
-1.5894932187337683e-10
3.6605724570326405e-10
2.9921920556214093e-10
6.110180505845421e-11
1.8216612702913208e-10
-8.811785082917532e-11
4.269552475458872e-11
1.0832781614204735e-10
-2.2330791781720017e-10
-5.848793006050326e-11
2.3537372020835797e-10
-2.19811409807953e-11
4.2385802180359023e-10
-2.3651116470458978e-11
-3.502160638488515e-11
-1.3143403932370927e-10
-2.02808847881463e-10
2.2829842755028674e-10
9.213026925140851e-11
