[0.0, 31.0]
-4.257628042566647
-0.35499194363258574
0.01019880991817714
0.00260901166070875
0.0001484758845040871
4.993834083553756e-06
-6.513916344729787e-07
-3.116781756814107e-07
2.4599259836896003e-07
-8.133850930188989e-08
-7.324879265313745e-08
7.388271074046472e-09
7.5395801397797e-09
-8.990830704198687e-10
6.782508052002685e-10
6.477337275961743e-10
-3.989499790776665e-10
-3.1196964655684514e-10
2.565076029134901e-10
1.1836118870722648e-10
2.501433286948103e-10
5.505755606370094e-11
2.0529225160193585e-10
2.708721490594441e-11
4.19053024365598e-10
1.3603351973274488e-10
2.965441550874981e-10
-3.865243629770141e-11
-4.3871693153089406e-11
-1.5262676997066686e-10
-1.327731985771848e-10
-4.171853580386213e-10
-2.1599917197183666e-10
-2.460798370764314e-10
-4.4533443181879164e-10
-1.2979245056122946e-10
-2.7116456676081677e-11
3.517452317833206e-11
4.196701045537269e-11
2.732600272327377e-10
-1.2714085638002687e-11
1.1029880443701899e-10
-1.8326710753121125e-10
2.8664136638825747e-10
-7.684806849108956e-11
3.4991879567779704e-10
2.700046226101895e-10
7.872672139937534e-10
1.6966143999593515e-10
4.0759954568004463e-10
2.2967146351763651e-10
1.183876003058155e-10
-3.0619983241501176e-10
-2.311378440791963e-10
1.019016159458394e-10
-1.4429529569150043e-11
-2.2547340068924173e-10
2.8674927998596056e-11
-3.6028817910762386e-11
6.8024370436311356e-12
-5.291227662568824e-11
-7.532082042770206e-11
-1.2433193638938256e-10
1.385027086708705e-10
-1.5382421071913095e-10
