[0.0, 28.0]
69.70560969213295
2.05645951320042
0.24670872020672305
-0.009057411143961946
-0.00016859150197738094
6.198549515831196e-05
3.699590828350305e-05
6.495832858524383e-06
-5.519126116507919e-06
8.832472559884893e-07
-5.672714634588028e-07
-1.0170627489862595e-06
4.009689953727623e-07
1.7937606599893581e-07
-8.912699107554001e-08
2.0455438251946358e-08
1.0893967735802666e-08
-1.6024763017615976e-08
5.368534226601801e-10
3.4007406178110558e-09
-7.348708307865149e-10
1.4551030272865614e-10
2.4630688802908043e-10
1.9418254394072224e-10
-2.1365208033110093e-10
5.880284615668993e-10
-1.6241130413977232e-10
4.5718058693436066e-10
-2.1316045532753972e-10
-5.04811106480051e-10
-3.4659123171832295e-10
1.1876965161477656e-10
-5.522487197263291e-10
-1.948168133663942e-10
-5.020825994776714e-10
-2.0042975740845453e-10
-6.613092299201626e-10
1.613760324368617e-10
-5.690315078941907e-10
3.59855029899031e-10
5.50472003356124e-11
4.858766979031326e-10
4.771103389239757e-11
-3.5259884018609167e-11
8.764024227055195e-11
6.32641070844179e-11
3.1684009384678933e-10
-7.837112062216688e-11
4.635265048949275e-10
3.844973603554863e-10
4.5318292148038e-10
3.1408511388730813e-10
2.6400488314936594e-10
4.5992586073587605e-10
1.3409757383662025e-11
2.8291261564746267e-10
8.181551618870384e-11
1.145136972818691e-10
2.350554195336243e-12
7.511222282889797e-11
-3.065367627152569e-10
-4.971658423411849e-11
7.893585209364532e-12
-2.9370328176178794e-11
-1.3512034723640447e-10
