[0.0, 28.0]
289.9394530244366
5.245692512051494
-0.03674672487004638
-0.0026874638450417256
-5.918327314893788e-05
7.862907639165256e-05
-2.3981984280702012e-06
-1.8410398322217147e-05
-2.2761917470767854e-06
3.480405775140241e-06
2.2588442095102794e-06
-3.056380405185501e-07
-8.27848066168677e-07
-1.2948710525247925e-07
1.841614013913192e-07
9.34067874145669e-08
-1.8858713392805555e-08
-3.785416287892995e-08
-5.066917749473547e-09
1.0522127580379715e-08
4.228944833891132e-09
-3.2894020732391695e-09
-8.367764750467498e-10
5.463203091105314e-10
1.9829125064577045e-10
-2.773368170830849e-10
-1.7807081729328083e-10
-2.2125817934402107e-10
-2.816094005984523e-10
8.986827706993876e-11
-2.1252473599999607e-10
-5.5680085766961437e-11
6.948188511563425e-11
-7.930032861801894e-11
-2.754238848046393e-10
-1.9150469603746184e-11
-1.678312587352575e-11
-4.909717415638634e-10
1.795098822043874e-11
-1.315106967252036e-10
-4.4410461507779637e-11
-6.373889137078157e-11
4.0686353675667716e-11
1.2109160886586513e-10
2.1469503231308584e-10
-5.460998808963672e-10
2.2628582717933304e-10
2.695181099861331e-10
1.2233455360499247e-10
3.43972287665457e-10
3.549172493715046e-10
4.047100313710092e-10
1.6297214566392677e-10
2.3870114858675724e-10
-6.761522902847662e-11
3.813121695620162e-10
2.8952421701060626e-10
3.5225572897640746e-10
1.8790741597013044e-10
4.887581894673206e-11
3.9300686179492066e-10
8.212667379010514e-11
2.6536387419502375e-10
2.0411534647207244e-10
-2.436478388812243e-10
