[0.0, 31.0]
-1.0220214972549106
-0.11574056919008643
0.003504071632995122
-0.00025596348476825424
-1.9945265416292834e-06
8.754073380513106e-06
3.026157089601836e-07
-7.551105580599714e-07
3.2828057082711044e-07
8.624433801418033e-09
-9.219838510768556e-08
1.3901587574407027e-08
1.325141099101257e-08
-5.441478310838181e-09
-8.219141747720084e-10
1.7669060994216215e-09
-4.44290511227176e-10
-6.376288456926086e-13
-1.211275295988683e-10
5.383431952049224e-10
1.2186936064204718e-10
-4.547952481370447e-11
-2.2167095690238235e-11
2.140528346066895e-10
-4.683159026198656e-10
8.204049459843645e-11
-8.669012500551184e-11
-2.964265747643116e-10
-1.442952200309316e-10
-5.3502758900161884e-11
-3.2360383648299434e-10
1.7938700873881474e-10
6.909290036145248e-12
4.187024394326499e-10
3.17148832669167e-11
3.480962384216379e-10
-1.633109123535036e-10
-4.834016450242915e-13
-2.2400366072498283e-10
4.5934668885828883e-10
-1.526524973339059e-10
1.924219599110683e-10
3.8238135202317267e-10
5.399194844562513e-11
-5.255362041479878e-11
2.9350546033919223e-10
-4.3093235094306034e-12
4.2604082429083435e-10
-5.381967185730789e-11
1.4358290561653044e-10
-2.657034596679202e-10
5.940176405697852e-11
-2.5164181786030545e-10
8.858883394386571e-11
-1.5022765059222454e-10
1.242529418788161e-10
2.5745848798214625e-10
1.1939302458839518e-10
7.396512657034562e-11
3.136537074382421e-10
-1.5493653341315213e-10
3.658402821737425e-10
2.6307112223786652e-11
-1.1736423289499162e-10
1.2884277630298573e-10
