[0.0, 31.0]
-1.626657518992511
0.1651465683534671
-0.005363680683056992
0.00020090136687539323
-2.4058973430542504e-05
-1.3654187856809348e-06
1.787718158919124e-06
2.1880017841208763e-07
1.6446433189764467e-07
-3.317189294543889e-08
-6.254569611595985e-08
7.785559270392345e-10
6.82201488870707e-09
1.2488426917447549e-09
4.4270046894250207e-10
-6.776081700484179e-10
-6.137879489441248e-10
3.840713743132775e-11
2.571177971226863e-10
3.112395710785541e-10
-1.4550670145823402e-10
1.241540077180918e-10
-4.4934034390524063e-10
4.840327356956126e-11
-3.401299156038972e-10
-2.0914332954395344e-10
-2.583715934676873e-10
-2.742152167266957e-10
-4.6013261366325417e-10
-2.3347236262476195e-11
9.546176420798586e-11
-1.1448081922699178e-10
1.963413032155891e-10
3.420270434043419e-10
-2.9969317003981275e-10
1.3093851778555405e-10
1.640289338170362e-10
5.346386432241191e-11
-5.240886291474388e-10
-1.896226097296133e-10
-5.021750745118058e-10
2.613646677611796e-10
-4.4933106439314967e-10
4.0613888419112815e-10
-3.3843560756834647e-10
5.408526916508228e-10
-1.895413054050197e-10
-1.229959248880452e-10
-2.6248015658402986e-10
-1.3631940435722197e-10
-2.1944600976565103e-10
-3.9560835482253254e-10
-2.9398725035562385e-11
-1.0429513825617609e-10
-1.698708997367791e-11
2.1451152144961186e-11
1.3697089244144248e-10
3.0860625611924154e-10
5.555531506919294e-11
6.087177795521353e-11
4.3523248041638866e-11
2.066072739719933e-10
-2.550135038371368e-10
-1.3769229675514585e-10
-7.525430826684923e-11
