[0.0, 31.0]
57.5768474687241
5.973535240079626
-0.10429408389171477
-0.004945967031428318
-0.00025207854048362144
9.141737927615331e-05
6.58045067787312e-05
-9.663937098366064e-06
-2.8147471317773777e-05
-1.732717263726473e-06
8.780464129377581e-06
2.0469291277409477e-06
-2.160085984134052e-06
-1.0596741119722121e-06
3.5577639569712736e-07
4.117201290883949e-07
7.835189401200877e-09
-1.2762730856294978e-07
-3.829802955662455e-08
3.13114205689178e-08
1.9999904974503226e-08
-4.779877752910755e-09
-7.807988354879085e-09
4.3979945894428173e-11
1.7539175355416556e-09
8.404411320555452e-10
-9.883490036669854e-10
-4.539105595351167e-10
4.824476152899223e-10
-1.5649210378184468e-10
1.9932746028048883e-10
-7.154643055642473e-11
-9.360308686584609e-11
-1.747115801834273e-10
8.199497112091111e-11
1.0441042371617914e-10
-1.6188472996370574e-10
2.0242089017876236e-10
-4.66422498844321e-10
-3.209869587154144e-10
1.1726218923651723e-11
-7.579544758180187e-11
-9.710647175308701e-11
-1.3050799763882099e-10
3.1373035362844685e-10
-5.904606596070711e-11
2.103873666398794e-10
3.0469150839688826e-10
-2.074135952591353e-11
-3.889067065815537e-10
2.010961157195925e-10
-1.3425091452085283e-10
1.214923050276615e-10
-2.208057657612465e-10
-1.0612110287895709e-10
-1.6226199332590378e-10
-1.3567513087700931e-11
2.4060448407125076e-10
2.6714323189859045e-11
2.6937520985763265e-11
-1.0783715422194711e-11
-2.9887802863093726e-10
-1.8563920390387946e-10
-1.701427789613614e-10
1.0518128731225544e-10
