[0.0, 31.0]
-1.9173714219507645
-0.1222857599509326
-0.002352469025038386
-7.358260770574086e-05
2.0220032371794467e-05
-3.5620617923611974e-06
-3.388978291038759e-06
6.25729963282612e-07
4.35265302504821e-07
-9.599453556754287e-08
-6.115355879864299e-08
5.3211602049263626e-09
1.0624763103615232e-08
1.0454527480234792e-09
-7.1321110662112e-10
-1.858924347291322e-09
1.1642634131058208e-09
-7.14546306730266e-10
7.759754828586774e-10
-9.12270260146097e-10
3.979803150370279e-10
-9.712556166956417e-10
5.244414377621846e-10
-6.593332421915823e-10
6.003844372473498e-10
-3.4904081860008056e-10
7.179656939385132e-10
-2.0008752543148387e-10
7.922685753444304e-10
-3.1889268144948205e-10
6.653196081500912e-10
-9.31311790534839e-11
7.099949097967834e-10
-8.136195088304364e-11
1.850964871098718e-10
-6.398767623379123e-11
2.5833818009666605e-10
-3.2335302092095574e-10
-1.1425617811757193e-10
-2.708157809318979e-10
-2.4658456528836303e-10
-1.2626637560331806e-10
-4.2617008236659427e-10
7.95773646573784e-11
-5.0363789372586735e-11
-1.9244458791000399e-10
-5.754117293019754e-10
1.3428578301401087e-10
3.043669033964718e-11
3.9229596382530545e-10
-1.29556826854684e-10
6.579871155215263e-10
-1.2183293260242152e-10
3.4122188466214853e-10
-2.212346343661528e-10
2.1862540497892853e-10
-4.136828693616837e-10
2.151897400190255e-10
-5.862983575708965e-10
3.512688925722492e-11
-1.8328276236312559e-10
3.88488656051318e-10
-3.24487666080385e-10
-1.22131383517604e-10
-4.702023247264491e-10
