[0.0, 31.0]
72.975633446466
5.087226363219238
-0.16154823755946765
-0.0072606953525892895
-2.4082663274855775e-06
4.648430709439505e-05
-5.840041771744156e-05
2.614629702736017e-06
1.0286725447182487e-05
-3.387022530493894e-06
6.556803817033648e-07
6.230518288511006e-07
-4.3789596945201104e-07
1.3319985640717248e-07
-4.426684507793179e-08
-2.5981040486808644e-08
3.983018155232952e-08
-2.8084270635154576e-08
-4.728118010359696e-09
8.338955509407299e-09
-1.2411020166731839e-09
2.6069749481558733e-09
8.981348213780234e-10
-3.0633493043925594e-09
2.4244866249111087e-10
1.0602003742226477e-09
2.0088121351089824e-10
-4.160100676794117e-10
9.282456629998126e-11
-6.447547221111966e-11
5.679938510266643e-10
-2.5569694932663374e-10
1.1839046950860947e-10
-1.1145587446630806e-10
1.6427190281263037e-10
-4.472632005819585e-10
8.020758045632942e-10
-2.8687856823868886e-10
3.9583780635484486e-10
-1.443911052634677e-10
5.236175159044031e-10
2.411510257345138e-10
4.273136790334014e-10
-3.96842131266956e-11
3.7271270115013207e-10
6.584411121387298e-10
1.6369228459749205e-10
-1.6488261584293555e-10
4.027287517898649e-10
2.672576785464255e-10
7.627526277669641e-10
-1.0165357659389057e-10
6.985161657604858e-10
2.932218298041041e-11
6.06860313301744e-10
3.357198972581643e-10
-1.6002194574348062e-10
4.4808184248674583e-10
3.430312232420749e-11
-1.2875815577691947e-10
1.7928278838335464e-11
2.3410637031489633e-10
-3.9663365490562544e-11
2.2774136581455847e-10
-1.9151474510955636e-10
