[0.0, 28.0]
2.0806423142736965
0.0027004236360830313
0.0021884559914661437
-4.365566518401484e-05
-1.888796285234777e-05
3.5018044900140418e-06
2.444066575313167e-06
-5.804510799847983e-07
-3.2350779894090984e-07
9.707816402301025e-08
6.165595283143796e-08
-1.6191575693664947e-08
-1.3598244716354418e-08
2.742562963706099e-09
2.648827295431229e-09
-7.910252491592342e-10
-9.85761063529681e-10
2.862454764519252e-10
-2.653083213537238e-10
-2.9778207592478195e-10
-5.212242703455822e-10
-5.83087483977621e-11
-5.210215414588643e-10
2.774823638184408e-11
-4.539137841414742e-10
1.0409534658378532e-10
2.7884761036611573e-11
-8.646444082102273e-11
-2.1170040318561122e-10
-4.4214117891209683e-10
-2.7130901333570095e-10
-2.3511086282164064e-10
-1.2770573209724385e-10
-3.8118601007950515e-10
2.142816990297638e-11
-9.529805459665787e-10
4.4408080284988276e-10
-5.524603186167942e-10
2.1246989708141094e-10
-3.937258537439222e-10
6.666386705333143e-10
-6.32395775317447e-10
4.273063041460076e-10
-4.769787159004035e-10
4.927124827877064e-10
-6.601064451974962e-10
3.6063280416451745e-10
-2.561517120750751e-10
1.0916480510160874e-10
-4.304928966770227e-10
9.600611363613509e-11
-5.265132578894454e-11
4.1073985769061814e-10
1.3179262239730384e-10
-1.5202633958625332e-11
-2.4969569026173044e-11
-2.769117818939078e-10
2.4537745128809423e-10
-2.2881853481826294e-10
-1.746618789649156e-11
-3.6246982520879056e-10
1.4941244454127703e-10
-5.620691315180516e-10
2.284264069782889e-10
-1.4005754431092826e-10
