[0.0, 31.0]
-4.457676468881876
0.17131133829069972
0.046327773278786594
-0.0016748917591640857
-0.00039575244790247176
4.179627231550394e-05
7.316826302814979e-06
-6.529586276197321e-07
1.4974765668060563e-07
-3.337383288467083e-07
-1.6955206624827617e-07
1.76211324812448e-08
3.077586224920116e-08
8.812687682215995e-09
7.889358320905769e-10
-1.1267457677286109e-09
-1.4626931771454607e-09
-3.9739197997351563e-10
3.24599372324646e-10
6.957420609206357e-11
1.327238823745584e-12
-2.3647132088827984e-10
-2.198867956374996e-10
-2.345596920199918e-10
-5.638081167965354e-11
-9.565588000750022e-11
2.780930016168837e-10
7.29213440370483e-11
-6.440530240351427e-11
2.631498955728652e-10
8.907979773089613e-11
2.7123183085619505e-10
2.5384821121763615e-11
3.96819513311802e-10
2.4583080238568305e-10
3.5272315616581304e-10
1.41555828516509e-10
4.0574214167250166e-10
-8.408161833896379e-11
3.73684715023559e-10
-3.044924145742628e-11
-1.2614425755560823e-12
3.289902990951093e-11
7.396205954034041e-11
3.2971443415967626e-10
4.461674416619586e-10
5.181974406378813e-10
1.4682362116025862e-10
2.958600541553638e-10
2.3304676985555847e-10
-1.266993788744554e-10
-1.0170356799737285e-10
-3.8707919404441335e-10
1.3770677895480328e-10
-2.8993779282828485e-10
1.6595964870707005e-10
-4.658771458439229e-10
1.839737910596186e-10
-9.417551811679617e-11
4.463937851902499e-11
-1.0347695872188169e-10
9.83304672182902e-11
-2.8622271031240636e-10
-4.614656019809739e-11
6.429492191783282e-11
