[0.0, 31.0]
28.374025909349903
0.059124295581514545
0.00807350873318936
-0.00015160525417720055
-6.768570321228027e-06
2.2725519515696355e-06
-6.82663709123414e-07
2.955767198743357e-08
4.2958111791362903e-08
-5.972394806698786e-08
1.3691477932089349e-08
7.908588588381172e-09
-5.684210338083142e-09
8.330936239350297e-10
7.563161377742195e-10
-3.226899895886206e-10
-2.5491843435101476e-10
1.967140986883874e-11
-3.4466602904410506e-11
3.034907192769661e-10
-6.213103425694059e-11
-2.5067932936314576e-11
-3.937120259731092e-10
2.5124325479322917e-10
-4.0695644809927876e-10
-1.428127877697435e-10
3.953789702783754e-11
-4.693333049140848e-10
-1.3806010241454056e-10
-3.102490648008783e-10
-7.692603074175215e-11
-2.1090311882022839e-10
-1.8122837096026387e-10
-6.959531889482741e-11
-3.808791142705054e-10
2.1444358804884602e-12
8.553849755307983e-11
2.858796321595553e-10
1.2042242624893215e-10
-2.796352004205837e-10
-3.3693225579676504e-10
-3.6753688765118886e-10
2.2256783941745049e-10
-2.0206643152166047e-10
-9.998786897715977e-12
-1.7959636908180234e-10
-6.757385988425303e-11
1.831574124903772e-10
1.0197948343955142e-10
2.9247813735858663e-10
-2.9933708841626535e-10
-8.158677122244925e-11
-6.725089070949388e-11
-2.395627005178251e-10
-7.904502528990087e-11
-4.928076959937605e-10
5.474037540365492e-11
-2.321084861685521e-10
-2.141237361045647e-10
-2.477572837007915e-10
-3.9799288529247733e-10
4.9386444422754594e-11
-2.7567729236442226e-10
-1.0878990101897898e-10
-1.6877243630694523e-10
