[0.0, 31.0]
275.1384192338661
0.3713269884310998
0.004188796236375265
-0.0009891908901640124
-2.5986473125966568e-05
-4.277847741060676e-05
-2.431128007795303e-07
3.777816687008736e-05
4.5498604448518495e-06
-1.3999093365315341e-05
-3.543741896621981e-06
3.4808121496615104e-06
1.6686693252178992e-06
-4.7439688483643306e-07
-5.627652975108651e-07
-7.035972965842621e-08
1.3321589150968857e-07
6.783938450512145e-08
-1.4268999529829802e-08
-2.4416354326128346e-08
-5.986302223730146e-09
5.700267140849895e-09
4.442405130221812e-09
-1.21421917949886e-09
-1.1905277363340926e-09
-7.056783805487037e-11
6.121322108464332e-10
-3.5452815073484125e-10
4.288030573149867e-11
-3.129919000253406e-10
-1.0073327948681393e-10
-3.989514917720909e-10
-1.8358479899996002e-10
-1.5963160025635918e-10
-1.63853908633099e-11
6.6277280877089485e-12
9.54106225123871e-11
-1.9433390093751577e-10
1.0801685215136663e-10
-3.0588973187331325e-10
-2.081812958170695e-10
-2.477024431231858e-10
-6.217878828886533e-10
-2.883444007096196e-10
-2.668430277528636e-10
-6.899634663265796e-11
-2.7395677446795765e-10
-3.447349939492898e-10
2.4632544096745206e-10
-3.5274262944654456e-10
-2.6838394352671e-10
-2.0686481107279835e-10
-2.564729864035328e-10
-3.321372755356589e-10
-2.511541903823305e-10
-2.837424900832001e-10
-3.3514526798928187e-10
-1.097663263434174e-10
6.516652964845312e-11
1.2637664682662666e-10
1.1603540043800059e-10
1.9615111143417327e-10
1.186860804647128e-10
4.8256486444336555e-11
-9.842678656068412e-11
