[0.0, 31.0]
26.346159869012748
-0.10226380665131415
0.0053179458986635
0.00024179671738473401
-1.3491591800359143e-05
1.6617181733141572e-06
1.009136428145379e-06
-3.098973881277467e-07
-1.120259200317321e-07
5.941042783159044e-08
6.758840628269106e-09
-1.0841438645082425e-08
1.6412687212785606e-09
1.7028478093695276e-09
-1.2009556984687396e-09
-6.719438587599106e-11
1.747073968249523e-10
1.8938284797395956e-12
-1.0683714283212373e-10
-1.6732348210763618e-10
-1.0480889025436144e-10
-9.44974722879796e-12
-2.18311919345924e-10
-9.861559965462548e-11
-2.6301381507878703e-10
-7.783959053690325e-11
-2.0255923890468134e-10
1.660526502341015e-10
-2.6049672642022344e-11
4.316276413381493e-10
-4.866873412930746e-12
1.2885890811401265e-10
-1.5611766540870067e-11
5.5398152745230146e-11
-3.123751975165165e-10
-2.3651786912928725e-10
5.015112953262095e-11
-5.677357429800066e-12
-9.802272769576897e-11
1.64470371570564e-10
-4.0476574937348874e-11
-3.2755305204394647e-12
-2.3847402808986132e-11
1.0414048231276652e-10
-6.373646017931946e-11
4.6462645001969836e-11
3.6419272589345743e-10
4.6121760957722327e-10
1.6502743289085476e-11
1.1061732969535137e-10
4.960931658945247e-11
2.501870553403481e-10
-3.71925835818124e-11
2.5925663757432456e-10
9.398656734510078e-11
2.7393844182354045e-11
-1.2208429807626576e-10
-2.7455906412601086e-11
-3.742795578488096e-10
-5.5729509064670304e-11
-3.664552642371373e-10
8.542176929299258e-11
-1.628959388291157e-10
4.4168433960592544e-10
3.505456371044881e-10
