[0.0, 28.0]
151.7360711901461
-0.2740683530199783
-0.002200967035478047
0.0008254543425297181
2.2395664391774708e-05
-4.512163083261164e-05
-2.559230075113282e-05
1.4544789606562398e-05
9.164469491555783e-06
4.905397096225592e-07
-1.579930258818219e-06
-6.405218091331556e-07
2.1409726866750117e-08
1.6653576499591638e-08
2.0356882900876734e-08
2.7248704918713398e-08
9.807987049237579e-09
-2.2136664727082965e-09
-3.9851329886754805e-09
-2.602566846529831e-10
5.174150782699669e-10
5.416427403248307e-10
-8.546715408229531e-11
4.872819336442338e-10
-3.8702362504510475e-10
5.939419654516274e-10
-8.828106231242445e-11
4.853222091114119e-10
-5.908731210282267e-10
2.623659342289436e-10
-5.247288272974557e-10
2.663977307031051e-10
-4.623114525941938e-10
1.8443756371582864e-10
-1.7700986504298706e-10
-2.0093544820224362e-11
-4.1738920856319574e-10
3.975950386138915e-10
-4.459739048359649e-10
4.5224676015648795e-10
-3.1100665896937866e-10
5.346909405298908e-10
-6.744192211465776e-10
4.412741712145662e-10
1.5296852400200924e-10
3.8157063029729763e-10
3.8479491641418163e-10
3.0091903576484425e-10
2.6172443596910863e-10
5.596030800909715e-10
2.685122739628517e-10
4.0007513985124655e-10
3.2488425504745085e-10
1.0782020460516924e-10
6.118682142962228e-10
3.570686065153477e-10
8.850935038205685e-11
1.7771816035011436e-10
3.5382011032237214e-10
3.930797567955654e-10
-2.0571591480315983e-10
1.6048365445623692e-10
6.645832679323709e-11
1.1465255496492845e-10
-4.321030015718786e-10
