[0.0, 31.0]
101.84840123904324
-0.3035526493012758
0.006029826525785298
0.00119858071769273
-4.531873385222528e-06
2.2119334340240358e-05
-1.688137513809627e-05
-2.241377584539715e-05
1.0252873451212277e-05
7.900550123976852e-06
-4.692496895818406e-06
-2.261233213075829e-06
1.8648407654405589e-06
6.670656682057554e-07
-6.84247246286192e-07
-1.9679563159264865e-07
2.498254296726358e-07
6.00878635554414e-08
-9.205238489119515e-08
-2.0083941177225426e-08
3.2703042519027656e-08
6.5092609833285075e-09
-9.663890001691633e-09
-2.3971286361915894e-09
2.5372135148174104e-09
4.896070144174585e-10
-1.2873589532867886e-09
3.06151843661364e-11
-4.1869256867291377e-10
1.609674344206343e-11
-1.4900325904084313e-10
-5.36372120900279e-10
1.7172904845785169e-10
4.44523085469146e-11
2.7666616416053556e-10
-1.02436841851947e-10
1.1460973514013171e-10
-3.463912188579927e-10
1.4631913240759039e-10
2.8777235305559433e-10
-3.8537779940117365e-10
5.778735255505734e-10
-5.287050725921682e-10
2.2383625689082286e-10
2.5671592421856957e-10
2.697213262808673e-10
5.134311607172046e-10
-2.984618693670156e-10
1.8955180775099407e-10
3.3658275442001974e-10
-2.6736290703728792e-11
8.419789832443664e-11
4.71870407282443e-12
2.402498043938872e-10
-5.584207117487822e-12
4.452878682212033e-10
-5.004116403288785e-10
2.80590977247087e-10
-1.4132623576665888e-10
-3.9719176359337575e-10
6.345765365473201e-10
-4.745443408561088e-10
1.18724787327923e-10
-2.9682666300888675e-10
-9.180028289505478e-11
