[0.0, 31.0]
18.751058521437304
-0.04123830964195096
0.005764291533947881
8.501103303112802e-05
-1.0162558961342344e-05
-1.2923364948288083e-06
2.1547535969743258e-07
1.1683376280519961e-07
3.684557915375182e-08
-1.2312658445926084e-08
-7.132159903727738e-09
1.8258884650650882e-09
9.850983835637942e-10
-8.073926372455772e-10
-1.1211346268900528e-10
-1.179299245783885e-10
3.095105347423495e-10
1.9327844827611732e-10
3.777154115257026e-10
-6.74099135941567e-11
4.490828636294444e-10
-1.1326511479258259e-11
1.2741074612309847e-10
2.8924197962784897e-10
3.873419722085562e-10
-2.7880923313128003e-10
2.95079479597221e-10
1.778869248397833e-10
3.01335212816859e-10
5.746119237162698e-11
4.570221750230859e-10
-2.4758003136871277e-10
2.8562378137212816e-10
-1.5245486765897499e-10
-4.19675960420001e-11
-1.1283968841750673e-10
-1.2309792184021727e-10
-5.372965145243027e-10
1.8623290555908285e-10
-2.093284189349656e-10
3.9181567959633716e-11
-3.2130070799410384e-10
-3.1820590184941245e-10
-4.380964675606516e-10
-2.6874816090240576e-10
-3.944014236896573e-10
-1.6576686706126293e-11
-3.522363149042319e-10
2.0332456773885016e-10
-4.1281947716070486e-10
4.229562698991175e-10
-1.5151160866701823e-10
1.4309478602409715e-10
-7.007970400113436e-10
6.583459900440622e-11
-1.86653206529725e-10
4.3178727256556505e-11
-2.7027027812200486e-10
2.870539161747662e-10
2.7650654069726027e-10
3.7553273626726125e-10
1.0861624047486974e-10
3.6269164085222493e-10
4.90299486294879e-11
2.1476003400770167e-10
