[0.0, 31.0]
18.634761471610776
0.07577728183228125
-0.006211535008153553
-0.0002026002365196164
1.2140187140046165e-05
-2.0491883193023593e-06
-2.0860711120388307e-07
3.4320604194356707e-07
2.5183727164958146e-08
-4.993304513478645e-08
-7.88415477694378e-09
6.689195417115432e-09
3.0972519942259485e-09
-6.340013523799643e-10
-6.826707187125582e-10
-1.2222079251773274e-10
7.240602706176454e-11
-3.4391881432311913e-12
-7.706633784079855e-11
-1.0135656772195189e-10
-2.393138196981496e-11
9.541568413601361e-11
2.5501081269903685e-10
1.1385106082361649e-10
1.0744387084940378e-10
-6.889783069307286e-11
-3.912961690313857e-11
-9.158692579507464e-11
4.067524615901438e-10
-1.0720568885882618e-10
2.486856527335168e-10
-3.811914977090622e-10
1.8708623743976498e-10
1.4812564467210085e-10
3.071870968533371e-10
1.664534458599679e-10
1.7677064382342647e-10
2.719291669519013e-10
2.5055405871399865e-11
1.9836739792050215e-10
4.419159897220004e-10
-1.6412109167131594e-10
-1.705072439966166e-10
-2.6880796638246582e-11
1.0425369411589151e-10
2.0779342997492066e-11
7.107777103963771e-11
2.985366743063531e-10
-2.552319657096567e-10
1.6154265908024152e-10
-2.79660118034003e-10
-5.5586621089776975e-11
4.457890482225891e-11
1.1944774454529238e-10
9.960901876119581e-11
2.140056149178531e-10
3.6692065603246387e-10
9.82196175313442e-11
-1.7066531690291368e-10
1.8454506933676029e-10
-8.505895363920077e-11
7.159551486570239e-11
-7.688284989389562e-11
2.0065343173306847e-10
2.0771076690611157e-10
