[0.0, 30.0]
317.3624376726386
0.2114884775369534
-0.022609036138371768
-0.0004049192416841841
-8.314716827110257e-06
3.3440952005216865e-05
3.383383592020554e-05
-1.6249853117826904e-05
-7.657932703179235e-06
1.178815172040519e-06
-9.20035223879296e-07
2.2731929499967867e-07
6.666181475888855e-07
1.290462352581056e-07
-6.034601224158761e-08
-4.942716316375146e-08
-2.42222170323806e-08
-1.3353557080842147e-08
1.3242063035246954e-09
1.1728837031834019e-08
6.1858473629851856e-09
-3.3740676718915986e-09
-3.48595550049033e-09
7.427543304308826e-10
1.059996969595532e-09
3.7201815045822244e-10
-3.58043482599729e-10
3.3901965061061824e-10
-3.8065373189441914e-11
1.2963633231761128e-10
1.090537937365515e-11
2.4202509237460335e-10
1.0923360825234073e-10
2.9874255665685585e-10
4.576658469750357e-11
8.046175266396384e-11
3.430053236218041e-10
2.0983095056781348e-10
4.76884700346235e-10
1.6326096486454015e-10
9.106138593978093e-11
-1.0718914360760812e-11
8.579798738414071e-11
2.821359787483362e-10
1.5817493635067786e-10
8.265355201653967e-11
3.186048422829125e-10
-2.072659543235225e-10
1.7310417032615255e-10
2.2918055885192738e-10
2.4549044132366226e-11
-2.2678170411725556e-10
-3.9320972816660475e-10
6.261422538210586e-10
-2.1137336131878247e-10
3.525867290294117e-10
-4.8977191932602134e-11
-1.869801226508057e-10
5.6000223610152634e-11
8.341881714878723e-11
2.5591606962825314e-10
-3.1675157821718453e-10
2.8413389671821204e-11
1.4726351829995194e-10
5.857668641211955e-11
