[0.0, 31.0]
14.103510322810738
-0.05034405598623622
0.004115768768875119
9.79130127041927e-05
-4.646483053525736e-06
-1.1652254740194038e-06
-1.1346838097719754e-07
1.466317688447545e-07
2.3154006974102496e-08
-1.8027781652997046e-08
-3.779432585794762e-09
1.1088288487717071e-09
1.1756823339130284e-09
3.911678486549313e-10
5.557820710599319e-10
-8.020619722931614e-11
3.115598083705602e-10
-1.1333568521309839e-10
3.5784732989411246e-10
2.4135919513653336e-10
4.885941574873946e-10
1.5188879709557082e-10
7.530247101859105e-10
-1.438030608577948e-10
2.4895734716846235e-10
-3.549267076458876e-11
-1.0292953305507354e-11
2.256777064894061e-11
2.794556576516203e-10
-2.433753681297448e-10
-2.0370135909765404e-10
-1.4080391095576265e-10
-1.3410362798990796e-10
-1.2523251176295198e-10
1.9362823501477218e-10
-2.515409112282041e-11
3.7518439849858545e-10
1.0933653980191534e-10
4.854908002837166e-10
-1.5589191048706737e-11
3.581052749408947e-10
1.1169399504089073e-11
3.0100577765967717e-10
1.860400775311641e-10
1.6603733566807844e-10
2.2750853685948254e-10
5.131372463249541e-10
5.934617725660409e-10
2.7663084563839643e-10
2.790423418391962e-10
-6.81241298295146e-11
6.417280924460565e-11
2.1947303768824232e-10
-2.310283441112087e-10
2.995163944758429e-10
9.386128677347915e-11
3.8508027541954173e-10
-2.8322830930303708e-11
9.970750643976277e-11
-5.450066592622065e-11
-1.7938023573148971e-10
7.59723780467194e-11
-1.0646836119898789e-10
-8.208067166026161e-11
-8.742782247825444e-11
