[0.0, 31.0]
8.187531899266203
-0.00441797725921048
0.002705817619421295
-4.2925116054844344e-05
-5.82808914630445e-06
7.626020382418599e-07
3.3269519428193994e-07
-9.307079664814739e-09
-6.74813271517964e-08
-5.369710530786588e-09
9.880915807802956e-09
1.7638565770556196e-09
-2.649610411702814e-09
-7.129937664282079e-10
-3.744551781066162e-11
-1.609688302373553e-10
-4.448829745252717e-10
-5.87582247798801e-10
-5.896997855788955e-10
6.594056650724144e-11
-2.402231468852075e-10
3.234176001288781e-11
-1.5832416013817124e-10
2.5351317374887333e-11
-3.269290501902308e-10
-1.1476177235143482e-10
-3.9922111488077783e-10
-1.863037492602908e-10
-4.4356360364271097e-10
-6.087099113031298e-11
-6.126846640077182e-10
-2.8972729896040433e-10
-5.726993298240435e-10
-6.707284677542736e-10
-4.385283035726442e-10
-2.1573262576128632e-10
-4.3561244061440145e-10
-2.4440609836444554e-10
-5.953305108464653e-10
-4.09038670365519e-10
-2.0156741026457307e-10
2.9814586148523976e-12
-1.3116211426749915e-10
2.7837574211180868e-11
-4.725205348945422e-10
1.8530978623344166e-10
-4.3135024031149223e-10
2.5784859961483065e-10
-1.811989258910051e-10
2.6377766077193163e-10
-2.2925616098909214e-10
-1.739933951496775e-10
-4.3450805705316666e-10
-3.688099099414205e-10
-1.1356002972960383e-10
-2.0267727208694758e-10
-1.3721128117527504e-10
-2.6164512753783755e-10
-3.788574281140133e-10
-3.755638831717641e-10
-3.995838603915965e-10
4.015804215281486e-11
7.498458218583987e-11
2.393491605289071e-10
-2.716503003519949e-11
