[0.0, 30.0]
169.34098392023506
0.18187017580589732
-0.018579008171393265
-0.0004400936889327509
1.913340458096255e-05
-6.114210651298656e-05
6.374108506240076e-06
2.6797113534819578e-05
-4.297027533418943e-06
-1.2450940030967128e-06
7.286737955147909e-07
-1.271602948094502e-06
4.5096865398604816e-07
1.465735006429098e-07
-2.0030757713963457e-07
7.294912995499643e-08
1.522071770022874e-09
-1.6051151933057916e-08
1.3638642300711714e-08
-4.0970578185229384e-09
-1.504199126722253e-09
2.417841711151917e-09
-7.351388858477884e-10
1.684947847078887e-10
7.967765812706522e-10
1.999205287217028e-10
-8.847700730159624e-11
4.615952220096331e-11
-3.2311151473977824e-10
1.6747057896012216e-10
-2.591064234616173e-11
-5.5505121490948914e-11
-8.482939660156561e-11
-2.0674489796636552e-10
-4.697607327374849e-10
-3.6003855458167225e-11
3.7005218810136875e-11
7.976419737666719e-11
-3.409383052772912e-10
-2.7028359769179544e-10
-9.108426707593508e-11
-9.326709216795882e-11
-2.8411736813928773e-10
3.7790008636894056e-11
-4.757077826562144e-10
-1.8440110814696265e-11
-5.123970115655079e-10
-2.445382187431445e-10
-3.386391952262086e-10
2.4932987680918934e-10
-4.378379645865707e-10
-2.410183668494511e-10
-1.8755546156767956e-10
-7.721998957423038e-11
-1.0571028316430034e-10
-1.1043883004862803e-10
-1.7541526034685715e-10
-5.752445222122791e-11
-3.567866654347176e-10
4.968252543359664e-11
-2.736296084947941e-10
2.153489408719337e-10
-5.732375165402206e-11
6.073507362590797e-10
-3.3904897940933373e-10
