[0.0, 28.0]
78.76659568718267
-0.09163152047114807
0.019105246259789224
0.0003050068548531961
-3.3466413043884304e-06
5.527950760643919e-06
-2.7935603192067965e-05
6.836062419114468e-07
6.399707810506098e-06
-2.2497525239278436e-06
-3.369027154313414e-07
5.491400762876435e-07
-7.681334892168763e-08
-1.2896114200345444e-08
-3.5716181260121088e-09
-9.691853444682931e-09
1.1367741654030703e-08
4.2958356779942005e-09
-2.3852963773903734e-09
-4.32621957607791e-09
-3.10565597297666e-10
1.7240715308494967e-09
6.916974013318731e-10
-5.81604665878757e-10
2.1434462971239815e-10
1.1826441880858013e-10
7.527653463154781e-11
3.3453727184938377e-11
-1.7280701899339123e-10
7.262012748077641e-10
-2.002985232896578e-10
7.822082684005145e-10
7.657641126198233e-11
5.245566186018626e-10
-2.677091072290827e-10
6.792405424149407e-11
-4.742811252093928e-10
2.3611507213737594e-10
-1.1043073789955644e-10
9.84925990644019e-11
-7.924005092240993e-13
-5.937200637614041e-11
2.0247346674393225e-10
1.1754327743180553e-10
2.5342927589732227e-10
4.017190981226816e-10
4.2396313663491645e-11
2.775242968406539e-10
-2.382400855141481e-10
-1.3437628661573486e-10
-7.392922058641994e-11
1.2159217815424408e-10
3.5279665251093237e-10
3.674188523096499e-10
2.2253514254074334e-10
3.4274166298494483e-10
2.0580191388351455e-10
5.362610587723691e-12
1.514354611646882e-10
2.101187524494431e-10
2.706092683975213e-10
-1.825984206501235e-12
-1.4471874969290071e-11
4.3259370957643595e-10
1.4855835715669342e-10
