[0.0, 30.0]
195.41817638538657
-0.2716872826586007
0.0038099499092045306
0.0008429780645743225
-2.627344986589184e-05
-3.1193966820782095e-05
1.4045829078326312e-05
2.8213321808834408e-05
-2.246626721882679e-06
-1.1186977814342634e-05
-1.683723692149093e-06
3.608971659550472e-06
1.407679229651702e-06
-1.0209746984715004e-06
-7.030452119351204e-07
2.2499146418416648e-07
2.940262460133883e-07
-2.4513517275676285e-08
-1.088911216261348e-07
-7.853484067355623e-09
3.5021521062770274e-08
5.505712531714296e-09
-9.84360044913258e-09
-2.2242102475970227e-09
2.2116562398965615e-09
2.637989591619871e-10
-3.0752546050895437e-10
-2.8799706241509036e-10
2.3772410385839854e-10
-2.332094403325286e-10
2.5316745156642524e-10
-2.64002555839655e-10
2.384712082179954e-10
3.208946592383719e-10
1.6633940313099086e-10
-1.3899915520324285e-10
2.542152865888683e-10
1.076022244591519e-10
-7.02240940426872e-11
1.7865946471904438e-10
9.372746739858653e-11
-3.9293020959584724e-11
-7.920390498034236e-11
-3.2730879801911327e-10
-1.8776809602281173e-10
6.888159257701562e-11
6.189552164096865e-11
7.303697954424847e-11
1.5248880492661286e-10
1.228521863319119e-10
2.220202368400696e-11
2.6319950545716515e-10
5.505435695277588e-11
-1.401901294877345e-10
-5.484272631836402e-10
2.055065371622895e-10
-9.567328329096651e-11
1.577497162612273e-10
1.471494501925198e-10
-7.034327060257699e-12
2.6581926641886456e-11
9.881101715588414e-12
-3.400069015023782e-10
-2.746893802386621e-10
-5.501145135476102e-11
