[0.0, 28.0]
283.9516031533204
0.27704031780343313
-0.012285867615494462
-0.0005447527293473018
2.8918521211904738e-05
2.6361967542687015e-05
-2.0640475521180482e-05
-1.8684644759929044e-05
6.7757969854863654e-06
7.816555767638055e-06
-9.089585902769763e-07
-2.829420111640317e-06
-2.8929185208670855e-07
9.116478254745135e-07
3.012994299926731e-07
-2.4733593663272574e-07
-1.5539191294126038e-07
5.157705688121652e-08
5.953207942078182e-08
-6.770622128570165e-09
-1.7861812417981515e-08
3.0705566499486817e-10
4.139233374843229e-09
2.383195035480612e-10
-6.304615988136895e-10
-6.67242384707979e-11
5.030906241204846e-10
1.9043391181737904e-10
4.612521569863455e-10
-2.0945223127759038e-10
3.9600552405691435e-11
3.099869916453485e-11
7.793898930633642e-11
-2.9315569689576483e-12
1.7575367699097932e-10
2.2890611736306838e-10
1.5568809483118632e-10
4.87439897711743e-10
2.3573350943197657e-10
2.909069953118248e-10
3.144936203253884e-10
6.47831728311983e-10
-1.915724971092387e-11
3.977878988389631e-10
-3.1427006350658675e-11
1.9327342740733947e-10
4.236731266897848e-10
3.6037036056285677e-10
3.280983041222272e-10
4.4920720042633187e-10
1.872842785864365e-10
4.543378488062048e-12
-1.8549418832945723e-10
1.6109352665125123e-10
-8.22640460777027e-11
-1.519983828772939e-10
3.2398606842901776e-10
2.0568520812404472e-10
5.815185754695055e-11
1.8240830779221192e-10
9.391187751236834e-11
5.5859379176297836e-11
-1.173514620241012e-10
5.3564756577308645e-11
-6.644956073413077e-11
