[0.0, 30.0]
24.690954196809752
-0.1075168525044618
-0.0023140248301680467
0.0003399547404565974
3.515888506475595e-06
1.7826666546660991e-06
-1.1431666637569863e-07
-2.3217556324259207e-07
-7.150622012903154e-08
5.80414674470957e-09
1.3520057573424482e-08
6.124613118761225e-09
-2.504337244223718e-11
-1.748662749798221e-09
-8.778799504047107e-10
3.146100687192817e-10
-1.2350374651763328e-10
1.5481510581041267e-11
-2.6126790794747245e-10
2.3777680328128486e-10
-4.6290121547811836e-10
-8.127952239419969e-11
-2.914384461475494e-10
-4.0915140508242534e-11
-1.3649980906623282e-10
7.42649096614366e-11
8.030858802530068e-11
-2.449232033173733e-11
2.0193827060816195e-11
1.0198466080336193e-10
9.084115944920926e-11
1.2517092165369916e-12
-3.42238703095037e-11
-2.796499580646185e-11
-2.0549257480901912e-10
-3.40323434218041e-11
7.984157887103718e-11
2.1351260165720378e-10
-1.0018437713789119e-10
-5.674577937925609e-11
2.2072450564405508e-10
-4.414424403145874e-11
-3.957559646696231e-11
-6.740147717234568e-11
-3.398571474243617e-10
-8.046247006143742e-11
1.7229240741443184e-10
-6.095289160279389e-11
-7.24016957070003e-11
-5.3204021526412025e-11
1.6163172306117428e-10
-3.773872742803629e-11
-2.8054989229224657e-10
-4.7427644954623995e-11
-1.4696293448220882e-10
-4.791415392387472e-11
3.259972237622546e-11
1.7945443326156462e-10
-2.6495253812698076e-10
2.967212548139405e-10
6.657736971729844e-11
4.417744533202978e-11
8.02648709332508e-11
2.12879041408466e-10
9.691088909867627e-11
