[0.0, 31.0]
278.7853889213359
-0.1999021519017549
-0.01583074647864909
0.0007074159249558466
2.749965963949131e-05
5.027584499835755e-05
-1.8448718046225933e-05
-3.548816325666968e-05
8.253404930309641e-06
1.4018741130208165e-05
-2.3012482773816305e-06
-4.501093428511374e-06
7.677995602411819e-07
1.2943374015281662e-06
-3.3160208255483857e-07
-3.3757458551597624e-07
1.440179302762459e-07
7.74067554661934e-08
-5.795881935209686e-08
-1.41502390192179e-08
2.134143439174499e-08
2.0670507011651902e-09
-6.551010628751078e-09
2.920499439897321e-10
1.8452352434801263e-09
1.4030624893559045e-10
-3.9120749188184553e-10
-1.557467722392566e-10
5.07043565521308e-10
1.0425526559165183e-10
1.2117936750043317e-10
-1.0914815089055483e-11
-4.445294798862788e-11
8.442997405145302e-11
5.869601812378959e-10
1.498797597941815e-11
3.4486679063594244e-10
1.6614305342297315e-10
3.0742021369105486e-10
6.437805986269745e-11
-3.3330090714874115e-10
3.733865259956007e-10
-6.163515344534925e-11
1.9723163719956958e-10
1.4927698645313882e-10
-2.332772921622678e-10
-5.338149921207903e-10
2.050384147035064e-11
2.1448193522350987e-11
4.355442947748647e-10
3.5779200114520657e-10
3.3826857210981023e-10
2.928294970912693e-10
8.679948428030677e-11
-3.8439694326873734e-11
1.34391788112013e-10
9.491191131279813e-11
-3.462287531663536e-10
3.2043446327518174e-10
-2.1404556898584905e-10
2.2515876156145484e-10
-1.7057572868410024e-10
8.036778998927734e-11
-1.7351021199835411e-10
3.8422458349395324e-10
