[0.0, 31.0]
88.02476498137636
-0.10608259233610745
-0.022478992007797904
0.0004212673743810322
3.043415452186926e-05
1.8972347382237205e-06
4.872988275699269e-05
-5.12981716928235e-06
-1.3311069377449424e-05
7.15531420962081e-07
-9.211443617402309e-07
-3.910330982910968e-07
6.503676079888753e-07
2.6707033541054286e-07
3.7890954067978705e-08
-3.553932736877596e-08
-2.6983082167262177e-08
-1.6216610555644237e-08
-1.3885316648202594e-08
1.2155795946806438e-09
9.358544011519296e-09
4.538325097652833e-09
-3.054181025660372e-09
-2.908846486218282e-09
7.368471804029843e-10
9.739458533607387e-10
-1.1680775129266176e-10
-1.8655191083924734e-10
7.752022772757742e-11
1.2151834066542886e-10
-1.7094500528762563e-10
5.545518401724642e-10
3.2405136469775535e-10
4.805134104909387e-10
2.904336007095691e-10
6.153823612509234e-10
2.9042372402588255e-11
2.438550336912113e-10
-2.2019157834520016e-10
-1.7873195941233319e-10
9.569920596430253e-11
-1.1961614211699113e-10
1.6917366223321019e-10
-1.1746775063974416e-10
4.714951202547398e-12
4.754246080217842e-10
8.50176496354297e-11
2.6463076648297027e-10
-3.215797906732684e-11
2.3517951365878316e-10
2.289455277503758e-10
3.754201638655011e-10
-2.634809788777481e-10
5.640963437827791e-10
2.62494042936543e-10
3.86120538332944e-11
-1.789092598229245e-10
-1.9968529622303753e-11
5.288349275175566e-12
-1.2793922473694751e-11
4.79964744396784e-11
-3.8062142530340424e-11
2.1037669508300218e-10
-9.477559562355618e-11
1.9092407987608307e-10
