[0.0, 31.0]
258.28895303869257
-0.09041554158556789
0.018963969654630684
0.0003954325065886338
-3.262898748498836e-05
-4.350743325947594e-06
5.0796947259402786e-05
-5.2565912010242585e-06
-1.6796751036921964e-05
4.394734737743898e-06
-1.5743925730849204e-07
-1.4921925062753264e-06
1.4252642960411025e-06
5.522705551247921e-08
-4.3244758167994977e-07
1.5318665374227431e-07
2.6636544207174745e-08
-6.737363723209956e-08
3.172424567013428e-08
1.2888916586553395e-08
-1.7558428078660715e-08
1.0377657689229647e-09
5.811902399048453e-09
-1.24772718201669e-09
-1.1447733212812119e-09
2.5438694448958094e-10
5.623480934417163e-10
-3.2400927467150184e-10
5.385943601854225e-10
-3.146369961628571e-10
4.265993407317317e-10
-8.366955720960734e-11
5.421632237641982e-10
3.5993122149803936e-10
8.014359027116578e-10
1.1090037569862134e-10
5.868657758419699e-10
2.0279910463298423e-11
3.108699390485684e-10
-6.045807245607367e-11
5.628251073843733e-10
-3.6569370897558886e-10
6.239367825535097e-10
-1.5088818217255627e-10
5.40876460131735e-10
-1.2756541482725222e-10
7.106372780914365e-10
3.2516795059535626e-11
7.81763239825916e-10
2.6736316180329304e-10
-8.214145277582857e-11
-1.8229534364012735e-10
-3.640628083824675e-10
-2.761115026612236e-10
-1.8755127175543593e-10
-3.334551685870237e-10
-1.4028892904266593e-10
-3.868365525978406e-10
6.856791065429186e-11
1.5437363294846288e-10
-2.2184102157131798e-10
1.7267462733057324e-10
2.369223506316065e-10
-8.318389002749304e-11
-1.6112453610869403e-10
