[0.0, 31.0]
22.63434853020924
0.09968490225680901
0.0010828051711859257
-0.0003322450048029842
-8.583159031976275e-06
-1.6574948283467053e-06
7.981444727383369e-07
3.09005730732586e-07
-9.443114602730889e-08
-4.4407772757340115e-08
1.5200960745863215e-08
4.201692339785844e-09
-3.0680545784820637e-09
2.3369854518811867e-10
8.476024783424475e-10
-3.562484204536787e-11
-2.431622212482606e-11
3.656128473750597e-11
4.0714216644215794e-10
-2.1990117040003395e-10
4.273313083913444e-10
-1.8761272643859346e-10
1.7535948462424394e-10
-1.8868571735050943e-10
1.596905207951563e-10
-2.3902345518439686e-10
-5.450324004023186e-11
-1.4888024247016848e-10
-1.749812283079183e-10
-3.9199875765581516e-11
-1.2942054684536894e-10
-1.1398354185658648e-10
-1.712915557537293e-11
-1.1390188381746819e-10
3.803498213520362e-11
1.7058457414998668e-12
-1.6155854148835664e-11
4.386818760787122e-11
1.1431007759129335e-11
2.6791665513289384e-11
-1.2191618486995309e-10
-1.0604896647141134e-10
1.3055370309254507e-10
-1.9726062565344476e-10
1.7891784115735387e-10
-1.9077904736715715e-10
6.834010505549768e-11
-1.9422981049363008e-10
2.6561160600691576e-11
-3.263522626181556e-10
1.1137236328780158e-10
2.4861717608452837e-11
-2.393507181574957e-10
-6.125177418938716e-11
-9.962748954684534e-11
-1.4528899767856625e-10
1.4643159375390148e-11
-4.0205535613999906e-10
1.6855525584566323e-10
-2.5027911346538343e-10
2.4911549764041134e-10
-2.9851005998269543e-10
1.4771516444799994e-10
-1.9673956464375958e-10
2.4052631260856534e-10
