[0.0, 30.0]
174.46160175618644
0.20645944898630672
-0.017399354040021915
-0.0005071891275941717
5.0552742062511055e-05
1.5139178577019797e-06
-4.892101541329815e-05
-1.040061145232763e-05
1.5377363481567363e-05
8.20882067828059e-06
-3.9948102884470334e-07
-2.629017991142718e-06
-1.3413765470470058e-06
1.1021947882096416e-07
5.218663417834991e-07
2.3620874217099217e-07
-5.0797787587201155e-08
-9.952875899107585e-08
-3.436970238026211e-08
1.34415960553223e-08
1.7218972062048996e-08
4.9165199339200244e-09
-3.3993969727833205e-09
-3.242119893081337e-09
-4.761882400401103e-10
8.530760122980765e-10
5.760573398081615e-10
1.6056643342772167e-11
-1.0682774022714728e-10
1.0388359378604892e-10
-6.218330870946629e-11
3.3250367068715067e-10
2.756648507534713e-10
1.8231980599398567e-10
1.907605071439538e-10
-1.2279438157523868e-10
-1.8863531460135168e-10
1.0556605319258912e-10
3.362418487058966e-11
-3.049076614477843e-10
-1.70692598824727e-10
-6.707315036875292e-10
-1.831994904794649e-10
-3.1056759598130926e-10
3.6282136823379325e-10
-2.3294691353299463e-10
9.251046080213605e-11
-1.982152972259866e-10
3.067410903745327e-10
-5.919620795769e-11
1.8930599004559514e-10
2.490301607212626e-10
2.9634046654286455e-10
-2.3454718354008923e-11
-1.4723237123241453e-13
-1.0066615411110041e-10
2.988987241307978e-10
-3.8478742922900966e-10
5.7611119108750774e-11
-3.0249147075539637e-10
3.0742475184178714e-10
-3.7946462511725117e-10
1.3895860630097017e-10
-1.5883898446072727e-10
2.1160667757848302e-10
