[0.0, 31.0]
209.2469897629305
-0.22655325700434265
-0.01211798055614357
0.0008044411189540365
9.479550098873017e-06
-3.174735348440765e-05
3.6804341288545e-05
2.1930847184106533e-05
-1.56192663293173e-05
-1.2784096625253303e-06
3.773082010833241e-06
-1.8846914364248848e-06
-7.649289142727776e-07
7.151373270030463e-07
8.319130393277449e-08
-1.6025244867196085e-07
3.2692253134541605e-08
3.640981583042256e-08
-2.142498990947149e-08
-9.161670404815944e-09
6.986831411482544e-09
4.6336741613080014e-10
-1.0616117875270624e-09
-2.3979421888984665e-11
3.0255236870220776e-10
-3.964245914462762e-10
-6.030311575807423e-11
-1.9854065969962132e-10
2.3356604971691045e-10
-5.053674452448302e-10
8.436333674628298e-11
-8.291856373117946e-10
4.908990659761712e-10
-1.6281607882637893e-10
3.7182535968784784e-10
-4.5494267592146055e-10
1.0800752427141506e-10
-7.253903003928477e-11
1.0372858962938236e-10
-3.2160164826673553e-10
1.9396954198045288e-10
-2.0943747896445626e-10
-1.5606084693014817e-10
-2.0944661081505748e-10
6.961319923435544e-11
-4.805648657059208e-10
3.8608438087550036e-11
-4.241656343684899e-10
3.489805026180829e-10
-2.052519810903467e-10
2.6754889593653845e-10
-2.7556642140985686e-10
-6.603888494608233e-12
4.929827788480121e-10
2.6467019502700907e-10
4.3144111424088353e-11
1.6170476846978098e-10
3.4178700830672524e-10
3.3145361982469834e-11
3.4252615553845817e-10
-2.8347933405381697e-10
-1.8072655711226586e-10
-1.8722133709107444e-10
1.168083153517511e-10
-1.4326794087761422e-10
