[0.0, 30.0]
225.97720373492308
-0.24456563335957546
-0.00699128511896178
0.0008007279410611178
-3.990960944836362e-06
2.44117754528346e-05
4.1779258151732597e-05
-1.6895245212331617e-05
-1.3253736371125871e-05
8.25319891167882e-06
7.379184705860353e-07
-3.067963213873819e-06
7.521702830472895e-07
7.983719119539011e-07
-4.251568048726063e-07
-1.1935758546917688e-07
1.6705317864438168e-07
-1.0184294003044326e-08
-5.5491155539373346e-08
1.531030599173773e-08
1.510627354726617e-08
-6.3242079527733656e-09
-4.2517302800623224e-09
1.8996314611696457e-09
4.712060472173558e-10
-3.6991102134403047e-10
-4.2195763914744944e-10
-5.4504795229618425e-11
-5.425925272248181e-10
-2.6576343098501443e-10
-5.7111548052749656e-11
2.6991917920329034e-10
1.2836097077294113e-10
1.1999561901879134e-11
3.0637271960441133e-10
5.0354094177100155e-11
-2.206406160567953e-10
-4.354358394130348e-11
-5.707136307648124e-12
-8.056118391923935e-11
-2.7592746462357303e-10
2.890551406124435e-10
-3.0338707802890464e-10
-1.4298569226057607e-11
-1.0844163626070382e-10
2.4147186838902125e-10
1.3070059038913281e-10
-1.9696297114582e-10
9.26997070739309e-11
-2.8024200623944344e-10
-4.2694114868467703e-10
-7.03370022606788e-11
3.7219772764595925e-10
-1.5022162264208015e-10
5.479983236906991e-10
1.4044324045334917e-10
1.7489733034232462e-10
-1.617348082181009e-10
-2.2037070484798116e-10
8.581830976369982e-11
7.200403592561731e-11
2.1867536991181916e-11
1.86057277954862e-10
-3.5858687805606997e-11
2.044629000634339e-10
