[0.0, 31.0]
193.54010073308336
0.14675678525641048
-0.020463594388877265
-0.00039066120855038507
2.9405180646945584e-05
-5.615904734630618e-05
-5.734564103913089e-06
3.6172146607665094e-05
9.709249922051736e-06
-7.268833276832394e-06
-6.02699929338218e-06
-1.1177490304634402e-06
1.6001761105630278e-06
1.2687171640225716e-06
4.580439316744775e-08
-4.1449985902998976e-07
-2.0299902420578802e-07
3.671538213256578e-08
8.41950811731649e-08
2.9445192000773055e-08
-1.7710807966027584e-08
-1.8006651326670867e-08
5.923825706643068e-10
6.157101352751611e-09
6.936971525437413e-10
-1.5125489384658791e-09
-4.0367405892151003e-10
1.603412683141353e-10
-8.51828203985825e-11
-2.694039549804216e-10
2.5991058479955846e-11
1.7954838405595122e-11
1.3212156887689963e-10
-2.170802325550199e-10
5.7199807767900196e-11
-4.69237289033616e-11
-1.9784250048644096e-10
9.671263086694829e-11
-1.53538689188264e-10
5.3043884217177186e-11
-3.6675762242619377e-10
-1.5598166292183394e-10
1.1515318613255162e-11
3.12586873120852e-10
-1.2566322950744757e-10
9.674530226723142e-11
-3.360588279060012e-11
-1.4319800910846823e-10
-1.456762474053854e-10
7.408595786234601e-11
-4.6657762411607306e-11
-8.533696809599496e-11
1.4306003808767024e-10
-1.6330690291360233e-10
-1.209268387706362e-10
-2.376033789436432e-10
5.644620888280993e-12
4.903634621925706e-10
-1.3178065507311819e-11
2.655527641970462e-10
8.84753968763391e-11
1.5753248856997957e-10
7.802628634813167e-11
7.852988724609969e-11
-2.0894435145512443e-10
