[0.0, 31.0]
179.7565768700576
-0.10650830407527526
-0.02091370091009021
0.00043955224683934823
5.1561719030215166e-05
-4.492697633582201e-05
-1.0488846643255114e-05
3.035043198831012e-05
-1.0085618854219186e-06
-9.246678938485708e-06
3.837086159933011e-06
1.427171316285799e-06
-2.0942251979907008e-06
2.4512025027499186e-07
6.600778887945124e-07
-3.0727109306573623e-07
-1.1285543516896489e-07
1.4436819228281752e-07
-1.3732778831538461e-08
-4.458200441102005e-08
2.0751353260888198e-08
7.1911357468574084e-09
-9.667825852679545e-09
7.541646991397684e-10
3.085907102008125e-09
-1.7579434375571626e-09
-1.0336858128510093e-10
1.0039376262059974e-11
8.013842296271848e-10
-6.609343103635247e-10
6.385480541872908e-10
-5.636171625051806e-10
5.81378841696387e-10
-8.80562701257612e-11
7.048796307262608e-10
-2.5292772168594045e-10
7.700652369102673e-10
-2.463113155316528e-10
5.201515373851632e-10
-6.286672940186646e-11
3.3554908008874204e-10
-3.8692980441566735e-10
2.269114324354659e-10
-5.367002563459532e-10
4.878656964643875e-10
1.7063027418561726e-10
5.539652353925814e-10
2.3718152431525236e-10
2.6249984932286274e-10
4.645962877372366e-10
2.662678887724447e-10
6.557269562000449e-11
-2.1686315093452562e-12
1.5607159037221942e-10
-2.0088887410049856e-11
-2.631215085202319e-10
-8.594318906299604e-11
-1.4542817263348375e-10
3.5620987136902444e-10
2.552201248730075e-10
4.9387323726494756e-11
3.732478092359099e-10
-6.067419560967697e-11
2.7496594725020337e-11
-2.0511175129747373e-10
