[0.0, 31.0]
252.8234268571922
-0.030625780369283914
-0.02058071484397645
0.00016635996998854243
5.268897895945948e-06
-8.120483008638625e-07
4.0111815232573366e-05
8.125752202804224e-06
-1.6932199186059848e-05
-5.725692009852185e-06
4.0594911752083495e-06
2.285422091229306e-06
-6.812086615442544e-07
-5.552587263204906e-07
8.30558866780968e-08
7.821718185510746e-08
-1.4045781980649736e-08
-4.6477687267204025e-09
7.056910460388897e-09
1.115964974988036e-09
-3.4919770260675635e-09
-2.042595239212063e-09
1.8426450844975934e-09
7.121682700330266e-10
-4.2775731758750214e-10
-3.2457668680673725e-10
8.556280291738175e-11
1.6236171660325476e-10
-1.549153829250299e-10
2.1438003657371527e-10
7.348289001144658e-11
-2.9967620940619264e-10
2.602951031407509e-10
-2.679432799537853e-10
1.1217487445345229e-10
3.679079822525039e-11
-1.2198771512028707e-10
-2.748469341168518e-10
2.9891247353443734e-10
2.5034894925348257e-10
-5.355070549547409e-11
-7.590928240123652e-11
-1.6204519911396608e-10
-6.541133087154064e-11
-6.124112014447414e-10
6.931967671405797e-11
-1.2264286985469075e-10
-1.2977971027161728e-10
-1.638426908503551e-10
-1.388038747775501e-10
-2.175843907268065e-10
-1.5004471842783953e-10
-3.5912047735747275e-10
-2.1657788764774031e-10
7.380614940774873e-11
4.111213813425969e-10
-3.0912332560455854e-10
1.9043516826260435e-10
-2.883181651180444e-10
-4.794851543549986e-11
-5.88881603048647e-10
-1.1290540265464322e-10
-1.9365538089507374e-10
-1.623345284974326e-11
-1.3326219970076138e-10
