[0.0, 31.0]
28.143113116340807
-0.03295275909184196
0.008408055602900725
8.4531038295975e-05
-8.137408849999434e-06
3.3067269338741475e-06
-3.8079895197458004e-07
-4.216657814479911e-07
9.027662767706585e-08
4.679567038003416e-08
-1.3800627920391088e-08
-3.6946869086699327e-09
9.198658597944069e-10
-3.591640424412168e-10
4.3090704382548737e-10
-1.024087448895462e-10
-2.5326513560985254e-10
-3.923805892543664e-10
2.3371601517250663e-10
-4.8805517042163e-10
4.5833389624456626e-11
-6.961398641646565e-10
-1.270271267537892e-10
-5.225198119298896e-10
-2.6750620289231975e-10
-4.1585201378930475e-10
-4.232621205368725e-10
-2.1753538075797633e-10
-3.9066420409046047e-10
-5.388417841362473e-11
1.1940550789918832e-10
-4.424438242654285e-10
4.1727493002433983e-10
-1.4585798256332062e-11
1.8352938053193265e-10
-1.555263251907109e-10
9.535593993237554e-12
-6.372963321485543e-10
8.748548945829589e-11
-5.471557210463876e-10
3.263131033053394e-11
-3.8332197549079245e-10
2.0048797636579043e-10
-1.18500353949743e-10
3.529418559490818e-11
-3.956406242449686e-10
-2.7727698987133962e-11
-3.129444575795532e-10
-3.2426062183028134e-10
-1.7936674946466706e-10
-2.519374779726983e-10
-2.160517943930865e-10
1.3683487519829513e-10
2.2517055856965851e-10
1.9234688333808583e-10
1.1166938267157929e-10
-2.421185847397114e-10
8.434030293808759e-11
1.2604660177508123e-10
7.90276893743865e-11
-3.0206370337757395e-10
-1.5425269498346734e-10
2.2540474619442002e-10
-3.4317839633438696e-10
2.1845685945805955e-10
