[0.0, 30.0]
150.77203742033177
0.16915100999808025
0.01838979130987248
-0.00036986827509224096
1.2604392130001213e-05
-4.301848303446644e-06
-4.9281426399145584e-05
4.600163684761507e-06
2.2984970247939082e-05
-4.530512314777911e-06
-7.294165597289018e-06
2.9050697124487836e-06
1.8428871299337754e-06
-1.405036024038832e-06
-3.123303197846695e-07
5.571114140161477e-07
-1.8992537900272824e-08
-1.8660425506983863e-07
4.6843742635582894e-08
5.317064412035703e-08
-2.7939052651660552e-08
-1.0787138717195861e-08
1.0446165382022e-08
1.7963102854638205e-09
-5.05829596436117e-09
3.947216395273672e-10
4.4422688342006633e-11
-2.5874296517424875e-10
-1.1838810636775013e-09
3.893117682110391e-10
-7.363792139244997e-10
4.91197185881336e-11
-1.0850832744823015e-09
-1.3257224264293894e-11
-9.660958726764872e-10
2.0014610672244206e-10
-5.164855245493879e-10
-6.414981375954554e-11
-7.699589727474638e-10
2.2724294087563282e-10
-7.652652796757879e-10
6.027388546344801e-11
-6.649433739116706e-10
9.127773474877333e-11
-6.458019779308559e-10
6.223342989916167e-11
-4.454632888165239e-10
2.789414534587351e-10
-5.567122895737664e-10
3.458909456717676e-10
-2.963974174662811e-10
2.613417412050566e-10
-1.9306631337807859e-10
2.6976892360431677e-10
-7.955033746271938e-10
1.2311843816961486e-10
-6.068432518309038e-10
2.963598917076682e-10
-5.564864172126552e-10
-3.4173564194043155e-11
-1.5151169573973431e-10
-3.499568782624512e-10
-2.9551797242774546e-10
-2.836594989306007e-10
-2.941528867410493e-10
