[0.0, 30.0]
2.299032266998639
0.015222846995007339
0.0004427183017496288
3.316321859246082e-05
3.751391539800743e-07
-7.509710110448391e-07
-1.5130257971902353e-07
1.0428518117035288e-07
1.6457289942066136e-08
-1.2295620216360983e-08
1.5035328977749271e-09
3.1294225559839752e-09
1.088161961688442e-09
1.5285589363695289e-09
1.649846998601246e-09
1.3237962743354788e-09
1.2626329057939495e-09
1.3869929108269926e-09
1.3889489268901847e-09
1.3811560826563312e-09
1.196723015299954e-09
1.4315972314577877e-09
1.1604901033651893e-09
1.0283253423792583e-09
1.0366186125512712e-09
8.508789430701379e-10
1.1061756565764445e-09
8.425001728855771e-10
7.472773767142595e-10
9.482371434769806e-10
5.403779065452179e-10
6.140030004590635e-10
6.036696862093164e-10
1.6420644988201259e-10
5.918804874622043e-10
1.8928827432444924e-10
3.262098533076104e-10
9.76825801677965e-11
1.65801459587554e-10
5.716507729473591e-12
1.1968612429770818e-10
-5.832484448689733e-11
1.5510991132682203e-10
-2.2835909462030197e-10
-2.690691198973426e-10
-3.410326497391535e-10
-2.559056973900134e-10
-1.8190288214472666e-10
-3.2337151364404906e-10
-5.535895449145947e-10
-2.0813527174218582e-10
-4.4601416520611127e-10
-3.6653429301860266e-10
-3.37990976065609e-10
-4.224028406225874e-10
-4.0670034590660436e-10
-5.950332587297402e-10
-4.5993090002177756e-10
-3.612264394607529e-10
-5.020573428710228e-10
-2.6026828055095803e-10
-2.696316981935289e-10
-4.750097369206969e-10
-2.5803578915126196e-10
-4.321600776777344e-10
