[0.0, 30.0]
219.3546983903897
0.3222092656467894
-0.004437797886139935
-0.0008376495732530481
-1.266838730145159e-05
-2.4986245243298547e-05
1.637517411692313e-05
2.486517705057928e-05
-6.856971561102982e-06
-1.0359659493077285e-05
1.7228942265619128e-06
3.7142056437455993e-06
-1.6004758059766212e-07
-1.291527266631277e-06
-1.2630477788059044e-07
4.2835494648394406e-07
1.0885101337445169e-07
-1.3116363475735888e-07
-5.762537461882293e-08
3.573954303095133e-08
2.3271125977065945e-08
-8.420886400445175e-09
-7.174204297340166e-09
1.7114597064942735e-09
1.8371314310452043e-09
-1.6652987920882876e-10
-2.448239586461053e-10
2.019140487523485e-10
2.1067279598580146e-10
9.200814422470073e-11
-6.238788042552027e-11
1.260186572148588e-10
-1.4826004216119364e-10
-2.542619542692968e-10
-7.107845417063468e-11
-1.0309751809755618e-10
-1.1629472758582875e-10
1.2339117868143785e-10
1.5235662431399628e-10
-2.1487670689897308e-10
-1.1195960512263086e-10
4.4942208350477e-11
3.028734951689437e-10
-4.101410510832153e-11
3.9924779566110295e-10
2.5933129953107847e-10
3.45095913732614e-10
1.310821721975176e-10
1.8548058703854584e-10
-2.5681791907105253e-10
4.240480304045372e-12
2.3348623473520927e-10
4.1221526411545875e-10
1.5603667590140602e-10
1.6368659872112757e-10
2.2222007149526992e-10
3.8277040990149126e-11
3.648503306611337e-11
2.554028412062313e-10
4.3607107546097215e-10
3.4562617483871844e-10
6.861665938361502e-11
-2.6694202001130525e-10
1.5038047107165602e-10
1.3409788751409907e-10
