[0.0, 30.0]
25.079311211571618
-0.08825065955595979
0.004839572080094367
0.0002425824316234825
-4.141867196913555e-06
-2.5660530629623832e-06
-6.141332548187305e-07
1.430764590327603e-07
1.465375272529961e-07
2.5461844049108214e-08
-2.7065224706334908e-08
-1.2850887216409904e-08
2.9128882695089064e-09
3.6618981397589276e-09
5.139261681704171e-10
-7.202457249007402e-10
-2.0531273341061735e-10
2.608600483368653e-10
3.061963519312842e-10
3.2832620852749605e-10
-1.6755145535600496e-10
1.80454658061141e-10
2.4385866610009213e-10
-7.07076877115701e-12
4.954013646695178e-10
-1.6592780833813648e-11
3.2856243303077097e-10
1.57387309979479e-10
6.262448932190347e-10
4.689657785852061e-10
2.2145074512657366e-10
5.056634526809762e-10
3.3068200028219567e-10
1.7301351959174004e-10
2.779452349783851e-10
2.5445966098574597e-10
3.3317710890869507e-10
1.7182204435323013e-10
4.321881687192635e-10
2.734965133256916e-10
3.13422225217824e-10
1.0639621577484488e-10
-1.4818173943495004e-11
3.600195210594375e-10
-6.35227369256142e-11
7.126263782656345e-10
-6.236587525904928e-11
4.808432487521779e-10
3.302807127115046e-11
-1.4501623270364305e-10
2.6676195568783065e-10
-2.6988103377514327e-10
-7.41948425229887e-11
4.2045933572146874e-10
-4.757643954620722e-11
3.754434400451122e-10
-1.216318369735982e-10
-1.787979102542049e-10
-1.4301384180482014e-12
-2.629705645851015e-10
5.581025778772669e-11
-2.681121391019694e-10
-8.686395928719445e-11
-7.1066888610974e-11
2.5054036293735604e-10
