[0.0, 28.0]
27.053661916627163
0.08524962491107296
-0.004753919383676517
-0.00025546650263244303
1.0892850612672277e-05
1.2130211023198377e-06
-3.327593448856374e-07
4.4742568667205186e-08
2.5990205392609087e-09
-1.310743701040354e-08
-1.6453521347824674e-09
-3.182832026339668e-10
9.343836745667664e-10
-5.816096983063265e-10
3.415227611742457e-10
-1.9898290157576528e-10
2.843154685990182e-10
-4.836867156205554e-10
1.0283783088064341e-10
1.137114896309841e-10
6.157955509645528e-10
-2.760366255406424e-10
7.30526091596897e-10
4.44874805057442e-11
1.1181162666156026e-10
-3.837339553485643e-10
2.5026859506817225e-10
-3.282603340963503e-10
4.420641372469783e-10
-4.7712336472468053e-11
2.7550156816705513e-10
-1.2983221832923854e-10
4.899352801385378e-10
-4.112771439583048e-10
6.126836014456924e-10
1.9100128942123408e-12
6.94053441203916e-10
-1.5379035753844804e-10
4.3012969001354917e-10
-2.850318598868345e-10
4.58468528947445e-10
-2.6482115612503025e-10
1.167359106120504e-10
-1.243907188644032e-10
4.240874228266039e-10
-3.552769788312474e-10
2.0445857209182487e-10
8.737147712832283e-11
2.4404108643123064e-10
-2.3688094055587753e-10
1.8308715841917857e-10
-9.57277622629821e-11
1.7440506882953042e-10
-1.2458630493241995e-10
-6.059940616007608e-12
-1.8873203596163778e-10
1.453230084564469e-10
-4.5067508371822156e-10
-6.607488163283568e-11
-1.5632334172232874e-10
2.98426445475294e-10
5.672823614414973e-11
5.213766621109908e-10
-1.7781552899541676e-10
4.958175629791937e-10
