[0.0, 30.0]
248.9336808997176
-0.251604436626946
0.005510389280311789
0.0007978798565050299
2.6353842618070777e-05
1.4383607676213871e-05
-3.58415302256937e-05
-5.753704480944883e-06
9.675815079055387e-06
-1.2792462484629887e-06
-5.250669863567205e-07
1.1753856908199465e-06
-1.9655781065147758e-07
-2.6710510188133644e-07
6.080631257864787e-08
1.0774703227055948e-08
-2.2801844802461767e-08
4.597017983608129e-09
7.0135190136415075e-09
7.038440789387741e-10
-4.635683459616775e-10
-1.9884242312112195e-09
-9.451398051517512e-10
2.6248052990098797e-10
6.274714567929295e-11
1.3867717440671105e-10
-6.349231732514001e-10
-3.1622600938055377e-11
1.5839041261641276e-10
-4.104728052775515e-10
3.7376021391932264e-11
-8.428025696819451e-10
-4.471881415484027e-10
-1.3729063859144746e-11
-5.20458771138811e-10
-5.942693660943052e-11
-5.64340358101806e-10
1.6843202887860908e-10
8.588281420696115e-11
-4.3062176790970413e-10
1.2011738891589843e-10
-3.955446206676739e-10
2.097630741701235e-10
-2.2925688511582725e-10
-4.1213836546719894e-10
2.5408551309408333e-11
-3.164715346769928e-10
-9.338815573837178e-11
-1.3977228730941276e-10
-4.828221724169052e-10
2.9817691002474365e-10
-4.4722326371009853e-10
4.733880423024442e-11
-4.1558615823078456e-10
-4.85077339256878e-10
-4.841240695005504e-11
-6.283747510268515e-10
-2.1216729755633972e-10
-1.2032905180034865e-10
-5.663697600114424e-10
-1.0236289369970412e-10
-6.183195359664308e-10
1.3368392130195872e-10
-1.613189060736264e-10
-2.7882588595722e-10
