[0.0, 30.0]
24.35970362746905
-0.10815429468217812
-0.0034536719306971176
0.0002746289471384868
1.1580297808407312e-06
1.7727209957482831e-06
4.1503811879023964e-07
-2.4244071674262777e-07
-8.51215388831058e-08
3.528414142706715e-08
1.6770454883485394e-08
-7.114283646686249e-09
-3.1873558550222473e-09
1.2261024576215368e-09
9.026465024189801e-10
-3.520096266652788e-10
-6.946294012546679e-10
1.9752244458032422e-10
1.0987489071814547e-10
8.619893185060003e-11
-7.339615723593935e-11
1.132584484493707e-10
1.8077581564770123e-10
3.828763140562351e-10
1.7347196781717263e-10
2.0014484986782495e-11
-2.7639149467714986e-10
-1.6421364040348073e-11
2.7250364361201254e-10
-3.2520859559547363e-10
1.4011273946292616e-10
-2.947734402257814e-11
-1.357691104247719e-10
1.1684716650886975e-10
2.4505386012454996e-10
9.973509963831391e-12
1.9979554604228475e-10
3.0596546679851946e-10
7.037552270091815e-11
1.748195387625329e-10
1.6703582339789933e-10
-9.495530366326947e-12
-2.0261182869921924e-10
-2.1262968791453716e-11
2.2734425971863903e-10
-9.50409080198887e-11
-1.5635020702429177e-10
-2.8819967583161616e-10
1.8529910913651493e-10
-1.0262588359247329e-10
1.505035882352945e-10
2.5375452848109264e-10
4.785146774927129e-11
4.5076693737256747e-11
2.230414187131479e-10
-4.3327115468880335e-10
-2.794234398986305e-10
8.702088780648864e-11
-1.859915541986384e-10
-4.042704049372771e-11
-2.375724600635436e-10
1.0530959688364136e-10
-4.202300175092081e-10
1.3560501743803416e-10
-2.4207344486953476e-10
