[0.0, 31.0]
70.10008491566416
0.320077775964167
-0.015596919920312164
-0.0007651266582525079
-1.6516329363314104e-05
-9.179626806495035e-06
5.370275277971741e-05
8.210731184036862e-06
-1.5898844895678986e-05
-1.981828167420927e-06
-5.912491362268061e-07
3.046006129749894e-07
1.2899219846055412e-06
-4.9251551475335e-08
-2.745877372090494e-07
-1.307484171318154e-08
-1.7016771532570625e-08
1.8756243870603638e-08
2.5394851108911002e-08
-7.942354839708936e-09
-6.816678470598382e-09
1.907972255764974e-09
9.673634798052228e-10
-1.8968448169829551e-10
-5.7067058000970455e-11
-2.1137017291158027e-10
-1.7864772308018457e-10
-4.7229380644399125e-11
3.6700894410443174e-11
2.1293889401797646e-10
1.0228577869194685e-10
3.7574644672367235e-10
-9.610765641884366e-11
3.5551208513168367e-10
2.0779830547986954e-10
-4.094833758280229e-11
1.3233785002397122e-10
-2.261681234456152e-10
-2.643572021840937e-10
-5.074680997128486e-11
3.2509273939696395e-11
-9.717365091739953e-11
-1.625639490043573e-10
-2.896840489657841e-11
-2.4838433802568596e-10
5.047241885176933e-10
1.6116468146549493e-10
1.24538495571735e-10
-3.2472838977478544e-10
1.4462981083319455e-10
2.6480505433259733e-11
3.993114763958703e-10
2.0031629032354782e-10
3.5372447880540287e-10
-1.106451500672016e-10
2.4003540925015054e-10
1.3711165418286907e-10
1.0282292251505392e-10
-1.2781297966960518e-10
-2.3951485191861827e-10
-3.5225570305868507e-12
4.289177892424717e-11
1.3289830190897554e-10
-2.4215559762636698e-11
-2.0972620378970356e-10
