[0.0, 31.0]
26.213959415133154
0.06969668791719755
-0.008705375942680747
-0.00020387991036538298
9.03823043872406e-06
-1.7366185395274047e-06
8.223093693525958e-07
3.82993517583845e-07
-2.809231032106139e-08
-7.978733872572897e-08
-4.381745669517492e-09
1.6636566475402287e-08
2.3849124478255024e-09
-3.2422188312368244e-09
-5.355895389781191e-10
4.734836905931698e-10
3.2537235983676485e-10
9.896748612444811e-11
-1.7198388546421942e-10
2.0636193239025896e-10
1.1869144159773545e-10
1.4471196683170154e-10
-1.7043307261972037e-10
-1.2179693229502215e-10
-1.3223424078535915e-11
-1.6745693305264797e-11
-5.102870655926217e-11
1.3546345086993875e-10
-3.910521545979716e-10
1.6005438028108101e-10
-2.1233092961915605e-10
-2.1669807048738197e-10
3.6416957052354737e-10
5.7154690460940655e-11
3.2397323987409367e-11
-2.8207563171435906e-10
-3.905074861301906e-12
6.839662938289179e-11
3.396464560524911e-10
7.116851787236165e-10
2.5495771191821535e-10
1.9863992364474323e-10
3.1959852937917756e-10
3.38445133391437e-10
2.871380906768269e-10
3.547350188151977e-10
1.6594811932326393e-10
3.4199775102612796e-10
4.955541942594196e-10
2.0601987041819664e-10
1.996263283959172e-10
1.8119184397462117e-10
3.275049145347059e-10
7.515532588458494e-11
4.082726583152838e-10
1.885052499284708e-10
-2.011161828006877e-10
-3.362275487034572e-11
1.536382223197432e-10
4.011292908824464e-10
1.7483001307218061e-10
1.7140714669491932e-10
-9.814629977685022e-11
-1.031149676767109e-10
1.8697999800196305e-10
