[0.0, 31.0]
27.192967970061268
0.12363685303278109
-0.0016580710208338974
-0.00041341252814334616
8.275950837843942e-06
-1.6002095177102152e-07
-1.204180400519404e-06
-1.538411998717224e-07
1.376492193968254e-07
7.993092359522878e-08
-2.277142864575403e-09
-2.0008733213715086e-08
-5.984003664561027e-09
3.41517820027649e-09
2.5194426067452163e-09
-9.4477582994206e-11
-5.502371688706882e-10
-3.2447757978012376e-11
3.56395421139023e-10
3.882687047682105e-10
4.1560147569688105e-10
2.4959495705475015e-10
5.272114625946275e-10
3.6963159532339207e-10
3.9468173689086235e-10
1.7963038247699642e-10
4.062140002466144e-10
3.1254069832439895e-10
2.603238832955608e-10
1.4562406554467424e-10
2.3386648367981043e-10
4.866825800531333e-10
5.357873959780648e-10
4.5788703351131823e-10
2.86676784081738e-10
2.0316504878510803e-10
1.0814267858607443e-10
3.365608966816998e-11
-2.3867422409328144e-10
-1.0296742694524937e-10
2.8274588659637372e-11
4.474972767740423e-10
1.1691620597406694e-11
2.2409943076202323e-10
-1.7371085691947695e-10
2.2660833680289426e-10
6.319684397297432e-11
4.4285398777729954e-10
1.6363359363331097e-10
3.5975055576786035e-10
2.759346921313899e-10
5.319648664593664e-10
1.2085923534796308e-10
1.612581103633975e-10
1.533101872833756e-10
3.7395503526008076e-10
6.5645341490447e-11
-5.358869316940033e-11
1.1539229591094549e-10
4.1262770257454264e-11
1.7163672151267057e-10
-8.771372732987601e-11
1.7903201310022944e-10
5.0245864220706125e-11
3.531726271807479e-10
