[0.0, 31.0]
176.69419577149165
-0.12162259542205321
-0.020510362501897087
0.0005253378095752115
7.215179566821341e-05
-3.3317252198469875e-06
-5.210632189361102e-05
-2.7929319490324136e-06
1.1976622855937085e-05
4.787951888821685e-07
1.219720634148522e-06
3.176110040645e-07
-3.521301926749768e-07
-1.6111201317582195e-07
-1.6157129145983273e-07
1.1732131453204971e-08
3.383549038918785e-08
6.073809420894812e-09
7.85623906627779e-09
5.748046717364869e-10
-1.898856562375937e-09
-9.312967917897004e-10
-1.5149081207166257e-10
-2.4863363032018785e-10
1.77702251363024e-10
-8.949374545430064e-11
-9.241559712870768e-11
-1.6698124742364967e-11
6.285249817244598e-11
-5.945949719719781e-11
2.3832937966556004e-10
-1.8732440096469927e-10
-2.062939166459057e-10
-2.0962401188028172e-10
-2.5987707810497488e-11
-4.383921780039565e-10
-2.0440680833577478e-10
-3.5339809988461456e-10
-5.1740504238376806e-11
-1.2730291491532126e-10
-8.271419687809837e-11
-2.779067927058416e-11
-1.7683477833146557e-10
-2.932016013147966e-11
2.477123626523595e-10
3.803019195695411e-10
-1.5318292922379709e-10
4.65834402867216e-10
3.130112718506929e-11
3.324092829171126e-10
-2.3354306347298815e-10
3.527163699257251e-10
-4.680524296489517e-10
6.247250918702869e-11
-1.283657654354975e-10
3.0071326727044256e-10
-7.485990724469377e-11
3.391956950899501e-11
-1.052548866223424e-10
1.6011436996638351e-10
-6.719470632152962e-11
1.9400398131148374e-11
-1.300332494114283e-10
-8.033271037079242e-11
3.8033748499506566e-11
