[0.0, 30.0]
331.73874394434665
0.31395478133422927
-0.02029612007522753
-0.0007073808756608847
1.896119216362526e-05
-3.6221216506302515e-05
1.1214903955582374e-05
2.968434364419161e-05
2.22288483008146e-07
-9.434282348095484e-06
-3.06058710056395e-06
2.1361904886540236e-06
1.6864775074694694e-06
-3.295513128542891e-07
-6.142507917880716e-07
-2.3355137483728976e-08
1.8871912266651467e-07
4.795173612157582e-08
-5.2438211322862e-08
-2.5325170519352754e-08
1.2512624406990302e-08
9.665302302264957e-09
-2.9449487408697366e-09
-2.612094632378978e-09
4.0009709093183515e-10
4.0225142081846487e-10
-4.0945532069810356e-10
-2.3031341790123515e-10
3.8576297524704075e-11
3.900372685727357e-11
-9.831401177102104e-12
3.179609744579446e-10
-1.149538987039537e-10
-2.3613450220997377e-10
-2.3123219120389037e-10
-2.3244566674636895e-10
-1.5055118212554586e-10
6.344937383321195e-11
9.809525302731049e-11
-1.3324762441977891e-10
-9.183244880136408e-11
-3.844712891421507e-10
-2.8278274771432003e-10
-2.3045610440173934e-10
-3.961357498978549e-10
6.074958194276873e-11
-9.43823628034345e-11
-7.66412691096856e-12
-3.9881500803666663e-10
-5.167735117854059e-10
-2.4804681881467822e-11
-8.903681279301408e-11
-3.356993001919428e-11
2.395993155632727e-10
-4.160398824645967e-11
1.7426870123021204e-10
-3.282956053900029e-10
-6.404014924088638e-11
-4.383532647943655e-11
1.054609191676215e-10
-3.0107739623462557e-10
-2.3293565479249896e-10
-5.1323079065956284e-11
-5.585769778831551e-11
-7.656748185560864e-11
