[0.0, 31.0]
22.358650817120854
-0.11027099235237689
0.0029170926988839494
0.00027573787882777663
-8.728070015336168e-07
-2.197685016334749e-06
-5.373897974775108e-07
1.849808053370495e-08
5.81269404868085e-08
4.6771459584180836e-08
-4.3658424782084324e-09
-9.766061437995662e-09
-1.1308435415811246e-09
1.1863367942684214e-09
3.73074271477791e-10
2.364421527000305e-10
-5.578744234299113e-10
1.6212627780923038e-10
2.1988957093889833e-10
9.955236649679758e-11
-8.259500005467096e-11
1.8380828673187707e-10
-3.1123248714164036e-11
7.464561586516249e-11
-7.438370227884216e-11
2.459228656470632e-10
9.11341424077818e-11
2.6980547072608726e-10
-7.706813996977067e-11
1.1515723605782793e-10
1.9084411054419604e-10
4.4177767248017493e-10
-8.038158259046495e-11
4.829576647857577e-10
-1.917894625423144e-10
2.981410792162851e-10
-1.2536981010127248e-10
1.8727519884906937e-10
-9.471668472321259e-11
-3.429023675696027e-11
-2.703116959329026e-10
1.8676891816102865e-10
-2.709745860264921e-10
3.355102930347218e-10
2.7288866581770108e-11
4.0139128936840733e-10
-2.6149578401062697e-10
-1.3849130501378388e-10
7.272017981067077e-11
1.4713614621837608e-10
-3.980737342521183e-11
1.572297572313482e-10
-5.1913675635953626e-11
1.910860994307022e-10
-1.687767306731779e-10
2.2535937980053676e-10
-4.7568080522679144e-11
1.089709968841625e-10
-6.364374621348261e-11
-7.391038001816587e-11
2.2365879324153576e-11
2.1447232399155645e-11
-1.4623434193842629e-10
-6.100910831680179e-11
-4.0940192538678427e-10
