[0.0, 30.0]
17.839085997543243
1.4435689977929576
0.026517004515600573
0.001185088930650729
1.6465884207301455e-05
1.2391191387573913e-05
-1.2560760100937373e-06
1.4178160587698137e-07
1.415966811926921e-07
-2.5094602706365865e-07
3.5526491671748006e-08
3.377993982584999e-08
-1.6730441362084933e-08
2.3056331259664805e-09
1.7997949857403525e-09
-1.6489017622848812e-09
3.1100576072227253e-10
9.063618602509319e-10
-2.836556324098003e-10
3.960862125827998e-10
1.1172161434591409e-10
-2.424264377460722e-10
7.086014620668265e-11
1.1054370759981671e-10
-3.5663441029981587e-11
2.662701196318525e-10
8.029128456376905e-11
5.266694691225495e-11
-2.71325831794088e-10
9.904315774938156e-11
1.60980106884507e-10
-1.14958521890059e-10
-5.7085843537950176e-11
1.8296017788835717e-11
-1.6671435443799883e-10
-1.979553312139727e-10
-2.2387090461758354e-10
-1.9564540164416545e-10
1.1530580606723026e-10
3.55364436298508e-11
4.1723225982347714e-11
7.712574098805391e-11
2.1296319458683566e-10
-1.9996631897473525e-10
1.8159724803859492e-10
-2.0514506091406725e-10
-2.232896771429987e-10
-1.3751332672581906e-10
-3.26328582100429e-10
-1.5972342842370823e-10
-1.119437582446969e-10
2.4324008660045314e-10
8.902995774148799e-11
-2.0193067232604916e-10
-3.641366053390035e-10
-1.5751329629434255e-10
-2.937065312833976e-10
1.0894152012364104e-10
8.422170391608299e-11
1.0206337588901162e-10
-2.1909762517773283e-10
2.4012021995164213e-10
1.6960505735455229e-10
1.63019498023306e-10
-6.917914308868022e-12
