[0.0, 30.0]
37.74963267464566
2.2887241198105546
0.026428893080869497
-0.005014822162957016
-0.00041494330756971164
2.3331759141919588e-05
2.7281848082275566e-06
4.1770673981421627e-07
-7.570950099636842e-09
-2.946601887989241e-07
-5.492631974428567e-09
-5.990276657726778e-08
-5.5664489601653425e-09
1.1628102890258725e-08
9.018961117872351e-10
1.0925758783368339e-09
9.786998501632896e-11
2.2905481628903664e-10
2.679790125093526e-10
2.418186321630547e-10
4.786628249602866e-10
2.866256704487916e-10
-7.651785472698373e-11
2.769369741871078e-10
3.23083871430764e-11
-6.702779284318983e-11
4.985462393733654e-10
3.098745205042312e-10
2.1761914461948413e-10
1.6474501577348594e-10
5.65682459647712e-11
3.998811526433975e-10
-1.6741168598803028e-10
8.09288237640071e-10
2.082997597393948e-10
4.941809705462758e-10
1.1784721652724356e-10
4.759836001353945e-10
3.085170432085057e-10
-1.2222265087585358e-10
3.046389874413044e-10
3.047332415752425e-11
1.4556076860504887e-10
-5.196199059370984e-10
-1.2988088284894949e-11
-4.082711865897854e-11
-2.91402934211961e-10
-1.8711133968030344e-10
1.6838724667607601e-10
-1.7954411095723345e-10
-5.4722578046833527e-11
-2.5188538463227703e-10
-4.2315366520240954e-11
8.466805501392198e-11
1.6927860353771606e-10
-6.073901334785382e-10
1.1145852247128227e-10
-2.3801732968093686e-10
1.4411445964199015e-10
1.7986939439931621e-10
-2.1260227999411708e-10
-1.6403209474407782e-10
-2.7688370527527024e-10
2.4595185309617962e-11
-2.3947712392681755e-11
