[0.0, 31.0]
279.41382480673127
5.982906685626491
0.0034825009642563726
-0.003150236388084583
3.284803809712564e-05
0.00011310334334245904
-1.3318575888710482e-05
-3.4619316346932857e-05
8.439780118921148e-06
5.424616059887349e-06
-4.051328047596306e-06
1.2152116341213558e-07
1.2315232074239235e-06
-2.033532945701638e-07
-2.3558900394492345e-07
7.022802597683115e-08
3.705342720739853e-08
-2.8587443277191673e-08
-7.247998734653479e-09
1.0041655253717968e-08
3.16145764858309e-10
-1.9886726219772396e-09
-1.3630482285951132e-10
4.537444206887821e-10
-1.749762370051307e-10
-4.142985455113831e-10
2.697042076579533e-11
-3.370193417766157e-10
-2.2189274519117454e-10
-7.817829556210316e-10
-5.3582460130599504e-11
-5.589098316746991e-10
-1.52795182339102e-10
-4.503992162484728e-10
-4.422819815207438e-10
-3.0711024806025243e-10
-2.863550439893593e-10
-4.1992874650136513e-10
-6.395570913441237e-10
-3.1852494542017907e-10
-2.2399578994297716e-10
2.725445424597912e-11
-7.745059956856245e-10
1.7321142731336747e-10
-1.9917376937991906e-10
-2.141590970989485e-11
-8.91035097417104e-11
-1.7276335659245367e-10
-2.671248509330498e-10
-1.6084742999302208e-10
-4.335321576165373e-10
-2.8999606064919617e-10
1.7361275310536664e-10
-1.632610134687067e-10
3.782397412427659e-10
9.618958795368232e-11
-6.641466164765228e-11
-3.9935455552157935e-11
6.576933884015717e-11
-9.033911300880536e-11
3.5976581776238047e-10
-1.168721471760528e-10
2.7154767410170056e-10
2.405344170911099e-10
5.180698045706286e-10
