[0.0, 28.0]
96.78512114183451
0.3456743326122259
0.518141996589864
-0.014997985333360013
-0.001132512167978315
0.00011935174505913565
-8.432774346459598e-06
7.100885870104683e-06
-7.2878126488008875e-06
-7.892424061180368e-08
-3.006135276944635e-07
-3.6589912509713103e-07
3.2392761323229035e-07
1.9643796476897458e-07
-3.345773768160827e-10
-2.3231596218796124e-08
-2.26430857780397e-08
-1.6593633683709952e-08
2.2452694026682847e-09
1.0076128890819084e-08
1.0018441564011889e-09
-3.3131542690039146e-09
-1.5142859282652422e-09
6.548034946890296e-10
1.640330833208304e-10
-3.049851164862383e-10
-5.553974157965463e-10
1.4670503830954326e-10
1.5358244936595133e-10
2.1421793886109372e-10
-2.853446359393106e-11
1.0642402003833269e-10
-3.8521890065461435e-10
2.2786260617338173e-10
-1.1737991318891526e-10
1.4816460229268617e-10
-1.1062609012862966e-10
8.179162412266614e-11
1.5736080835031493e-10
1.877570030116349e-10
2.0456409561195177e-10
2.25846689978127e-11
2.2676696273777604e-11
1.0956610210428843e-10
-4.2765494973523695e-11
1.2007928753461138e-10
-2.4161791982129433e-10
4.1081456128236445e-10
4.160133498882236e-12
1.8496104761800038e-10
-5.83586841135073e-10
4.643195424441805e-10
-4.1787259979752317e-10
4.441325188555569e-10
-3.327103058759601e-10
5.796842396567528e-10
-1.5871504278019964e-10
6.231104674202381e-10
-9.653223641154589e-11
5.966118582571071e-10
1.1693668482259003e-10
2.8157577175792574e-10
-2.1613091461311884e-10
3.006907518534122e-10
-1.9471801748821287e-10
