[0.0, 30.0]
346.4237061590645
-3.8255369394611023
0.05276802434540244
0.03228347799558268
-0.00010296014508059168
-9.072873737935613e-05
3.0433834431417207e-05
-4.603468321761733e-06
-1.5165045369325438e-05
-4.658644186659542e-06
-3.467954458997077e-07
1.2207285986985887e-06
1.0123282004033478e-06
2.656913007322756e-07
-1.3155268090306433e-07
-1.479903413438327e-07
-5.4590027779940334e-08
6.732055481507137e-10
1.9937282418524355e-08
1.6126489576520246e-08
2.618769010817024e-09
-5.47852060463271e-09
-3.49598505708314e-09
1.7400663914086363e-09
1.6245704000435457e-09
1.88123264059812e-10
-2.1251620120143624e-10
5.644166174324551e-10
-5.850194463075541e-11
1.2630768318614318e-10
-4.777384643223619e-11
-2.3903144221729904e-11
-2.2165825761100163e-12
2.816579161788811e-10
4.54696056628077e-10
-3.692966740459169e-11
-4.677469149882134e-11
-3.992716482404024e-10
3.1164507703299357e-10
-3.3048529783469496e-10
3.754759389912668e-10
-1.3868704705274398e-10
1.2414292497422957e-10
-8.759104203426691e-11
1.9775993267273005e-10
-1.0988450790683112e-10
2.8426057934822925e-10
3.0518650892276437e-10
2.7716253418879124e-10
6.875327471573132e-11
1.2253380884766868e-10
-1.0055066116805284e-10
2.4394346888060883e-11
-1.850239440804041e-11
3.8878928422918283e-10
-1.252271460098377e-10
-7.093365124081353e-11
1.045433789240909e-10
-3.311609921768854e-10
2.0720654915724566e-10
-8.696971753523466e-11
-2.1125230428408224e-11
3.311545639993025e-11
-1.6207868516111362e-10
3.070612161462674e-10
