[0.0, 30.0]
15.7041998832955
-0.2767254352880507
0.01680640775659787
-0.0006983938442933497
-2.0391742244057082e-05
9.765814101429145e-06
-4.7005019845859135e-07
-8.717744667316383e-07
4.176041550445294e-07
5.781185942243354e-08
-9.158981472719191e-08
-2.813655625346328e-09
1.474971127774902e-08
-2.1745524743323644e-09
-2.559036806847776e-09
1.0530306726817497e-09
1.5881670494936893e-10
-1.458814280297073e-11
4.024020227607271e-12
2.599787308870327e-10
4.072902707111011e-10
-2.242466592712235e-11
5.337520109974944e-11
5.382669074634824e-10
3.923472364248002e-10
3.520374314496824e-11
6.823686223798469e-10
-6.237125454154434e-11
3.2287792116912603e-10
-4.249750835892777e-10
8.274795606564735e-11
6.858124597360391e-11
2.359553596757523e-10
-1.555990383204772e-11
-1.1527660024752447e-11
-2.675882002311994e-10
2.857424399320796e-10
7.262525274664364e-11
3.849972955552029e-10
3.579063183973464e-10
4.991266080523833e-10
3.9709541498546204e-10
2.1840468295021757e-10
4.458560527697565e-10
4.0814951157671313e-10
2.938359237689789e-10
4.04767366465351e-10
2.66562977679961e-10
8.148139027511568e-11
4.752494687644123e-10
3.223845115673051e-10
-1.3667291678942239e-11
1.657540450443302e-10
1.6156629901542723e-11
5.025070231311042e-10
-3.88666716669513e-10
3.9742358294890993e-10
-3.3920401983482857e-10
4.51215481767821e-10
1.9209765668012132e-10
2.863842576631874e-10
-2.742371768694897e-11
3.4097682385841653e-10
3.672051051285929e-10
2.3234285860437637e-10
