[0.0, 30.0]
-23.128002638048653
-1.0045282009031418
-0.0061939126148417446
0.0007829562879106141
4.0117897174000275e-05
-2.9615539309695118e-05
-7.839027763420935e-07
9.660037149269508e-07
-9.838408720482576e-07
1.7593885863040712e-07
2.1456756696261393e-07
-3.140650898205086e-08
-1.769298178922572e-08
6.977402338205088e-09
-1.6774251600256974e-09
-1.9804187094882237e-09
4.336922234244657e-10
3.2969736254108776e-10
-3.399822940755852e-10
3.4419997902928626e-10
2.6713765807112713e-11
5.951920650132908e-11
-4.195593509115333e-10
-3.9799384785793465e-11
-1.9446243114569456e-10
3.289623871518326e-11
-2.7936389479431403e-10
2.908884915091967e-10
-2.4208636127723403e-10
1.5272171225977589e-10
-3.572630133639958e-10
5.1164162063627824e-11
-6.513294946526641e-11
1.0018244091565772e-11
-4.984618957361411e-10
3.7369443632389656e-10
-2.0630606929613116e-10
3.7389288450977257e-10
-1.2253446927258706e-10
-1.655939658433084e-10
4.5014072452001317e-11
-7.910192844609992e-11
-3.7883597795256714e-10
2.793245258123797e-10
3.737748884147825e-10
-2.755324251571887e-11
5.6975712723144465e-11
-4.626524720776666e-11
-6.133824664870811e-11
1.0858633299144417e-10
-1.2710806865249137e-10
2.5208785892302194e-10
-1.2653988488319237e-10
1.520802040306691e-11
-1.7735542846048611e-10
-3.9439295213545364e-10
-1.1229949546737022e-10
-3.404186923690231e-10
1.879663812047831e-10
-1.141516694587123e-11
2.825918495093724e-10
-1.2446649418413737e-10
2.712895090471279e-11
-2.896374847684554e-10
-2.683310971481962e-10
