[0.0, 31.0]
313.3365554515834
4.341247853004728
0.09875015687042728
-0.004776314851994523
0.00019531079079250678
-4.4324202654117355e-05
-4.0159344138566405e-05
-1.4809243737611186e-05
7.735931676611212e-06
2.4003398497659996e-06
1.1789386161196927e-06
8.153550658282038e-07
-2.5403642906217024e-07
-2.83004190240709e-07
-1.394783811170989e-07
-3.19996272457286e-09
2.3434862456975794e-08
1.0801480602881988e-08
1.3840133554284227e-08
7.988222315049496e-09
-2.5730560500736763e-09
-6.900237218788366e-09
-3.801456849143989e-10
3.97414918836912e-09
1.8246089673855093e-09
-1.192845974176675e-11
2.0948116894011446e-10
9.566403661101155e-10
7.128517113472594e-10
3.246447839737286e-10
7.078501428311971e-10
6.620921037455918e-10
5.465763230954862e-10
3.30449948211024e-10
6.968923769605072e-10
4.3437376205510125e-10
6.23002645024301e-10
9.253346686487315e-11
9.489344758874332e-10
1.6355711056564642e-10
9.982388213879743e-10
3.7722474695987233e-10
6.161317128590358e-10
3.722751541943328e-10
3.797166979633581e-10
5.971154719667108e-10
3.7018300405759856e-10
7.481798670891299e-10
1.2667011699136966e-10
4.1959568240679606e-10
-9.642923963320263e-11
5.277965480119132e-10
-1.1216098220261685e-10
4.670851617862096e-10
-4.600106249586659e-12
3.452101399621348e-10
4.095928499349366e-10
4.910630652207431e-10
-5.96819386220353e-11
5.847357199478962e-10
-3.3485563298948595e-11
4.752898666319674e-11
2.5863362701690077e-10
3.1374896754060824e-10
-4.055653479857293e-10
