[0.0, 31.0]
134.96575589839534
-0.12123121036161907
-0.698462435624196
-0.009608544894545977
0.003031172106123261
0.00012552209476047652
6.809613067034563e-05
7.334137871332363e-05
8.77321239186174e-06
-1.6928947283271533e-05
-8.303812921874528e-06
1.921274224957141e-06
3.3549766042534533e-06
6.611496131297347e-07
-8.637661166554791e-07
-5.45806267866432e-07
8.251618887402217e-08
2.134357996484664e-07
5.3856206572880155e-08
-5.013678224961641e-08
-3.797734129115797e-08
2.4830512073724275e-09
1.3209783289406238e-08
4.736341227679222e-09
-3.028620382142767e-09
-2.445032719960643e-09
1.4356138853169016e-10
1.5256198355610592e-09
8.484746261256653e-11
-4.680585512581356e-10
-1.2341706448941155e-10
7.388205174246191e-11
4.4722111610526086e-11
1.9654930700763018e-10
-3.110241632029226e-10
1.9609531487527514e-10
1.4036765384170592e-10
-2.9924149515417776e-10
1.2083865747698972e-11
9.994124562151052e-11
4.495010258139651e-11
-2.39886757272653e-12
-1.117605174082608e-10
-2.9248477638503487e-10
-3.019686294369713e-10
-2.8238086721105826e-10
-3.016248219783708e-10
-2.3690714348528275e-10
-3.172529201405961e-10
-2.4915259159635267e-10
-3.8806730079959543e-10
-1.816756923166213e-10
-3.928353868696834e-10
-1.1022716395800736e-10
-5.004083370082041e-10
-2.013614243193119e-10
-3.4621328683988733e-10
-1.3753327273377472e-10
-4.954563393270456e-10
2.4928770661277347e-10
-3.3496598562739234e-10
6.008707058444754e-10
1.831330537839821e-10
3.687149486645735e-10
1.2258328481123202e-10
