[0.0, 31.0]
127.8637914344485
7.510713480284099
-0.1783048868872784
-0.011687678199523571
-1.9267930620273016e-05
-5.6417921974592536e-05
-7.0337508127377456e-06
5.210436249687503e-06
-1.459549446534283e-05
3.0819184466948646e-06
3.7691662758631643e-06
-2.8343153189596616e-06
-2.9697768566507393e-07
1.2546228284263856e-06
-2.546063372206133e-07
-3.8595747155276675e-07
1.999672297906788e-07
8.055270592025162e-08
-9.587665804384932e-08
-4.9397384026603295e-09
3.6478397994184634e-08
-4.743615289123822e-09
-1.1105075656454222e-08
2.2038262755894633e-09
2.700415256680191e-09
-1.1249078053985905e-09
-6.793056755488503e-10
-5.52383449719537e-11
-4.9469651453996655e-11
-2.4796219072127303e-10
-1.9202217149548402e-10
-1.1246071169732517e-10
2.0988053483939677e-10
3.025816720329169e-12
4.2907321324211567e-10
-1.1520185393895072e-10
4.832909190563461e-10
-5.163665259743851e-10
-8.166691061999189e-12
-2.857260288673218e-10
2.8708884256297833e-12
-5.2321743092835784e-11
-3.94944601449489e-10
-1.8431469405716404e-10
1.9165781397849825e-10
-9.877693960858422e-11
4.596864138272302e-10
-2.287382565008998e-10
1.278574689755948e-10
9.642136811293509e-11
-2.7685687817240905e-11
-8.364541119837033e-11
2.5931371158072074e-10
6.293252633910292e-11
1.7440224160343584e-10
-1.4682806556308424e-10
2.1151094470364657e-10
-8.808553808271365e-11
1.1268634278391441e-10
-1.318832283662916e-10
4.440988707744392e-10
-2.501203403225516e-10
1.7313379713695644e-10
-2.622825471886381e-10
4.205706728773954e-10
