[0.0, 30.0]
295.6204087109997
-3.0149581833025203
-0.3042720975977463
0.020661488257066804
0.0025177976258571122
4.940111461307463e-05
-8.649426822516245e-05
2.0400387067212586e-05
1.1811958546088365e-05
-1.1393851445457914e-05
1.0819056204044176e-06
2.996068523757531e-06
-1.593868923108745e-06
-2.488403338490769e-07
6.115485027411174e-07
-1.993994923243603e-07
-1.1427893922409636e-07
1.2175835492223297e-07
-1.1900199399872328e-08
-3.896829086354797e-08
1.816367241999102e-08
8.613892023390478e-09
-8.001138205908243e-09
-9.834848283410093e-10
2.463404216462728e-09
3.1786568180512926e-10
-3.484812631917312e-10
1.4783498467191015e-10
4.02094779736847e-10
-4.5817764311381005e-11
3.9393700982824944e-10
-8.202870276490508e-11
-1.1606422073722224e-10
-1.0422425613333825e-10
-1.056950377727852e-10
-2.1052808374756777e-10
-3.772408638371711e-11
2.1963103259836076e-10
1.58005342517598e-10
2.322384830050709e-10
-8.025010349950726e-11
5.137176923386542e-11
-2.013381154060789e-10
-2.824858542211447e-10
-6.599936543174022e-11
-7.49976744340251e-11
1.4257093343987365e-10
4.3002617627535005e-10
-1.1752763667856636e-11
3.258673831105848e-10
-4.0409668255905074e-11
3.9363093753195265e-10
8.863815058287016e-12
4.3200926585528436e-10
-3.977758223932711e-10
4.218399083857595e-10
1.5914254225778653e-10
3.9775850019447385e-10
2.764889312249281e-10
5.900406466700601e-10
5.6779747244959896e-11
4.778454657774782e-10
-1.5951617755205263e-10
1.1552812556695044e-10
-1.5191138390629739e-10
