[0.0, 31.0]
230.16222014452933
6.441523552020577
-0.060195052827340716
-0.003135294010851198
-0.00023880550500070564
-2.1091716984280075e-05
8.28741519730446e-06
-2.5723283523616942e-05
-3.2324996075288407e-06
5.038131253642133e-06
3.242277955071317e-06
1.7998395143904456e-07
-8.187242806253777e-07
-1.4844016546180455e-07
3.102398759509698e-08
8.435347661856563e-10
8.002300165939934e-09
9.96586460399963e-09
4.4954319196084356e-10
-3.407559008368406e-09
2.3215837106710548e-09
2.0516937726190045e-10
-3.2456859713863893e-09
3.506774341964905e-10
7.379251303619016e-10
-2.328922598000192e-10
-6.317033574539516e-10
1.6392241284649152e-10
2.7119160333527253e-10
9.513228552211999e-11
1.226588691885187e-10
1.7451517629106352e-10
4.0466854795269284e-10
5.976419670637801e-11
3.431737921656547e-11
3.172087910548402e-10
2.995657500728231e-10
5.1812316105323957e-11
1.4145904467171989e-10
2.368749230864792e-10
1.1040211668175522e-10
1.343134775751221e-10
3.0177572696191416e-10
8.901218561813887e-11
1.799426947128502e-11
2.423026127741752e-10
2.1807678592081197e-11
2.7741493983083423e-10
3.6576462414829277e-10
5.4309585795857335e-11
4.844339020539941e-11
-1.6497508563220324e-10
-1.3608447048111773e-10
-1.2354540052295497e-10
-5.677202674233984e-10
-2.712962708988898e-10
-2.40125186797865e-10
-1.4531458282975096e-10
-3.3129550398913713e-10
-3.6122428672419226e-10
-3.8158931523859324e-10
-4.614077267212233e-11
-3.463709433673424e-10
-2.857114537385506e-10
-7.665300192265838e-11
