[0.0, 31.0]
-20.89866841006771
0.7849661013693451
0.02298270936203982
0.00023098519962222046
4.686579214443754e-05
3.512869340327282e-05
5.077179970434472e-06
-1.8360264038940285e-06
-1.227663594999143e-06
-1.3626890737927153e-08
1.465256591189011e-07
-6.114571844105251e-09
-6.47180339019521e-09
5.998562161647125e-09
2.161937477011773e-09
-1.8183851019598693e-09
-1.1371661723818325e-09
-5.522089824114838e-11
2.3550707807035003e-10
-4.704487820580761e-10
2.4390529071590486e-10
-2.6957169249597646e-10
1.9097334635759464e-10
-3.806718387881704e-10
1.4006027065834527e-11
-2.670712835389157e-10
-1.5312524535019982e-10
-4.4108676040761994e-10
7.840661126450446e-11
-4.161147603416425e-11
2.824847923377631e-10
-1.4311239407852145e-10
1.381731960338452e-11
-2.28766084758625e-10
-8.14306219015051e-12
2.9516149580345183e-10
-1.0471825772450538e-10
-1.4940769050854002e-10
-4.787283983780678e-11
1.1194996322744275e-10
1.5221442347019258e-10
6.167445693056623e-11
-1.110966233749348e-10
5.764586253517399e-11
1.851842774155636e-11
-3.1876302542713883e-10
1.6802807033076122e-10
-2.918489704902836e-10
-1.516288185915176e-10
-3.1111981662046043e-10
1.8545383337234685e-10
-2.4343013323307473e-11
-2.354744542382387e-11
-9.90607671086642e-11
-2.435740326199213e-10
-5.697470165325021e-10
-2.476391758549878e-10
-1.580923970281325e-10
3.9889070143275155e-10
-1.993153696763318e-10
9.17409598420936e-11
-1.1642602864020808e-11
1.8820188569251944e-11
-6.231785514509251e-11
-3.060861554729958e-10
