[0.0, 31.0]
293.7414534005803
2.316004866675707
0.240574360093586
-0.009343244095379658
0.00030341043944246185
-3.53859085493878e-05
2.7202858998960184e-05
-1.2223669365327222e-05
-1.3960666273781979e-05
3.643958651209436e-06
-2.7310579099647324e-07
-5.691955541817687e-07
9.059410309154684e-07
1.7814332341245715e-07
-1.7017620653554471e-07
-1.8513924034481423e-08
1.4264573151435978e-08
-1.8829506902229593e-08
-1.0651622283889154e-08
6.61350830704139e-09
7.59726489151528e-09
4.6418189303661274e-10
-2.903710927079694e-09
-8.894869567551097e-10
5.108672494375026e-10
4.321627759739332e-10
-4.739329138043699e-10
2.0725169062058808e-10
1.3286068349469475e-10
-5.717854687323193e-11
-6.921111158927455e-11
-3.872614157503933e-11
-3.8343221538968104e-10
-3.5626327079836247e-10
-2.1267732208784415e-10
-2.5506598652097327e-10
-1.726270495664011e-10
4.864653221925501e-11
1.7328348899704553e-10
4.9705259220026164e-11
-2.4039552604195e-10
-3.544801887655653e-11
1.4191578452058024e-11
-2.599666469868378e-10
6.399330153672148e-11
-1.0196888333285902e-10
-3.393019514970905e-10
-2.6243372633791547e-10
-3.6108963825138164e-10
-2.103807521101956e-10
-1.1569798447630639e-10
-2.785166194604713e-10
-1.4207299990856286e-11
-1.209112473249981e-10
1.7540806301541123e-11
1.2621943666683257e-12
1.873543913480746e-10
3.676476979478433e-10
1.1975073668352153e-10
8.413887686636578e-11
6.30526032331266e-11
3.964292897290832e-11
1.2982843432542895e-12
1.705481535175079e-10
5.123621689776047e-11
