[0.0, 31.0]
327.0959730950965
-2.710300889547284
-0.2995432246738361
0.015356775909811726
0.002000771359401482
0.00012868011655647085
-2.3605254283777806e-05
6.590281735278448e-06
8.814959297443877e-06
-3.5224322166502807e-06
-4.3379507083870485e-06
-1.9931629437250952e-07
1.1313723546222738e-06
3.362213261881816e-07
-1.1094962891924264e-07
-8.154580824656969e-08
-2.4134399129445263e-08
1.326304663880197e-09
1.0769128023241442e-08
1.2455577037916223e-09
-4.65260685402989e-10
1.466015906235458e-09
-9.85170117224931e-10
-1.371478244323456e-09
8.98411250293121e-10
9.135261467428853e-11
-4.02546850759814e-11
-2.1128765356619746e-10
-7.010656956630338e-11
-1.4982332738448623e-10
-4.971292382197814e-11
-1.3851791086585542e-10
4.7976966361393534e-11
8.926928681026245e-11
-6.927278459656221e-11
-4.279485321029304e-12
1.7957350525757622e-10
2.1232178156939377e-10
-1.6785113311528734e-11
1.4753357801996724e-11
-9.090495071296317e-11
-4.937196517628689e-11
-6.794214973459724e-11
-1.294076923324731e-10
-2.9330651628256446e-10
-1.964916240791563e-10
-4.206358526801477e-10
-3.9835082093323784e-10
8.735631468222243e-11
-3.6006030531059423e-10
1.4403193433082756e-10
-9.378906900668636e-11
-4.281828979809626e-10
-6.659862855911706e-11
-4.110682434926464e-10
-2.7782740850113183e-10
-4.717177723387681e-10
-2.3300291051901485e-10
-3.4915020382260095e-10
-4.884125342939757e-11
-2.93235768791439e-10
4.862027113633264e-10
-5.654047695799984e-10
3.7906615810783983e-10
-5.088411730588097e-10
