[0.0, 31.0]
338.3584114809727
4.630974774344732
0.0994478603445147
-0.004947701896399614
0.0001661336921883515
2.117456699030874e-05
-2.2774755249912278e-05
2.6339250492513457e-05
4.470431025721652e-06
-5.852821637227318e-06
1.507319606084033e-06
-8.208363714492844e-08
-1.021305766416542e-06
2.3820104293787977e-07
2.2087486043031406e-07
-7.44996103085879e-08
-4.265494682481585e-10
2.4638292747836915e-08
-1.2680012089507193e-08
-6.6045659372127704e-09
4.4167554931155385e-09
-8.259557291470632e-11
-7.58541256698131e-10
-2.180016648568138e-11
2.800442047281401e-10
-6.156949254944506e-10
2.945909724110402e-11
-3.27659660781547e-10
-3.5944975078968246e-10
-4.810798128220128e-10
2.689018235287992e-10
-4.1556530878938223e-10
-1.4419193505987849e-11
-3.0239700279741144e-10
-9.792327003323141e-11
-2.4536324658589e-10
-1.9334929117464672e-10
-2.778405481750198e-10
2.7446934869554376e-10
9.216792843623027e-11
1.1331657259906621e-10
-1.6928273743217463e-10
-1.6088120262982835e-10
-1.3836709023890346e-10
-1.8445710026441995e-10
2.1876654470914518e-11
-4.1760787511383263e-10
2.3612748244857893e-10
-1.2691943498697576e-10
8.265418934451548e-11
1.8737807295446608e-10
5.41465385270613e-12
1.2570832258410128e-10
1.153787774130292e-10
4.1300402641721657e-10
-3.834134340232408e-10
3.6292243791105937e-10
-1.269962415909797e-10
4.081392769032149e-10
-1.1830506928716091e-10
3.4800235259732527e-10
-5.874999145913791e-11
2.9467133223831295e-10
-6.365901427360514e-11
3.5804902484732466e-10
