[0.0, 31.0]
335.39618300012177
-3.7010116674430225
-0.1306954279669978
0.030451801463421836
0.0008780386807917324
-3.570594160227745e-05
2.8730454033111324e-05
-3.016268794046683e-05
-4.266979695827174e-06
3.962232366379837e-06
3.1652237834005002e-06
7.838546734210485e-07
-1.2894584658845278e-06
-5.097731048400836e-07
2.2090541474085157e-07
1.6741381492279349e-07
2.5967141622512398e-08
-4.68720505831627e-08
-2.973945037350272e-08
1.0256819148423943e-08
1.2112255806887513e-08
-8.072718942968339e-10
-3.1920007387408145e-09
-6.148924461169751e-10
5.845258789429847e-10
5.941202897145769e-12
-2.4118835310418815e-10
-4.497774606072448e-10
-1.2729488516838073e-10
-8.553861422654065e-11
-1.7857970860084648e-10
-1.0028454375597198e-10
1.2411195191472223e-11
-6.841419644825966e-11
6.79897688709874e-10
-9.085457916685568e-11
3.74641199426075e-11
-5.402103887368646e-10
1.6778026399505357e-10
-2.3150186649852977e-10
1.410515617028923e-10
-5.822771749656773e-10
-2.0865898088187422e-10
-4.315343820720671e-10
-1.0800024204623538e-10
-7.669617053557376e-10
-1.269737760394954e-10
-6.692622233956798e-10
-3.769102847868513e-10
-4.0755120534925426e-10
-1.1444911693596118e-10
-4.99042568803712e-10
-2.9857759856250767e-10
-4.842601332568319e-10
-1.6365201398149546e-10
-2.810409530103455e-10
-4.0946621898839546e-11
-4.802336020974181e-10
-1.7067112229144675e-10
-3.1118116781672527e-10
-1.0173597672128563e-10
-2.453822927544258e-10
-9.608500288125807e-11
2.357099475571227e-10
-3.838509544711852e-10
