[0.0, 31.0]
18.068107581753086
4.18067235257489
0.3219000490436484
-0.011953731355489555
0.0006236281023924246
2.1741960508077907e-05
-4.6026769602360785e-05
-1.5522660331911406e-05
3.6539761265654564e-06
5.173828555183848e-07
-1.6362129348845702e-07
7.396658548487143e-07
2.4867496080540093e-09
8.98487356486364e-08
-1.7693294672924944e-08
-6.006808385019643e-08
7.0025361115684634e-09
-1.4773833938114217e-08
-1.5756321982111873e-09
6.392427452961789e-09
1.0885410346623019e-09
3.1479839920532086e-09
-5.044257916101559e-11
-3.0460775384829116e-09
5.435808046630804e-10
1.1676906303564251e-09
1.267123565406772e-10
-3.294134187147008e-10
5.496953443401591e-10
1.852468147241935e-11
2.9295206373618885e-10
1.0239063178556798e-10
-2.2384443746357336e-10
-1.86766854467545e-10
2.847108279143063e-10
-8.12225073079196e-12
1.800839820316332e-10
3.2970996413581426e-10
2.316947453754937e-10
-3.023427428459969e-10
1.0639381232155767e-10
-1.7381283569115948e-10
5.389776744644349e-10
-1.6515380984302062e-10
-9.585097580984764e-12
-3.288351851512858e-12
-4.0066634443524774e-10
1.788011219450336e-10
2.5576380751251835e-10
-1.396535510005581e-10
1.1301219157496987e-10
-8.795183879386523e-11
-5.995815807681195e-11
-2.271762481821185e-10
4.56450679210304e-11
1.0711377667772889e-10
1.0504875276782652e-10
-1.6507828644462762e-10
3.798596330997329e-10
-4.1163910161895217e-10
1.822763518937975e-10
-5.367277728027194e-11
1.1482146108742551e-10
-2.655977702138328e-10
-3.1739111017382597e-10
