[0.0, 29.0]
317.7761738354721
4.931226559366589
-0.023390922469444415
-0.002099585353563941
9.803284994103445e-05
1.2337281473087067e-05
-2.824935099974522e-06
-1.9963849550573656e-05
-3.3643870960641154e-06
2.0371738173723256e-06
1.4223075883390327e-06
7.74685316183503e-07
-3.5846398610369134e-07
-2.8693998889929764e-07
2.314696252773964e-08
4.484435564950895e-08
1.8525020529078244e-08
-2.430113631695199e-09
-6.699619034370222e-09
-7.572191063481158e-10
8.95174270343714e-10
1.0106264804099105e-09
5.353184506743228e-10
-2.155109940668888e-10
8.158287096749166e-11
3.697798175081709e-10
1.5397676205879944e-10
-8.753846994461463e-11
2.4671978625062473e-11
-2.941345413356773e-10
-1.957438143454078e-11
2.613088187496393e-10
-1.931359162081872e-10
9.593610466009867e-11
-3.203643343427077e-10
2.396155181446202e-10
-3.6443369124005396e-10
-2.003383615663596e-10
-2.7012931551827976e-10
4.610565456159923e-10
2.7410349184213903e-10
-2.461978600853154e-10
-2.6457469705548657e-10
-1.63838183796446e-10
-4.1785763593387606e-10
-9.863658422080516e-11
1.4441564226569006e-12
2.7589173816423596e-10
1.09514397212692e-10
6.40595575319753e-10
1.3174019417082856e-10
1.2794156608047983e-10
4.301767484252251e-11
2.4848065578597195e-10
-1.0171599845110027e-10
6.113101991076218e-10
7.92989487594982e-12
2.571000051993562e-10
-2.3752556293405867e-10
2.3600382833793014e-10
-4.0928619195572507e-10
2.2937874397691924e-10
-2.6182736212152444e-12
3.4434603579438747e-10
-6.824471675693107e-11
