[0.0, 31.0]
35.301946641711574
3.006773480476112
0.054304842209682146
-0.003852051693689203
-0.0005291914548205108
7.783129232348696e-06
2.054996489770316e-05
-1.550646233424416e-06
-3.872718480377404e-06
-4.4767827714073727e-07
7.958334365664101e-07
2.7412030351233435e-07
-1.47248213700348e-07
-1.0124903414339537e-07
1.8973963107454652e-08
3.016200484004341e-08
1.3849162324641071e-09
-8.03641447420348e-09
-1.8123900840558294e-09
1.8732595494851488e-09
1.1432211006589596e-09
-5.311922723452767e-10
-1.3435973792628387e-10
-3.954647168031187e-11
2.37716504241418e-10
-4.773193211721799e-10
8.152028280971263e-11
-2.81601664709708e-10
-8.623212256805921e-11
-3.1409466471205517e-10
-7.179341188444749e-11
-2.374770014686957e-10
-2.3774931209105883e-10
-3.607185677168275e-10
-2.2679456656458899e-10
-2.7408827371271454e-10
4.882526629292624e-13
-2.4039721687801666e-10
-1.3811487833370889e-11
-3.1777680386941853e-10
-4.699889300989752e-10
-2.6471690651017114e-10
-2.807200358103806e-10
-5.392026558106881e-10
-5.234640536647539e-10
-5.925214189982672e-10
-3.4550886793902394e-10
-3.650641857767512e-10
-4.813984484390849e-10
-1.9519095503966033e-10
-2.2764879559464044e-10
-2.3599633796384673e-10
-1.3599705294277634e-10
-1.384243042210149e-10
1.675501664662181e-10
-3.046280175782924e-10
-1.8147440522029159e-10
2.1082230415891335e-10
2.1119957111536054e-10
2.6759762179758034e-10
3.176286837486369e-10
1.0031273424051711e-10
-2.094372469784962e-10
-3.9952165602894585e-10
-7.487595292344376e-11
