[0.0, 31.0]
345.08277148479357
5.138462298258576
-0.0143599771412478
-0.0022716654263401598
7.49809442300593e-05
-8.191867328469157e-05
-4.685623285318518e-05
1.413213462219527e-05
1.399025448620568e-05
8.307731681869379e-07
-1.5547216349278636e-06
-1.6351849387888232e-06
3.3837432427255945e-08
4.497871088191943e-07
5.7429904296607495e-09
-5.789225442105999e-08
-2.0349814102048095e-08
1.3701807697181183e-08
1.0093208012669925e-08
-9.806744144761958e-09
8.252588740602518e-11
4.324800575579533e-09
-1.6215892021287546e-09
-1.3878274317534021e-09
8.029056615373663e-10
-1.1742314040891482e-10
-3.1040302823289213e-10
-2.7933665242046524e-11
-6.733168214679451e-11
1.9771883591942042e-10
-4.279555150098383e-10
4.739782048825691e-10
-5.089579377682641e-10
2.647538022787566e-10
-6.646062744202125e-10
1.8564258649740037e-10
-2.915359849005465e-10
3.893012972441621e-10
-3.540493301957389e-10
5.330270615470357e-10
-2.9611054760892695e-10
7.14262119253071e-10
-6.894577377937456e-10
8.774160028920429e-10
-8.86393608593875e-10
6.885346807585999e-10
-1.0220449719781736e-09
7.519831288885205e-10
-7.964027467417884e-10
5.343678212855832e-10
-6.079495557208917e-10
6.566649125693186e-10
-8.116137236785646e-10
5.859555930851895e-10
-9.575841233045428e-10
7.376859580212332e-10
-1.44481642599989e-09
5.767503592746471e-10
-7.725195861030883e-10
6.664070393645237e-10
-7.033307601165561e-10
5.49664175898916e-10
-3.626337055896589e-10
3.0551101497249514e-11
-2.6095282536481145e-10
