[0.0, 28.0]
-44.34728622901365
5.165123034403411
0.10622971959336074
-0.021729315220705037
0.0008127870825458863
-6.241157050107322e-05
1.3121095304741077e-05
8.962141007443504e-06
-5.088582076859382e-06
-4.278602359085907e-07
1.1223939924613063e-06
-1.2240720473467508e-07
-2.120533831715627e-07
6.983048476253076e-08
3.181354719302901e-08
-2.2835461471518748e-08
-2.7351923625863987e-09
6.182591388677595e-09
-1.198292438272911e-09
-1.1104808188234808e-09
-4.732945403623341e-11
2.1373041324556572e-10
-4.763790624378649e-10
3.6918978183333596e-10
-1.8241822173616068e-10
7.549818890676275e-11
-2.290924863890164e-10
-9.735529789324801e-12
1.1236921496340952e-10
2.5565817851656468e-11
5.008197714793709e-13
1.3712090836803886e-10
-2.1725831327967637e-10
-8.298227294038825e-11
-1.4391600995925532e-10
-8.022922432499512e-11
-6.9698600294866256e-12
-1.3740342786290554e-10
-1.8772122017016403e-10
-1.5149741545378793e-10
-5.180152865056362e-10
-2.1860644778553202e-10
-6.016518546584627e-10
-2.133113646680019e-10
9.10461140082421e-11
1.3059319367550615e-10
-7.241090419499046e-12
-2.065536318217223e-10
1.5294934477698773e-11
-3.8399269910702556e-10
1.0341133686112702e-10
-7.551772510861523e-10
2.302043287025762e-10
-2.270191761226009e-11
-1.678048234865717e-10
1.5959086832477215e-10
-2.5531827823526713e-10
-1.9300766718281298e-10
1.8244524246975657e-10
1.0113356404228757e-11
-1.439362244201842e-10
-3.1382413073041935e-10
-9.861875824421112e-11
6.33284386030103e-11
-9.715282999033838e-11
