[0.0, 30.0]
57.084326809987544
7.4786799078594965
0.04157631283620937
-0.001049185036255129
0.00015425514524611953
8.359054069412125e-05
-4.843088933655901e-05
-2.6235080348482037e-05
1.72111112840845e-05
6.5200993831480025e-06
-6.732055567440309e-06
-1.046968251485955e-06
2.5240530127799364e-06
-6.241702329688427e-08
-8.67678590167601e-07
1.6739211051423423e-07
2.70557455082481e-07
-1.0429232120674655e-07
-7.490306924394891e-08
4.897286695260013e-08
1.6986564913694114e-08
-1.953788487886185e-08
-2.2561765483741745e-09
7.30277849741083e-09
-5.300607188283728e-10
-2.107663582555682e-09
7.101291820697693e-10
6.280933990436113e-10
-3.726519034914628e-10
-4.4057848771921643e-10
-4.2367381749256953e-11
-1.4177556071676529e-14
-9.216247045162483e-12
-2.116981401751558e-11
-2.3149842663684399e-10
-1.8221987145890117e-10
6.954260337125056e-11
3.069839600036702e-10
-1.353236463550915e-10
-8.874045561193805e-11
-2.8876772244470795e-10
-2.8965668489488223e-10
-3.175987703252901e-10
-1.3784130626187136e-11
-3.8302125503744196e-10
-3.453046053974881e-10
-7.764992143734901e-10
-4.5484087050922536e-10
-1.9694765464507262e-10
-3.8939810514618097e-10
-8.779221570356964e-11
-5.611454361833563e-10
-4.663510813033296e-11
-3.483909567400571e-10
-3.941695071021579e-11
-6.424246129775245e-10
-1.4730272109585497e-10
-1.1580127423331071e-10
-2.595015608871548e-10
-2.6327641817041956e-10
-1.1864944633869476e-10
-3.079234869967772e-10
1.1049105624262597e-10
-6.132997134963878e-11
-8.034778674176722e-11
