[0.0, 31.0]
23.25782145238888
-0.09191520996790944
0.004360510880001366
0.0012570906614914287
-0.00012195239942722314
6.195778012833455e-05
-2.565226226408795e-06
-7.443973786774837e-06
1.073425759934098e-06
1.238250045958372e-06
-2.2418924221746152e-07
-2.5495912245289776e-07
4.08079574294221e-08
5.826360444944225e-08
-8.548422144889181e-09
-1.4084097980585588e-08
2.4403828914035663e-09
3.642203397523335e-09
-5.141378841827024e-10
-7.714588154999091e-10
3.933491730502396e-10
2.7752111657032417e-10
3.609860130840152e-10
1.8950534880175743e-10
-5.8077584332827315e-11
3.5762532968161933e-10
-3.946644453333441e-11
2.6602553545823852e-11
1.875859281075497e-13
-2.1243391154626532e-10
2.0129078530337313e-10
-5.037104659171091e-10
-1.4376727743712766e-10
-3.6423456372104406e-10
2.0776189211288417e-10
-2.4463463124522385e-10
-2.5670895818598725e-12
-3.8547298109381407e-10
5.86268076019753e-10
-3.274935037664504e-12
2.1670702230699732e-10
3.16764824378535e-10
9.683913827806287e-11
1.85336987225617e-11
1.58629338832402e-11
1.4118550258041305e-10
3.0715082515172304e-10
-2.8769525491844906e-11
2.770029985694838e-10
1.3326220244752364e-10
1.9799611345902663e-10
3.0079891534437567e-10
5.126845525135435e-10
1.5211076641481636e-10
5.216527450268509e-10
-2.5183963866965326e-10
1.2535802833741728e-10
-1.169818125175884e-10
-1.0372213325744875e-10
-5.179416455280168e-11
2.0909993797579805e-10
2.15154034573804e-10
2.0607970155448993e-10
1.7081186719715866e-10
4.0581016247716203e-10
