[0.0, 31.0]
311.0120821991521
5.282753002750547
0.013086776197052126
-0.0027365501231495586
4.453406459062151e-05
-6.858152305354637e-05
-4.25043641750387e-05
8.730224624284933e-06
2.1398097486755567e-05
-5.358674226673315e-06
-6.982067424989779e-06
3.491455944423269e-06
1.990777765212341e-06
-1.6504727652714701e-06
-4.6931076238158397e-07
6.644467112624098e-07
6.213248482828734e-08
-2.456237809010556e-07
1.240903274594986e-08
8.392747493192338e-08
-1.3024776111851073e-08
-2.5112670832013143e-08
5.513532586490671e-09
7.707589565537015e-09
-1.8445902148635381e-09
-1.2377116095156438e-09
-1.601149707613565e-10
4.0041281751618845e-10
-3.9575613379044733e-10
5.04541442654729e-10
3.8033018885190406e-10
5.208400414468087e-11
2.075901914899426e-10
-1.1074527248017998e-10
-2.9074415628217593e-10
-3.003128305288444e-10
-3.275641823115543e-10
-1.3885385180665645e-10
2.6374157129253275e-10
6.289530938890245e-10
-7.457346718010661e-11
5.81933606644256e-10
-1.2369462309117382e-11
2.2280856652068129e-10
-4.536662718137169e-10
-2.1245523683739146e-10
-8.40090649521411e-11
5.344785961540624e-10
-1.6620311890224324e-11
2.7996156028350065e-10
-2.0646598931145544e-10
3.133217359065915e-10
-6.011069644948256e-10
-2.0115416063174575e-10
-6.539239851217242e-10
-2.717657751590732e-10
-3.399350092282646e-10
7.993796001421853e-11
-2.1547205171097842e-10
5.059398506529384e-10
-6.970898493758692e-10
2.7973410964333547e-10
-5.869557189513187e-10
1.0652733308535141e-11
-3.852739634117831e-10
