[0.0, 31.0]
263.78404100626085
6.351482773448501
-0.017685004122306457
-0.0030155600330490848
4.124040573772499e-05
0.00010059814101414489
-1.1343542030183715e-05
-2.749336612284628e-05
-1.8676708673064942e-06
4.434421216770642e-06
2.4050346479456147e-06
7.076584047603133e-08
-4.2527822410318537e-07
-1.5362717635963945e-07
-7.738745870174332e-08
-8.240454376052609e-09
2.755580311160258e-08
2.2786237493432816e-08
-1.2616502376629274e-09
-4.909815621908673e-09
2.449709352359738e-09
-2.4929847758885236e-09
-2.8216474033792277e-09
1.5544219554037086e-09
9.44493405853548e-10
-1.0263527359184519e-09
-6.548416936976913e-10
4.647219210022735e-11
2.0236829529625704e-10
1.739711300042649e-11
-3.1429820804218875e-11
5.03526826906079e-11
-2.113190865975977e-10
5.827243077381989e-11
-5.882987448131026e-11
2.5736426265922868e-11
-2.5581359791756555e-10
-9.566672927974012e-11
1.231417076865195e-10
5.561239432005775e-11
-2.554906155286792e-10
-2.3484514275115607e-10
3.489812342290511e-10
1.5639780004786674e-10
-9.816363600980895e-11
7.095763014910404e-11
1.3177181538496323e-10
-1.4539398320194811e-10
-3.0689870487172754e-11
2.335558771875889e-10
-2.22686333052766e-11
-5.849875578090262e-12
-6.252304001787604e-11
7.98224400882355e-11
9.465650805407221e-11
-1.7369178510171867e-11
2.5005507434574283e-10
4.5856994949118537e-10
-1.4466621579679917e-10
-9.485050940494561e-11
2.414712142947446e-11
1.9570122111889644e-10
1.8275077985067506e-10
3.3958801470890926e-10
-1.084894026154717e-10
