[0.0, 31.0]
173.89993852646737
0.4733711469057758
0.4373929442845003
-0.01417198689692115
-0.0007409276272118344
0.00024266156918363813
-3.700056713539292e-05
1.3749072827826423e-05
1.5140718207582376e-05
-2.406059490101463e-06
-1.4098302223149887e-06
-1.5275413768112417e-06
-7.641184192110045e-07
4.99756316571222e-07
3.6873937801799656e-07
1.8999671409217435e-08
-6.421979158425285e-08
-5.063473552668903e-08
-1.0118571056580904e-08
1.361277543851083e-08
7.352654981218965e-09
-8.840985445691763e-11
-1.9864033136426294e-09
-1.7689695544956828e-09
1.9345770533939697e-10
2.9343263487135645e-10
-1.7816369440684435e-10
-1.5724293796147647e-11
-4.5985034463572636e-10
2.2230416585853323e-10
-6.721191101739191e-10
2.850016285253008e-11
-1.4457557541911468e-10
-5.485297903286966e-11
-4.4809377963244967e-10
3.600748355442672e-12
1.292564024006532e-10
4.9256975691819276e-11
-1.8227317744473934e-10
-9.673297359980467e-11
-3.3273915523566943e-10
-3.686705003958224e-11
3.8287625679375086e-11
-2.0218894930052297e-10
-2.087172738927715e-10
8.276940039203018e-11
-1.6336922073692413e-10
9.710889342564269e-11
-1.1915318180192699e-10
-1.3482382744030886e-10
-1.9800916609386566e-10
-3.462133260435407e-10
1.9249251576444864e-10
-3.292300916407092e-10
8.070811981832376e-11
-7.140565255286767e-11
-3.1680501966365834e-10
-5.346659959695343e-10
-2.6289075061380233e-10
1.3138455081547915e-10
-5.055664077639859e-10
-1.0478026336708998e-10
-4.2874945108460803e-10
-3.0768166539743714e-11
-5.982882238810165e-10
