[0.0, 31.0]
322.75116205381227
4.955906338212279
0.04454986452571622
-0.0032978148363768745
0.00019927968119955576
1.149423445555878e-05
-8.410967453270425e-06
-3.338645411460509e-05
5.927759587745188e-07
3.0660901310072333e-06
-3.4886593369582115e-07
1.257896716622733e-06
-3.4214982303071455e-07
-1.8849761086011266e-08
1.7226868477016136e-07
-1.2205255509334564e-07
-1.0278053754038142e-09
9.570297521590615e-09
-1.0221453390509737e-08
1.0429860259292798e-08
-3.32628257608263e-09
-3.476347076926525e-09
4.232939315284343e-09
-2.060615708269226e-10
-2.1240120093210655e-09
-1.0882807779601592e-10
8.510430374358496e-11
-1.6482205447627262e-10
-4.735862278913363e-10
-1.7397816537888377e-10
-1.0219471126138665e-10
3.67778467907703e-11
-2.770066399500997e-10
1.9268904107641248e-10
-5.529154519002128e-10
3.226777010749798e-10
5.112687086750037e-12
1.935474275702904e-10
-4.804254759918268e-10
1.1836826932982095e-10
-2.555398905520217e-10
2.2254627913019412e-10
2.2379828802785643e-11
-4.742334181829119e-11
-2.469974743622549e-10
1.1029782971847431e-10
-3.8230461694009195e-10
2.0479419562727153e-10
-2.932851194956634e-10
1.8181586147793442e-10
-4.5292408651514773e-10
5.376622634263894e-11
-7.393450074112531e-11
-1.0490562307868027e-10
1.6799300754655206e-10
-4.237014808593647e-11
1.973651621836375e-10
1.8327969338575075e-10
-1.618175867157559e-10
2.837298691213766e-11
1.2274799409494085e-10
4.759189419226276e-10
-4.6011087735647673e-10
-4.315719241798848e-11
-7.06170089190098e-11
