[0.0, 31.0]
-10.40461487215367
-1.7966907670364691
0.11964101769728142
0.001515709335225029
-0.001050211807833771
2.1097310239974374e-05
1.5802633933896732e-05
1.2545901113632414e-06
3.78626757118766e-07
-3.179937470634203e-07
-1.348514405021097e-07
5.9569082556844597e-08
1.0253758868954763e-09
-5.118774928162555e-09
-9.07179432719876e-10
3.04911135211648e-10
7.371669809358223e-10
-8.944555426838315e-11
-4.3938195570206837e-10
-8.9453583409664e-11
-3.476872800108716e-11
4.315700759234346e-12
-2.497569186090657e-10
3.7269656525260107e-10
-1.7103200854910992e-10
2.7415687342434827e-10
4.0412684815829737e-10
-2.826891982375174e-10
-3.873914198663703e-11
-1.6839462867110475e-10
2.4480821476718486e-10
-1.6646441945401262e-10
2.1791081576234174e-10
1.3555659501631133e-10
-1.9771414833447599e-10
-1.805487892368332e-10
3.234187375316321e-10
-9.70549561386622e-11
1.8447864586983982e-10
-1.551442696479174e-10
2.4200871230325026e-10
-2.204012839066071e-10
5.698101055240422e-11
-1.2578565387457023e-10
-2.452859041509229e-11
-2.175962852393946e-10
-3.103068213803423e-11
-1.5939805285519968e-10
6.827187109343751e-11
-1.2903734611975764e-10
9.609783171861943e-11
1.428376228775908e-10
-1.828203216133469e-10
1.1049333526035974e-10
-2.914189425008579e-10
2.0257661189275704e-10
-3.591479261015598e-10
3.377631046602231e-10
-8.147876182632889e-11
2.393293100971421e-10
-3.7329492513393815e-10
3.8221597636286873e-10
-1.4630486235641184e-10
7.013062160463219e-11
2.0262886346766765e-10
