[0.0, 30.0]
97.62494353503749
8.958032560994736
-0.005804241892419631
-0.0023462918699772017
0.00012708518790716065
-2.9984628397165774e-05
2.5230597904790752e-05
-1.4974712938333123e-05
-7.190737945838286e-06
6.738567203885262e-07
-2.302801442151723e-07
8.788590720740746e-07
6.205636191777148e-08
-7.641608781929566e-08
8.076802759571976e-08
-1.0421166999038875e-08
5.341780409453824e-09
1.1394066248862387e-08
9.562390528788347e-09
1.4503755639769674e-08
1.2496433532245322e-08
1.2092609255042498e-08
1.1951925854096402e-08
1.175156970977448e-08
1.133739985338554e-08
1.149021375518265e-08
1.1442303242972054e-08
1.140440748818289e-08
1.1271910388875097e-08
1.1328864458740305e-08
1.119957245418479e-08
1.1095914433418029e-08
1.145336867506433e-08
1.1114408309791013e-08
1.1278469945059846e-08
1.078066272817412e-08
1.0659798594834017e-08
1.0442693722292631e-08
1.0726404408045831e-08
1.0292466799195157e-08
1.006218928896479e-08
9.92424445655338e-09
9.519017074103792e-09
9.91282352761029e-09
9.293379328827288e-09
9.456504249768009e-09
9.219429092278223e-09
9.27821449933662e-09
8.805667816152119e-09
8.421618298824747e-09
8.589458925474546e-09
7.820370849354855e-09
7.762026640500532e-09
7.136040644813157e-09
7.52919942861022e-09
6.530165437526001e-09
6.528188967029687e-09
6.150841573092119e-09
6.270585079405741e-09
5.378185730182852e-09
5.3543957331394724e-09
4.09084802840549e-09
4.4396123360761085e-09
2.8528664417805168e-09
2.9334656343477043e-09
