[0.0, 31.0]
38.51437110340163
-2.087041304298953
0.0057073581395155745
0.007176254151513062
-0.0005964078047125976
9.307981902635799e-05
-1.2016803094118061e-06
-8.560921244614317e-06
-1.0613373515977319e-06
1.2473341768920163e-06
2.3873524213334827e-07
-2.1995453155629707e-07
-2.8676299571091693e-08
4.4216960795493764e-08
4.385375309840484e-09
-1.0598963548654968e-08
-1.1381784280969448e-09
2.583345504931517e-09
3.570309473207445e-10
-5.407706093561987e-10
-1.9156047900868243e-10
8.388218629297716e-11
-6.177751710395888e-11
-1.4224441405612637e-10
1.979957166928762e-10
-3.673481332264054e-11
2.1732352676998793e-10
1.2946643565005714e-10
1.0377951018895518e-10
-4.0179787933084233e-10
5.723479748300587e-11
-4.441842487507625e-10
-5.6532173127596834e-11
-4.0650544369868913e-10
1.3623466259178938e-10
-5.505859923073998e-10
8.530079974493164e-11
-4.4922313649220237e-10
2.908057272991225e-11
-4.1367552318266996e-10
-9.768407144366252e-11
-5.130311367397282e-10
-3.0479679647815807e-10
-3.918236292046893e-10
-7.369216769286064e-11
-4.9752647105451e-10
-5.299911978035017e-11
-5.452512862419811e-10
3.476147782213084e-11
-3.4385897299570583e-10
1.4489213001727298e-10
-3.8286194367667743e-10
1.3367853816635237e-10
-3.657049639788751e-10
-4.069674333080738e-11
-3.3916804229681337e-10
-2.3400189684439205e-10
-3.4593926680025684e-10
6.8446630648071075e-12
-3.307217059050598e-10
-1.4819285588770126e-10
-1.63123235200274e-10
6.914663125580722e-11
1.0802497928905997e-10
-9.618494108338699e-11
