[0.0, 31.0]
1.687369303258187
-1.475969298777202
0.04420381085478199
-0.0020302014077575796
-1.7866444792883367e-05
1.8824864661033897e-06
1.7837689271991288e-06
7.705763305154906e-07
-6.904556095109556e-10
-1.3486992915533438e-07
-6.573216533787599e-08
2.455547950176847e-09
1.677524116568502e-08
6.835295531985829e-09
-1.5279582828414075e-09
-2.2389759287936017e-09
-1.0568748308238923e-09
3.779770098478449e-10
-1.6445650255580825e-10
4.369520300579129e-10
-1.5683995959337094e-11
4.650345288740326e-10
-3.693142894106156e-10
2.317791141009344e-10
-2.7872997475698697e-10
1.1427059776841182e-11
-1.537744645342715e-10
2.512429220350119e-10
-4.374693656327485e-11
-1.2600261292680316e-10
-1.1252991635335424e-10
5.523442699247909e-10
-4.681917097166096e-10
3.644106473755133e-10
-4.854605234196623e-10
1.1154569660356074e-10
-1.3409746245341823e-10
1.4934161900772332e-10
-1.290959028653547e-10
-1.5776875800831043e-10
-4.790262357314647e-10
-1.019113546509077e-10
-1.9881717558921305e-10
-2.1647977772259655e-10
-2.6656305337257666e-10
2.0762067781472826e-10
6.890494363115051e-11
-8.554716316514413e-11
-8.292974905539909e-11
7.412918978959051e-11
-1.0979285476063189e-10
4.257942994000141e-10
-1.2102763182331132e-10
5.037326558132207e-10
-1.7348451517492611e-10
-5.0308662950087124e-12
5.2832428455555304e-11
1.3298401601277772e-10
-6.174464994352372e-11
5.346652952389107e-11
-1.0263230505400157e-10
3.574596852507569e-11
-2.3598332722802444e-10
2.631290885555154e-10
-1.800652303928523e-10
