[0.0, 31.0]
-25.480062539886443
0.38646565191665333
-0.016465416054471972
-0.0015641886819977324
0.00012064643016445959
-1.3511548505276243e-05
9.252261941954891e-06
1.8594264400071078e-06
7.70163347760891e-07
-2.687435834422117e-07
-3.2556627987608964e-07
-7.540205262915165e-08
3.640689526115938e-08
3.039615375714569e-08
6.9375050743697476e-09
-2.7509986455531933e-09
-3.0912957351491063e-09
-1.1216647995988866e-09
5.853034014552035e-10
2.138921344591691e-10
9.65373541906794e-11
1.7180241759875847e-10
4.0024873151513015e-10
-1.3503575350061659e-10
2.1510193414928933e-10
-1.1344457106655805e-10
5.882264287959983e-10
2.0932745489031285e-10
5.123637574952946e-10
-1.2165798379720294e-10
3.839377624989081e-10
-1.4192432756524763e-10
3.673880990956493e-10
5.600447525142822e-10
-1.892621091085681e-10
1.8183296124045988e-10
1.799609735385415e-10
1.5534157702077356e-10
-1.2478214945805147e-10
1.5380747257690068e-10
6.213291915871317e-10
3.6508422438131326e-10
6.841549208404774e-10
1.8097697683999704e-10
3.200844617247374e-10
-2.1447111778757428e-10
1.0042810493653849e-10
-2.316139374983966e-10
3.149877959079519e-10
-1.864721609059341e-10
-5.169162057715837e-11
-4.3389702304753715e-10
3.474004483001807e-10
-3.569038558753109e-10
5.399983075930681e-10
2.367923776701345e-11
9.61571616950928e-11
9.130325037479588e-11
-1.648923440185667e-10
1.0404008391347606e-10
2.9153163441770126e-10
8.968749707292963e-11
1.8996774383059287e-10
2.0350333538407737e-10
4.1095758639327277e-10
