[0.0, 30.0]
32.882443774059226
-1.7081685847229833
0.05863161141338343
-0.0002220593217803896
-0.00013729882519000465
2.85586044728772e-05
5.276804221039423e-06
3.706588152677062e-07
2.2191760584764978e-07
-5.685011072764555e-07
-7.243525662465265e-08
8.276057600615559e-08
1.0258132278995604e-08
-5.237022980568898e-10
-1.3274216783515115e-09
-2.4839350903459532e-09
1.1494103125396221e-09
1.441200236440852e-10
6.081009615618378e-10
-5.454820454297083e-10
6.487189421140848e-10
-8.438506081327969e-10
3.994531275213145e-10
-4.6141314431446095e-10
5.41350282546838e-10
-4.6450480460623747e-10
1.7940407469005e-10
-4.663038528538123e-10
3.839953606354369e-10
-4.046727894590828e-10
9.42967001526618e-10
-5.561186055090843e-10
5.844123179374643e-10
-5.360089517444387e-10
3.8980479159277264e-10
-6.73425065351398e-10
4.6525304272374525e-10
-4.182161976317402e-10
1.557994758757932e-10
-3.6271178892127613e-10
3.2402855649875815e-10
-4.319513122348026e-10
5.75463974063057e-10
-2.799161685410228e-10
3.736723900632437e-10
-3.4095926416744945e-10
1.0409162231634558e-10
-1.2488667283164975e-10
-1.9677051444488354e-10
-1.7921513606111354e-10
-8.203421412115765e-12
-4.088040353130505e-10
-7.365839209354228e-11
8.741268478644743e-12
5.2026725689868834e-11
-1.3179260475703316e-10
1.7214978787533838e-10
-3.7395020857886315e-11
1.1559557320272567e-10
-5.371650181125283e-11
-3.984042810355478e-11
-4.298876181577848e-11
1.5412931613096576e-10
-1.2731537028575354e-11
1.3808174365274846e-11
