[0.0, 30.0]
234.16204357515738
-2.2569903676431866
-0.29771575764099845
0.020522404949841967
0.0024846325084556115
0.00010992177947257146
-6.517022138349209e-05
-3.170971706546334e-05
1.793285479729582e-07
3.953825878504585e-06
3.1111398851763145e-06
7.8709945456073e-07
-9.04102304594226e-07
-5.580394904124109e-07
1.0378526728087452e-08
1.2446100593205103e-07
6.712785515753608e-08
4.496289014813251e-09
-1.9970106735107278e-08
-1.0304801309401088e-08
7.240772148433081e-11
3.6801033688244312e-09
1.5982526667882548e-09
8.420712288858307e-10
-6.978721014457409e-10
1.5420621534598147e-10
1.8816751977779147e-10
6.120423029645886e-10
-3.748636950137973e-10
-1.5068755544594143e-10
-3.418122424348133e-10
3.420580498889041e-10
-3.4553424749838363e-10
1.7546788585941093e-10
-3.3604562591727826e-10
-1.0542609933485633e-10
-5.067736425547455e-10
2.9688603642505623e-10
1.3331448905018944e-10
2.3460451607733306e-10
-1.2553681562773299e-10
7.280370386416585e-10
1.7480943939486406e-10
6.358212281304204e-10
1.5038045646015159e-10
5.091728245835946e-10
5.866174321629366e-10
5.013012890772458e-10
7.170003760857922e-10
2.619557192365386e-10
3.581950210224939e-10
5.394400952183929e-10
3.595612940909192e-10
6.227079810677091e-11
2.1953630471420768e-10
1.4551243267340717e-10
-1.509560065155647e-10
2.9014237288813224e-10
4.795970871023789e-10
-3.569448128063588e-10
1.5119361605264207e-10
1.331015189834851e-10
2.6284372797819136e-10
1.1687815576043597e-10
-2.352490207891577e-10
