[0.0, 31.0]
4.207974815826831
0.41430827669400677
0.004529537171481646
0.00028258897437010566
-2.040246890767523e-05
4.74828573737967e-06
2.827108651004178e-06
4.469040777091547e-07
-1.2866295003186215e-07
-2.645237213007475e-07
-4.075775399369523e-08
7.584208123114542e-08
2.371689805045404e-08
-2.595896206596444e-08
-7.991953760286342e-09
9.670551304900142e-09
2.55774437289214e-09
-3.946472808982432e-09
-5.597948673842907e-10
1.3957985230592205e-09
3.329448970204197e-10
-3.1948120933027547e-10
-7.901562899396187e-11
5.628693831417467e-12
-6.949059239024594e-12
-2.190704538013063e-10
-1.7804903772262372e-10
-2.2865120816293812e-10
9.78049431200411e-11
-4.357292860512217e-10
4.0645180239486203e-10
-3.1917917248620497e-10
8.28184613958468e-11
-1.5516425539449116e-10
2.2158151847911052e-10
-3.566793061285312e-10
-1.1790480891030088e-10
-4.1547482994804155e-10
-2.2120666850272307e-10
-3.586239853201521e-10
-1.8396152195532373e-10
-1.851290934966837e-10
5.980677689945077e-11
-1.2076789645892548e-10
-1.094254764446187e-10
-1.2495307937538241e-11
-3.619183004298866e-10
2.657437834077701e-11
-1.316771691794287e-10
-3.9692183410452846e-10
-6.01850660815204e-11
-4.287571249804036e-10
1.4450578053692657e-10
-7.634608900063121e-11
3.0458432102596215e-10
-2.5290937340208156e-10
-1.541549095621438e-10
-1.3658899848042032e-10
-8.063160909268002e-11
-1.1391751173097658e-10
-1.9644796820776967e-10
-1.5736449380761186e-10
1.2649124073318755e-10
1.0346136892179049e-10
3.141694122250571e-11
