[0.0, 30.0]
-6.846361209772079
0.04692380495075612
-0.007088417673693815
-9.349132686717204e-05
2.3557049459941505e-06
-1.8086396264716582e-05
1.4928405397159247e-08
2.3937008504934348e-06
5.227928041869309e-07
-3.93174646889097e-07
-1.90257068787598e-07
6.517825945366462e-08
5.5400693895007834e-08
-6.749730057821406e-09
-1.4472326849417478e-08
-7.858220481161401e-10
3.6169410192534936e-09
8.576618457739318e-10
-5.653612411863732e-10
-1.1811375818696226e-10
2.4619090004547475e-10
-4.483920820173464e-11
1.3564781035946665e-10
-2.1734962143145233e-10
4.380516880151879e-10
-1.7767993331203045e-10
3.63651046265919e-10
-1.365583439316198e-10
2.489011073020026e-10
-2.873177642685e-11
2.682819770218443e-10
-4.275877394326384e-10
3.6058131291186767e-10
1.776051488217838e-11
1.3555600825417926e-10
2.1004227285692486e-10
2.381394276046601e-10
2.2004028692932816e-10
2.053801026194306e-10
3.4100221750048676e-10
2.472448574941484e-10
2.725390934344973e-10
-1.6209533852134826e-10
4.869822248114115e-10
-2.900967934505042e-10
4.2952642070392725e-11
4.926519017301946e-11
2.110893367598354e-10
7.337411882769717e-11
-6.379475494413543e-11
2.9524271444482497e-10
9.440341815908953e-11
-1.0673011143829006e-10
3.710822105174413e-11
-1.173277217823745e-10
-2.041842979222289e-10
7.7330620238648e-11
-4.273291370377758e-11
1.5846199700950526e-10
-1.0195163722724164e-10
2.2096683964959114e-10
1.3951693650509808e-10
2.8718739473732264e-11
-1.836222341103337e-11
8.230912048130939e-11
