[0.0, 31.0]
-12.783642401758726
-1.07910135843529
-0.009526193337837791
0.003424217703081186
0.0003509051689994227
2.7634391997867468e-05
-5.935551068276119e-07
-8.940745208897258e-07
-5.141637794975696e-07
-1.7948350157635757e-07
-2.500291031373657e-09
3.128799247911985e-08
2.3250211111952746e-08
3.069133077374246e-09
-2.3793466282509863e-09
-1.925027683886784e-09
-6.416318223555088e-10
-4.3634223734185176e-10
9.479342402291329e-11
-2.8535128091511355e-10
-1.3324331978492035e-10
-4.08102163747835e-10
1.2115150496376665e-10
-3.5874979828346035e-10
1.7154514934427622e-10
-2.2264737805894344e-10
1.5524733058660242e-10
-3.694201188280373e-10
2.189435871780828e-10
-1.2602977345510205e-10
1.2151223607876437e-10
-2.127101255460837e-10
-8.424902820244055e-12
1.5690296143306552e-10
4.643412343190822e-10
-1.8444179996979288e-10
3.481967010570316e-10
-1.3790200125885154e-10
4.5843438369636055e-11
-5.177320448864962e-11
1.698035616046148e-10
-3.205704449076908e-11
3.060602444870611e-10
-6.816258852480079e-11
4.243240625919143e-10
-2.8576796367192587e-11
1.3485220610907674e-10
2.3192128065049421e-10
3.365114414765576e-10
4.650138399036502e-10
1.8206584379321092e-10
-2.3251082613848268e-10
1.923122111464659e-10
-3.813954896956051e-10
5.992642166372785e-10
1.5644689683554742e-10
4.979404047089965e-10
1.5817004011762785e-10
3.433507366074832e-10
-1.7883227535976594e-10
7.712870583733665e-11
-1.4636733154341364e-10
-1.55564082659615e-10
1.4848040491803404e-10
1.3362420167750847e-10
