[0.0, 31.0]
249.47624326650748
1.8934258268869104
-0.3407082689236993
-0.00908441584753257
7.78031752833519e-05
-4.074170810545436e-05
-2.2172521398994662e-05
-1.1685784398653446e-05
1.4679321355640043e-05
9.466739774920132e-06
3.467710777186921e-07
-2.7004030911101248e-06
-1.8170932762207473e-06
1.6417158076133805e-07
7.39365775250228e-07
2.4339943524100606e-07
-1.3955572935799816e-07
-1.4013337423623652e-07
-1.4521240881298256e-08
4.446687978559794e-08
2.2996141235658772e-08
-9.861397211751785e-09
-1.0024529875091919e-08
1.0767741677672327e-09
3.2479987884927844e-09
-3.1050474997899057e-10
-6.962424286735343e-10
-3.118359005863862e-10
5.948716931287528e-10
-3.8439288806791744e-10
3.583087658279396e-10
-2.6261825601279064e-10
1.0727662977543673e-10
-5.805954567254055e-10
4.170870351308379e-10
-5.242069895368635e-10
3.876140397422843e-10
-4.862960678521155e-10
4.5201461644812375e-10
-2.0651276984343118e-10
2.418015289039454e-10
-1.2493255466642425e-10
4.3756623334747827e-10
-2.1978059851712156e-10
2.2873809367110761e-10
-1.1948031145158953e-10
6.63449746607851e-11
-4.809842782413984e-10
2.6327178922758616e-10
1.205785967771267e-11
2.355735730836876e-10
-2.6088253571679135e-10
3.560453555823919e-10
-7.489785214080612e-11
-4.826508811358732e-11
-1.0725705713335995e-10
-1.3443842808360616e-11
-4.967115286402549e-11
-6.86006324755781e-11
-7.707061884075516e-11
-3.2199660785711084e-10
-1.9603903819728537e-10
-2.935013187210961e-10
-3.092137870241728e-10
-2.1804358879251113e-10
