[0.0, 30.0]
277.61346948027324
1.770935197370336
0.27690818880921075
-0.007667350873347801
-0.0002511368852489775
-6.326738526515996e-05
-3.327424387145574e-05
9.885848079182138e-06
1.962521518464165e-05
3.5184442776288687e-06
-4.269548158493231e-06
-2.958422483778607e-06
2.7211462374054344e-07
1.1059430782046807e-06
2.648813569541191e-07
-2.55578252035243e-07
-1.726434217013468e-07
2.126210180790921e-08
6.744928798738488e-08
1.4208549341299567e-08
-2.1029034523397282e-08
-8.440137724022894e-09
4.817352695417013e-09
3.351930538716081e-09
-9.989652218727368e-10
-2.034957194728262e-10
4.442253720576481e-12
7.282401022598717e-10
2.1332504481832406e-11
2.546504079814262e-10
-2.2690949256271772e-10
1.9676845731920273e-10
-1.1394546447666655e-10
5.739342993010694e-10
-2.899714661949525e-10
7.087277124720261e-10
-3.925393068115704e-10
3.048654505316771e-10
-2.683301742103929e-10
6.423532976395454e-10
-2.724637344294542e-10
5.476282626010185e-10
-1.1041705136201476e-10
3.6821266399129274e-10
-5.196039829321001e-10
3.6298683324000307e-10
-5.634400729033182e-10
5.854144463392522e-11
-3.0451170955153424e-10
1.5198959673052764e-10
-3.6028054157951446e-10
4.51210306879944e-10
-8.728432727887012e-11
-2.0320104807704946e-10
-3.634253332322892e-10
-3.574234578318073e-10
-2.2036161859747844e-10
-3.7903009074808247e-10
-1.8248412954530328e-10
-3.4879986719397027e-10
2.5632007367821803e-10
-5.031794983877713e-10
1.2799799930427318e-10
-2.6567557931461357e-10
-1.211657534540635e-10
