[0.0, 31.0]
252.19140816303334
2.195105241213537
-0.3223799907069164
-0.009392968568499754
-7.30136802066506e-05
-4.7594465756515257e-05
3.322747237215044e-06
-1.8748701082661886e-06
1.1131282415332477e-05
6.6439063033621825e-06
-3.28967092596869e-06
-3.4536973781243293e-06
2.624239618920036e-07
1.3382515374349205e-06
2.960664190627102e-07
-4.108927580383447e-07
-2.2209501958513192e-07
9.073868605731397e-08
1.038345770909635e-07
-5.443824999313403e-09
-3.7528103659041376e-08
-7.875135697224847e-09
1.1548713605674513e-08
5.363577418497205e-09
-2.512070236104739e-09
-2.721781803713129e-09
7.648562281270717e-10
8.676420518645877e-10
2.1720070870392375e-10
-7.32426427169644e-11
2.3193192470527473e-10
3.7186216726383636e-11
3.358046605219968e-10
3.413251765673587e-10
3.9774472071735414e-10
1.789804288290538e-10
2.505890292569254e-10
3.190427491642623e-10
2.1609091090297566e-10
-7.139489146800921e-10
2.0211591975665113e-10
-1.1690682650213268e-10
3.665814207599393e-10
-2.2750803878349735e-10
-1.2574576166465354e-10
-7.104600446391384e-10
-5.097111106834441e-10
-4.495361357888559e-10
8.535524288545902e-11
-2.1235153763528898e-10
-3.242484953262739e-10
-6.947955817262801e-11
-1.6342513791889716e-10
-2.0419932832553833e-10
-6.110740810167422e-11
-2.4071155486577815e-10
-4.6506746578820444e-10
1.4705167157657137e-11
4.9076929513369295e-11
-1.3549991536717364e-10
-3.145900327257556e-11
-2.0888901028596942e-10
1.2998524148651364e-10
-1.8621484485408073e-10
6.817468421588194e-11
