[0.0, 31.0]
253.99633681950903
-2.9213281623174194
-0.208892003646745
0.03021692504352951
0.0015388007929002553
1.9260104593576105e-05
4.785664195610256e-05
-1.256845566410928e-05
-9.103621250099823e-06
3.1049050363570415e-06
-9.966432078214933e-07
-8.147936332279382e-07
3.720413268557245e-07
-7.676104486490619e-08
8.957386508181015e-08
4.392144628919664e-08
-4.1244359777964895e-08
1.1581236244057614e-08
6.061096482589324e-10
-5.05427957435588e-09
1.503796525500387e-09
-2.0264678958134747e-10
-5.45557948304441e-10
7.024463410513725e-10
-3.3716122042373496e-10
-9.497358623043334e-12
-1.2882271770343366e-10
3.034439267858147e-10
-1.1802346085357613e-10
-2.091473340838563e-11
-3.5302079513348044e-10
-1.1219060352778075e-10
-1.1301045526385517e-10
-2.6580938970342195e-10
-2.504875306830746e-10
1.306857787859352e-10
2.7517339092821803e-10
5.4119741241513224e-11
2.2821240803461084e-10
-1.559907832869427e-10
2.4343835385887617e-10
1.6987999268297663e-11
6.724849946499018e-12
-9.991908562918622e-11
-2.7387301726104025e-10
1.055548661455085e-10
-3.566897074446998e-10
-3.1706469824015287e-10
2.512093903143599e-10
3.446007393494004e-10
-6.489906781028023e-11
-2.628691362744507e-10
9.308379288322189e-11
2.9920901695885685e-10
-9.133175177432289e-11
-4.219873530458412e-11
5.1165489589885064e-11
2.893506259413433e-10
1.0434969783865787e-10
-2.9059494178262924e-10
1.0081710463235047e-10
-1.5671435808367303e-10
1.5012275051252433e-10
-8.116844045397743e-11
3.321742325999014e-10
