[0.0, 29.0]
2.7385115174291244
-0.3371028872564828
-0.007555684923501966
-0.0005339032926050411
-3.083530591118168e-05
1.3164048620426972e-07
2.2280085970077036e-06
3.00988871224981e-07
-2.099292421289563e-07
-6.180564251598389e-08
2.1372098429461565e-08
4.382030452213444e-09
-3.5713186419704023e-09
4.0036151891038636e-10
9.149695053358896e-10
1.1504044066169518e-10
-4.575396762018523e-10
1.9231156477159588e-11
-2.3140087973982284e-10
-1.9098202325049107e-11
-3.3582431622724975e-10
1.088395709672158e-10
-1.4762952737421106e-10
3.007440004533078e-10
-5.079486803300362e-10
-7.95048437617492e-12
2.2951157127553771e-10
-1.0473338729805542e-11
2.273059341842815e-10
4.646868001585083e-11
-4.6826542013509917e-11
1.7940182751736086e-10
-2.7029117874236595e-11
1.5246795096229603e-10
-1.0763172719429458e-10
1.4176882340285962e-10
1.1588977189140776e-11
3.57497980975394e-10
3.542315409643332e-11
7.39780130099517e-11
-4.915713133734329e-11
-3.0160638786492297e-10
-1.5409489676267135e-10
-3.0899759666966433e-10
-1.2357881169361842e-10
-1.3643825105227567e-10
4.780266926362167e-11
2.541619798312854e-10
-1.2311326541967323e-10
6.79215686508715e-11
-2.693456215427521e-10
6.8001063336591796e-12
-2.0544301015623698e-10
7.397602321104515e-12
-4.347537671897748e-11
1.1831721393789357e-10
-7.488652223685042e-11
-1.610845015888968e-10
-2.864383817867985e-10
3.0291157756463606e-11
-2.753857702576567e-11
-2.0675476877967457e-10
9.146603854448166e-11
-1.0272620770275228e-10
-4.1108009471923314e-10
