[0.0, 31.0]
5.687862300776591
1.254410365722767
-0.021077340541481287
-0.008075201180599914
-0.00027369564377416474
7.084905818890409e-05
1.4929743801523381e-05
9.370622196194806e-07
-2.0570978231349217e-07
-5.895142342454637e-07
-2.5028385067903283e-07
4.626552155422634e-08
6.306438315704937e-08
1.587920964470321e-08
-3.581180726765111e-09
-6.186010529222188e-09
-2.3960936470998167e-09
1.1628495865356068e-10
6.483347891972772e-10
-3.908093807050082e-11
-1.895443308237537e-10
-5.728821057380376e-10
-1.644164666640483e-10
-4.5701524576739335e-10
-7.40276026074402e-11
-2.54173987293384e-10
-1.9075531309771177e-10
-5.662852588303127e-10
-7.68585345778528e-11
-3.620157734702983e-10
-2.0057580434715214e-10
1.9412671677710027e-11
-2.9490094622986217e-10
-2.5992335807269703e-10
-8.595183682359842e-12
1.4450335860214318e-10
-1.5625754102980258e-10
-9.989263880918885e-11
6.28690072766962e-11
-6.023705370634645e-11
-8.910579404503245e-11
-2.1598673597140891e-10
1.7278284101876917e-10
-2.6504096038773676e-10
3.184529385501884e-10
-3.2936113143743e-10
3.223693624461518e-10
2.3888550390226335e-11
5.477130936013063e-10
-3.3339602913906546e-10
4.996362889072702e-10
-2.716916714784527e-10
6.309962479334555e-11
-2.3149801794064613e-10
6.596906454039488e-11
-4.453872576858266e-10
-1.1258481306387112e-10
-5.092503792871612e-10
2.2539950985155764e-10
-2.718476066111889e-10
1.2491523857468192e-11
-1.3536726585251042e-10
2.0402636547892884e-10
-4.6454232540892185e-10
-4.107387845005181e-11
