[0.0, 31.0]
-1.3014026486164836
0.4721859402130728
-0.0035630003285383495
0.0004621353812103145
1.5565184700826282e-06
-4.333925551701096e-06
-1.5276419251483586e-06
-8.763088709148303e-08
1.0470118487268519e-07
8.692305004014728e-08
1.1351554759210938e-08
-1.8075536228726507e-08
-1.3087295163223146e-08
-2.813828489036089e-09
1.3780296988995904e-09
9.062328250117214e-10
2.65628301641093e-10
-3.4934425201115376e-10
1.1064125643453303e-10
-1.7926527563415898e-10
2.4555049238223995e-10
1.577780959712307e-10
-3.6474721102305054e-11
1.4212199904861273e-10
-5.4412580088409425e-11
1.4731589158756823e-10
-2.5085113684799605e-10
-7.940253187699268e-11
-4.4226542633857076e-10
-9.523747980060088e-11
-2.4689893420682546e-10
-3.4875209923575884e-10
-6.625317569372083e-10
-3.674607234856741e-10
-3.194859887627448e-10
-6.814021838969081e-10
-6.946960460312309e-10
-4.2770104071580375e-10
-7.79659705810886e-10
-4.690315412673746e-10
-6.423165524552687e-10
-2.11778258874253e-10
-3.704018242333291e-10
-4.376120778128104e-10
-5.579796890808267e-10
-3.6678718661158353e-10
-3.0746033983050527e-10
-2.9430760051850105e-10
-1.3045707696719417e-10
-1.1741019456830325e-10
1.5604868162973728e-10
2.2745381852986578e-11
-9.599582423253078e-11
4.850298851189152e-11
-2.1496020174528236e-11
2.3118685050868333e-10
-3.151500869574501e-10
1.3185200756130756e-10
3.2887142580989755e-11
2.0258532152473216e-10
-9.15685048630833e-11
3.2069711943037735e-10
-1.11194876359921e-10
-1.4919912314742334e-10
2.190159148213074e-14
