[0.0, 31.0]
195.29640346145715
5.332350209881948
-0.16048143049148303
-0.007996884698423001
-4.0665822437852005e-05
7.552711898593959e-05
8.092895513272235e-06
-1.6057064796945172e-05
-7.271652936652682e-06
6.084708023597831e-06
-3.3323172100848623e-07
-1.7617049759161612e-06
5.302073165227672e-07
2.0793323996557701e-07
-9.296739352074238e-08
4.818432071486497e-09
-1.1467845395415124e-08
1.031687203699542e-09
1.0827301645488346e-08
5.591382585239744e-10
-3.042958790302193e-09
-3.0013734231314852e-09
-5.33830236679851e-11
1.470685912094172e-09
-2.048020867888259e-11
-7.386225479101546e-10
-3.578231838315157e-10
-4.720231224024681e-11
-3.802354089262652e-10
-3.0660188836427174e-10
-6.67055247186217e-10
-1.387221619790827e-10
-4.0958456694545504e-10
-4.4851852715521436e-11
-2.839544620241256e-10
-1.4480689065308584e-10
1.18189226104549e-11
1.2847277227286266e-11
4.603643781435322e-11
-1.940473686911942e-10
2.5181610664513954e-10
-1.0478592423240467e-10
-1.3862922160026705e-11
3.61395941363473e-10
7.343837625597776e-11
4.2705499565260074e-10
1.5458552221093953e-10
-2.127336275508438e-11
1.186989802512709e-10
1.3944976776128836e-10
-8.94772832527784e-11
2.8418089294249336e-11
-1.933911851806407e-10
2.3957368481995743e-10
-9.247345515026713e-11
-9.313928168062515e-13
-1.6240622216828952e-10
9.112374308922089e-11
-3.40866256229067e-11
1.8509989316003486e-10
-5.7334574466857547e-11
4.178976800979278e-10
3.630102425306075e-11
7.774848175947347e-11
-9.694914254252897e-12
