[0.0, 30.0]
78.83294137662926
6.279976325499322
-0.00014490709132483943
-0.0015516424787875504
0.00019073313023884725
-2.5060928961889726e-05
-5.174874465376263e-05
2.0920913882876434e-05
4.738678751839057e-06
6.764757447707958e-06
-2.692677647764135e-06
-3.988008736232304e-06
2.6640173517747736e-06
-2.7622654301361283e-06
2.2357430707951448e-06
-1.7937481254912175e-07
-9.144241738895881e-07
1.2459675674899742e-06
-1.2084931590956245e-06
6.885368018597183e-07
-5.5307880892708983e-08
-3.6039976933420673e-07
5.206907353101243e-07
-4.5560087269000687e-07
2.452069562918551e-07
-1.134706420717149e-08
-1.514730318793965e-07
2.080474263131768e-07
-1.7340380562781485e-07
8.758066187127982e-08
2.238126972066774e-09
-6.320124561060305e-08
8.220988031724922e-08
-6.614296731159285e-08
3.133942458987612e-08
3.281673178168855e-09
-2.627677379420515e-08
3.218571315871414e-08
-2.528736987794107e-08
1.080342701957569e-08
2.1386832851643835e-09
-1.148362740223459e-08
1.2661694148421737e-08
-9.645481218261202e-09
4.62218269534695e-09
9.392711386771855e-10
-4.070170670712365e-09
4.844194148419642e-09
-3.0782994539760118e-09
1.5965149933432856e-09
6.450973030998867e-10
-1.784038118318825e-09
1.7162766416020988e-09
-1.1684612094017537e-09
4.3848277343324726e-10
3.2793143887446473e-10
-1.0150930839289548e-09
6.465172259325771e-10
-3.2796545356209997e-10
2.757426592143593e-10
4.731580174401085e-10
-2.772770862585101e-10
3.496334448698898e-10
-3.094949578244358e-10
1.600272301513254e-11
