[0.0, 29.0]
50.944098802324355
3.3535979519782106
0.21086160384067468
-0.00862399067069846
0.0003770994911617457
8.266255193454148e-05
-4.042580677646868e-05
-1.8697828386987337e-05
2.935310823553511e-06
1.5385033826868323e-06
1.5481151989607373e-06
3.346950642997096e-08
-5.359223261369644e-07
8.885709030925878e-08
3.7985407249569423e-08
-9.959788665333597e-09
4.258732581297326e-09
-1.3704504390025499e-08
6.629017597034578e-09
5.916857391814438e-09
-6.234495223572944e-09
3.018676970579246e-11
1.97860761209756e-09
1.3050954719065086e-10
-1.2740334613386898e-09
5.880212053449263e-10
-2.077868073582242e-10
3.0571309996162603e-10
-6.703647673150832e-11
1.5391782057635438e-10
-1.996498205898734e-10
-6.256617436893838e-11
-6.627100956109188e-11
7.616142213239275e-13
-3.875583030588529e-10
1.4507818291195394e-10
-4.175208579926934e-10
5.312018123849562e-11
-6.985604293499857e-10
6.430377618618512e-11
-4.2195711423128465e-10
-2.792365869218773e-11
-2.441520910873862e-10
-9.623592264993187e-13
-1.508724036530965e-10
5.524714201347045e-10
-4.807601058379943e-10
2.680648033990723e-10
-4.86292708413675e-10
-9.222378022301601e-11
6.397365119454503e-11
3.142033224941246e-11
-1.5448809859747212e-10
-2.1800001166290958e-10
-2.706757719870654e-10
-1.1988770269681934e-10
2.698281423975751e-10
-5.145582082885033e-10
1.4502923874251162e-10
-4.972004080760697e-10
3.211169553294591e-10
9.578512455778681e-11
3.773408726835404e-10
-1.0807149078949e-10
1.4620209401690644e-10
