[0.0, 30.0]
-3.2810378143086334
0.7446811786048336
0.04765115072036437
-0.0008358060098721501
-0.0003530911243096064
-1.8453067360758164e-05
9.340697090040044e-08
1.0919765993082294e-06
4.3002121176753343e-07
-1.6319547296381004e-07
-1.1040394125591598e-07
3.520000620339912e-08
2.9169215119209283e-08
-7.527629780508552e-09
-8.188587511409369e-09
1.5381455434182708e-09
1.9908783440885645e-09
-3.16560178119012e-10
-7.580585238390477e-10
2.2312474810346766e-10
1.5943175782929614e-10
2.619518156393051e-10
-5.99010642267e-10
2.3978946654051486e-10
-1.1013205014441146e-10
2.8183304311063647e-10
-9.37277234090423e-11
5.010687727394783e-10
-5.4542204374144337e-11
4.825723304294893e-11
-3.270556827391572e-10
2.8826025020932046e-10
-3.4078650419848743e-10
1.913393793145198e-10
-6.075463328009511e-10
6.005774028299583e-10
-2.783949924124771e-10
3.0764560741700984e-10
-1.4665400262705192e-10
3.8644246197416725e-10
1.375021268447191e-10
4.207061293958251e-10
1.5975852442137935e-10
1.6327559030797974e-10
2.7362648080398533e-10
-4.0089867160260097e-10
5.421418557595388e-10
2.8860251615077264e-10
3.140342055169145e-10
-1.6431538702551472e-11
-3.4429799698433554e-11
-4.0132140704127224e-11
7.855561897092337e-11
-3.50883844799179e-10
2.254791682751966e-10
5.299596068606241e-11
2.5909070463137256e-10
-1.1918053406229728e-10
1.1859646708162502e-11
-7.716320933773932e-11
1.0246474833550775e-10
-1.0343962956305234e-10
-4.601244527658195e-11
-4.278826898774192e-10
6.492899390360377e-12
