[0.0, 30.0]
250.32585061237418
-2.9596732256592695
0.1635606502433787
0.029487903111645813
-0.0016159444483046562
-0.00019647932796974303
1.3558014890826151e-05
-2.2892332723219002e-05
-3.877372884161778e-07
3.385660935238681e-06
2.1463546667897697e-06
6.457861733872104e-07
-3.3020164653470926e-07
-1.1980328766548593e-07
-6.952613896900697e-08
-2.218748116406836e-08
4.382636862360491e-09
1.0955906213088248e-08
7.54302020835568e-09
-2.7973065623199444e-09
1.4719271731796156e-09
1.6945540340164225e-09
-2.2682109202450654e-09
-1.7974923169357743e-10
7.066481196886155e-10
4.1590705130947794e-10
-4.2082733836958526e-10
-8.375910714320878e-11
2.2530591890463274e-10
2.5789399663153315e-10
-2.1520812498465077e-11
-6.035876084883844e-11
2.0062457230644635e-10
1.7423255510937998e-11
2.0160076349029155e-10
1.3620563351101072e-10
4.106590833773961e-10
-5.595436720343374e-13
1.0080888153757275e-11
-2.0145012192725197e-10
1.042896319222533e-10
3.2372449740268596e-11
-2.2254989736128947e-10
-2.935603576656946e-10
-4.784835782258944e-12
-9.756555134895199e-11
-1.6210043532331043e-10
-2.0955131708164644e-10
-3.1758782431337636e-10
2.5349112012228472e-11
-1.391150896858498e-10
3.7240331639935527e-11
-2.4917610569911913e-10
-1.6024155805485189e-10
-3.7655845470281896e-10
-1.202424867743402e-10
-1.8583556035561097e-10
2.429220197167316e-11
7.540187036461126e-11
-1.670145601277548e-11
1.8796010581561024e-10
8.706176674126753e-11
-1.7723620867761427e-10
-5.7266354662225795e-11
3.085032983882474e-10
