[0.0, 30.0]
237.72427433152345
6.400456468376547
-0.003945772934512568
-0.00212155492581756
0.00016266003150946118
6.266099255298841e-05
-5.269604525594384e-05
-1.885880586623113e-05
1.7370788847851632e-05
3.183782748747868e-06
-5.536446972241231e-06
7.959301508095862e-07
1.8177631829325835e-06
-9.064885982306693e-07
-6.296409642853441e-07
3.9584585760948335e-07
1.9128522899928896e-07
-9.188392534719975e-08
-2.090594213056363e-08
4.567142716393803e-09
-2.623805318013446e-08
9.359428578979315e-10
2.1792151812600965e-08
5.770979030038415e-09
-7.774824171904027e-09
-4.518857173555382e-09
-1.8640696131902586e-10
1.947715155613254e-09
9.444843701821372e-10
3.7709460357195785e-10
-8.686122504012142e-10
-4.988308418625373e-10
-5.499176324929273e-10
9.380140624241126e-10
-1.5205233743661082e-12
3.7539333810309636e-10
-3.4642289828001303e-10
-7.831928843017363e-11
-3.546919552251112e-10
1.7523479761272093e-10
-4.0818612468227054e-10
-2.7839770981747854e-10
-2.347426372959932e-10
2.928653384446935e-10
4.3839453900790825e-10
-1.323040512166008e-11
6.542247756522519e-10
4.05169519096084e-10
3.365228673627599e-10
1.964696559152101e-10
-1.5565904620397298e-10
2.5844987255638624e-10
2.911436611755426e-10
1.2232473531770337e-10
4.4049145508007107e-13
1.6893340882794318e-10
5.010549454877476e-11
4.049423242083838e-10
-3.6859698618863574e-12
9.739931930388329e-11
-7.2729068817906e-12
9.027579449671155e-11
1.755916232831401e-10
2.034057286085025e-10
-7.264791460194224e-11
