[0.0, 31.0]
169.61936256873622
6.874948975785857
0.030678794292616173
-0.0017112883160285447
-7.84053816380792e-05
-0.00010760477326994091
4.615374070290575e-05
3.677617914163532e-05
-2.1179434580408604e-05
-9.520398159576483e-06
9.099202801132104e-06
1.1219395796702702e-06
-3.4718826338797184e-06
5.123234686285417e-07
1.1107563145255473e-06
-4.82556048150802e-07
-2.65700943625174e-07
2.411777784391048e-07
2.9110979116638837e-08
-9.073817417541283e-08
1.0556131746604591e-08
2.7461370467026782e-08
-8.092866913875992e-09
-6.978594531561858e-09
2.4987131264217213e-09
1.4707099871262601e-09
-5.475595059846673e-10
-4.708394677840064e-10
4.428289593359076e-10
-4.0132556732093737e-10
4.899231225496815e-10
1.9893296195266567e-11
2.437173231892346e-10
4.958669818888004e-11
5.94329885227825e-10
2.7438793227790843e-10
4.948940454288418e-10
1.7586719812372012e-10
5.055186618820628e-10
2.7169238780320063e-10
1.253992268749656e-10
3.0444422019795245e-10
2.92616917957758e-10
1.3017376575224567e-10
2.9694777655709224e-10
1.7862404593192334e-10
2.867979505667237e-11
6.306445128973807e-11
2.8590600598149114e-10
2.323281124510439e-11
1.2318025059375741e-10
4.039299456203586e-12
1.9941357820291668e-10
-3.415252970840393e-10
1.4409975510026537e-10
-1.3638863034171377e-10
-2.938983464485791e-10
-2.7526830677263086e-10
4.108414905633875e-11
-4.357774063809057e-10
4.4107191967567164e-11
-5.893568532714506e-10
-2.3023176944855122e-10
-6.246314454462763e-10
-2.1327289424660545e-10
