[0.0, 30.0]
-0.0776519681531988
0.4565220027628046
0.001148258028907123
0.0003263440109412778
1.3155252367367137e-05
2.0543789394985525e-05
-1.2674475490470237e-05
-6.261449429926017e-06
1.4286981378887575e-05
-5.03070027810948e-06
-8.909672924778761e-06
1.0946301452168718e-05
5.617272909923958e-07
-1.0405839093602785e-05
7.175245980820867e-06
4.259578243036927e-06
-9.225140482907637e-06
2.64857682600666e-06
6.713238301868994e-06
-7.20063203804789e-06
-6.293951219552046e-07
6.82760228942365e-06
-3.975121255432089e-06
-3.328920901201901e-06
6.17418849008052e-06
-1.4707846728923046e-06
-4.110179253288948e-06
4.122189462304477e-06
1.0028309649822391e-06
-4.357134259995906e-06
2.491040006977208e-06
1.950343341769568e-06
-3.1847557258223527e-06
4.96986557318071e-07
2.660327689962565e-06
-2.328192204002219e-06
-2.6915234865771546e-07
2.026919010811065e-06
-8.54439258405506e-07
-1.0871836357922479e-06
1.7420778332128047e-06
-4.3171503860213143e-07
-6.574180352899281e-07
6.996606028328819e-07
2.875448841356473e-07
-6.894619875692187e-07
6.546814440275847e-07
-1.8429585383962614e-07
1.2344259458185352e-07
1.252406989591135e-07
-3.534219951925688e-08
-1.1822285838896073e-07
8.154634876992329e-07
-8.195544970009591e-07
2.9352208258934385e-07
7.074145980969436e-07
-3.8344335950135685e-07
-6.643588755252661e-07
1.7180230575700527e-06
-8.101630670607363e-07
-5.486341896673487e-07
1.1928973747485224e-06
5.621675299355254e-07
-2.020901818020835e-06
2.188138639423638e-06
