[0.0, 30.0]
0.7452372261671324
-0.564998500515711
0.017902146272769027
-0.0007983461433689998
2.375206700520729e-08
7.555289180791186e-06
2.114595892799623e-06
-1.0904296489913368e-06
-3.8675954365898e-07
1.821582548549469e-07
9.537245300066355e-08
-3.184509310459606e-08
-2.6624134926882022e-08
6.462968880633793e-09
5.869093898012997e-09
-8.210550238015554e-10
-2.577176849264816e-09
2.991431767379822e-10
-5.513449879481637e-10
4.691824328212646e-10
-8.339478664893534e-10
4.834047459739356e-10
-9.715259364585734e-10
6.493256167399405e-10
-1.1892938792560952e-09
2.1406655050727397e-10
-4.565379704648207e-10
6.872544185639796e-10
-5.201943382233026e-10
9.025608330352837e-10
-6.196555790955701e-10
6.653115655800339e-10
-6.699204593962595e-10
6.779983018740878e-10
-4.889629520071392e-10
7.253795117082257e-10
-5.38930638587281e-10
8.679588616411613e-10
-5.342186336419743e-10
8.950849134319896e-10
-6.11694672505634e-10
8.691353424654556e-10
-7.137401094906565e-10
4.679734301553821e-10
-4.763613305179718e-10
3.24334203539381e-10
4.9800577908437875e-11
5.635475640325547e-10
6.872345976781304e-12
3.578265468817017e-10
-2.3016039546358974e-10
1.7702976935384165e-10
-6.95200691880403e-10
2.2277562020598491e-10
-1.1879603524448866e-09
-1.908528827060101e-11
-7.760209583678947e-10
2.6263776147578863e-10
-9.65221150712531e-10
1.9594101255273073e-10
-6.509395007485562e-10
1.0512182462060403e-10
-6.914236293734032e-10
1.2268081164173943e-10
-2.459222085345134e-10
