[0.0, 30.0]
-8.166895565519072
-0.1480651682310663
-0.0122089665818414
-2.8060375919600975e-05
-1.7307217312618982e-05
-1.058880271014858e-05
6.595205519721214e-07
9.913035949987707e-08
1.9454097661442157e-07
1.4159137257848683e-07
-5.9510265016633255e-08
-1.3462596959696215e-08
6.432634030336405e-09
-1.8678854990065011e-10
1.2737945287059021e-09
4.89403383761976e-10
-2.8237971446116636e-10
2.818572204864933e-10
5.965290331380947e-12
3.9172307797787426e-10
4.2578979616794537e-10
4.995085498556603e-10
1.650110816556458e-11
3.513528723638049e-10
-3.9440599592670443e-10
5.159277444338412e-10
-3.153837643670176e-11
2.3095525119831909e-10
5.7027281594947726e-11
-4.785700094405085e-11
4.630599773331634e-11
1.4900501483689643e-10
1.430956259045935e-10
5.255586656135613e-10
2.172198011091371e-10
5.085270266979115e-10
9.247459266611272e-11
2.3365914782191406e-10
1.2771474118515195e-10
3.815121525587434e-10
1.176354141794023e-10
-1.0599676504788853e-10
3.190290665593428e-10
1.988542726589834e-10
9.345726566535827e-11
1.438141961744959e-10
4.377041583855562e-10
1.1994751903074884e-10
8.153038394508286e-11
3.0096999373134097e-10
-6.000343146837512e-11
4.799622324637757e-10
2.7592413594739744e-10
2.477349196489519e-10
3.390450561362206e-10
4.4311526696660636e-10
-8.364971911419506e-12
7.039176449308655e-11
1.5606963988172515e-10
7.401990480830796e-11
-3.290701854439031e-11
-1.0656978264697118e-10
-4.1717895873200895e-11
1.7834365406257756e-10
4.817378091162836e-10
