[0.0, 31.0]
-3.579695449211399
-0.3237256374133204
-0.002541920709344543
-0.00037205214062287066
-3.7903276959167244e-06
1.150397301920205e-06
8.615941829097737e-07
-3.800491740286388e-08
-1.0029202473040694e-07
-2.4354908281056016e-08
5.065355869121618e-09
3.546951844269398e-09
1.4265497929024559e-09
2.501987852601194e-10
-7.765386984685221e-10
-7.238051083769255e-10
1.137603199287886e-12
7.740065370746545e-11
-1.4360108467050736e-10
-6.768402846616359e-10
6.211446173543822e-11
-2.5934350522066977e-10
-3.16803206339619e-10
-4.7910571597944895e-11
5.8188234259056666e-11
1.2034693228570086e-10
-4.294251240190065e-10
1.3714738701645568e-10
-5.303744722902939e-10
-1.6187730987011434e-10
-3.8631978704255423e-10
1.268056913639921e-11
-2.3011337362183475e-10
2.0342471960036284e-11
2.773635801717613e-10
-4.537784467161827e-11
3.4206105680380216e-10
-1.0540244414786385e-10
3.268427225011625e-10
4.64843761029091e-10
3.6478748059491624e-10
3.64006082428564e-11
3.204102890174079e-10
5.27039596401212e-10
-1.527634320486835e-10
4.823109806966232e-10
-5.697603947107978e-11
2.481164500631163e-10
-2.7708648295536165e-10
2.036695382755465e-10
1.236741996317746e-10
1.562059796231583e-10
9.102799444380194e-11
-1.4669446980107503e-10
4.387712799640638e-11
-4.96135576287455e-10
-1.586704427821099e-10
-5.478731546045592e-10
2.410768768674577e-10
-2.0884114575135375e-10
-2.711322816678369e-10
-5.520458325988407e-11
-3.10829006434283e-10
-9.272374809567001e-11
-2.2138704151694613e-11
