[0.0, 30.0]
254.32454245389172
3.6199103764057163
0.18017147136220754
-0.006665769181362302
0.00023306348675347356
-9.548939397164244e-05
3.450470476577271e-05
1.3499866947904888e-05
-2.134077895172853e-05
7.22886435288273e-07
7.22654100413069e-06
-1.9986087211194664e-06
-1.886879555267237e-06
1.1671315964877566e-06
3.1602016473051526e-07
-4.839571607166732e-07
2.7944399729763168e-08
1.5324640332580725e-07
-5.0128809712997534e-08
-3.823514067478559e-08
2.5856913963510284e-08
6.97499094655856e-09
-7.925695645441152e-09
-8.272247230315948e-10
2.785724076739204e-09
-2.1933474805807501e-10
-1.7587807447943184e-10
-6.26500828237661e-10
7.632106813162333e-10
-8.093316141832155e-10
1.3254415962086864e-11
-8.02522241650652e-10
-1.1873694736915308e-11
-4.2543207242699426e-10
1.6441069963732238e-12
-5.434473966487339e-10
2.0542835665853616e-10
-8.513421130874578e-10
3.0924245270493446e-11
-7.214937236220398e-10
1.6116142711109914e-10
-4.446133788209753e-10
-3.967040200149052e-11
-4.3111362363828927e-10
2.265996811127747e-10
-3.7256029834933306e-10
2.1987108603159975e-10
-5.495766344954107e-10
-1.0573839461528339e-10
-4.650200874803703e-10
2.0917399877618532e-10
-6.483945572987272e-12
-2.445460706112372e-10
2.5677357884563577e-11
2.9118680144250126e-11
-1.3468862465192377e-10
-4.25808180191313e-11
-1.3811869864409504e-10
5.661984268605665e-10
1.376975324424847e-10
5.433804976984439e-10
1.974541402117485e-10
2.337051741219871e-10
2.7546186840313983e-10
6.171694281091683e-11
