[0.0, 31.0]
-6.914525063121447
1.2376733431672973
-0.0031867209544041816
-0.005527040841835966
0.0004402217854815184
6.873335996509784e-06
-7.120513465645828e-06
-1.2956073686163572e-07
-7.669494427882188e-08
8.620740633171546e-08
9.517510565107272e-08
1.2433348382831904e-08
-1.3397913158048778e-08
-9.186553255808069e-09
-4.132183945053976e-10
-4.8051022417518716e-11
1.595113903237144e-09
-8.626243128323591e-10
8.581536689590729e-10
-9.35345188154674e-10
2.059859044111216e-10
-8.211017796681141e-10
5.405920964219077e-10
-9.583385849276128e-10
3.5200045268321024e-10
-5.253001912388032e-10
4.479102968936612e-10
-5.285898694887867e-10
7.820337381832469e-10
-7.013583994242771e-10
9.157589825404564e-10
-7.20551179004064e-10
6.944268761759035e-10
-5.348796005123175e-10
8.523945592630819e-10
-5.878384225051654e-10
6.240466193745248e-10
-6.823327762259425e-10
6.512892363829846e-10
-4.567322923914999e-10
3.9494642272322007e-10
-4.36660395930024e-10
2.0102830472962462e-10
-1.3290172588742837e-10
3.5940054124212015e-10
-5.782569875921085e-10
8.222654196850269e-11
-7.07967173996093e-10
-3.319286953903539e-10
-6.775788425183014e-10
-2.1478695335740242e-10
-6.729447383333542e-10
-1.5645175812886464e-10
-4.4337383097072027e-10
-5.764862473950828e-11
-3.573823721719752e-10
-2.7072269542928236e-11
-7.39861029526951e-11
-2.557843367590987e-10
-5.621196497108718e-11
-3.160059613468575e-10
-2.1705874770234081e-10
-1.7349780187076345e-10
-3.565828257919861e-11
-1.8466042684414548e-10
