[0.0, 31.0]
281.2887976095859
6.217030273678687
-0.03146660592121286
-0.002222114331382839
-3.1298772497909476e-05
-4.031357933489826e-05
-2.061315211443671e-05
-2.1588811787180616e-05
1.1094381905150325e-05
1.2451037619780324e-05
-3.75339702878934e-06
-5.31978107871057e-06
1.0989486256656106e-06
2.1916903831633843e-06
-2.897287090426593e-07
-8.691053656922122e-07
6.307098710349512e-08
3.2867886855346125e-07
-7.908343779358453e-09
-1.15901255262855e-07
-1.753761106240013e-09
3.617111015920771e-08
1.5231283287481201e-09
-1.020379873559631e-08
-3.377979291475851e-10
1.966436898488168e-09
9.210097373206381e-11
-3.949847116046985e-10
-1.4960015105757239e-10
-7.466017574459957e-11
-5.253055491979267e-10
4.6197127111468974e-11
-2.3319312129730436e-10
-5.467329277502931e-10
-2.6729614778778983e-10
-5.473397199209939e-10
-4.0128007255838706e-10
-5.497312367121081e-10
-6.242665792404244e-12
-1.1165696945965747e-10
-1.0032718179324292e-10
-2.04943224314245e-10
-5.087390126016031e-11
-9.143763492104956e-11
-2.2763703074684996e-10
2.5594112856392896e-10
-2.801191254572077e-10
2.8945306323583724e-10
-9.190145736509221e-11
-5.141620505206873e-11
-2.8889638360667007e-10
-3.4702449397303715e-10
1.6308878490956612e-10
-2.1618449901491842e-10
-1.2570246913223791e-10
-2.1840420494427572e-10
-1.1470059918388108e-10
-1.684307676103993e-10
-1.762675049471281e-10
-1.5226082927805243e-10
-2.9439120763867456e-10
-2.6454872574649513e-10
-6.420570752404943e-11
-3.5795631380404886e-11
-2.1523809242259164e-10
