[0.0, 30.0]
0.24248075439412364
0.45851951822916415
0.0012071142444552538
0.0003814285635011748
-8.971802784567865e-06
-6.3079847250611125e-06
-2.5952165204486856e-06
6.0199423511691285e-06
1.7301112728819764e-06
-5.693321167009888e-06
-2.744440251800318e-08
5.514755109024717e-06
-1.9560919718751002e-06
-3.7667290911654404e-06
2.6469502211579534e-06
2.8463070076101562e-06
-3.3533972114758674e-06
-9.716689620374664e-07
2.8725954137184568e-06
4.0190668058775786e-07
-2.7012495057742296e-06
8.515187682742276e-07
1.6920372346397854e-06
-6.5751628074039e-07
-1.3804898965617554e-06
1.2221365287918217e-06
5.276106551746104e-07
-4.822397255425007e-07
-6.02808467961002e-07
7.856128820058302e-07
1.9045403081423104e-07
-4.8992550690544e-09
-6.85442611508841e-07
5.332320062666348e-07
5.161882190142246e-07
-6.04419324209967e-08
-1.0826647019740567e-06
9.831478741895139e-07
7.341620913742011e-07
-7.630380537377488e-07
-9.929759178485973e-07
1.8549358576323331e-06
1.935977296931491e-07
-1.5085633124885747e-06
-6.041790532995056e-08
2.364527509069141e-06
-1.0957462033980387e-06
-1.496581397502741e-06
1.327985948830386e-06
1.8736046502612403e-06
-2.4448715882376507e-06
-3.672666959023688e-07
2.2982709717058024e-06
4.0706501712422493e-07
-2.9681595703724377e-06
1.4959078246829452e-06
2.0870756676752646e-06
-1.2905297488689856e-06
-2.2080436534712672e-06
3.20067678961472e-06
5.616222218546071e-07
-2.1295053614109643e-06
-5.21776916517411e-07
4.09762523224165e-06
-1.8125911492651846e-06
