[0.0, 31.0]
296.39801430776
-2.3773788322030587
0.27749975082768646
0.019379329976097565
-0.0017152199669976912
5.965150677461379e-05
-6.738886406458933e-05
1.7814764968871013e-05
1.4329371401326766e-05
-7.97671933391976e-06
2.6517696701412666e-07
1.7036129998615938e-06
-6.99285958888496e-07
-2.547092614898155e-07
1.5385062880669276e-07
2.1514450463109968e-08
-3.6363257338344596e-08
-6.430478585155374e-09
1.1933878783523612e-08
6.4231651617278655e-09
-5.341258504283749e-10
-2.7838895021678272e-09
-1.46208341469293e-09
6.57573636386905e-10
9.697422956501207e-10
3.413701957006701e-11
-1.3384596849315165e-11
3.2915523881594867e-10
1.1521743048615326e-10
3.5675466976108455e-10
-2.9690667105429365e-11
-1.3163827728110482e-10
-1.5387281190641452e-10
-3.735187974591516e-10
-4.114555291148892e-10
-5.782019361210283e-10
-3.2776774280293755e-10
-4.0471662917492845e-10
2.889933327846877e-10
-2.4799319262869146e-10
2.5743935708889964e-10
-2.24549341659497e-10
1.3802327642508919e-10
-2.5633337789046077e-10
-1.3082063916004413e-10
-4.336474602057318e-10
2.477608018611105e-10
-2.6882468509286673e-10
-2.5989304763671253e-10
-5.222717459337442e-10
1.111143961375849e-10
-2.4668502766172346e-10
1.5503276887074925e-10
-5.112830440325476e-10
3.256644791345286e-10
-2.767899398133023e-10
4.14801204546633e-10
-1.3621027662471512e-10
3.1725517925328393e-10
-2.057518748696578e-10
-2.947129079911361e-10
-3.400807019128232e-10
-1.7775594622595714e-10
7.870220816180717e-11
4.082422408738514e-10
