[0.0, 31.0]
2.9441042428140753
-0.3941635641986001
-0.017564311574760957
-0.0010396987212233889
-4.306684587417662e-05
8.407263703171161e-07
1.8231508655346183e-06
-2.0265099401572163e-07
1.0794312694554438e-07
5.2307487549447316e-08
-5.120618462138025e-09
4.4820733380544776e-10
-6.297233301362238e-09
-6.113926156614184e-10
6.940595750375112e-10
-4.689483937780243e-10
-1.3262057319761584e-10
-2.9510391464543675e-10
-5.588730889331823e-10
-1.2439195646732033e-10
-4.727674265320938e-10
1.512480625771576e-10
-1.1717120845589782e-10
2.11329464202819e-11
-3.966306764444367e-10
-2.4769534086359156e-10
-8.521471485423139e-11
-4.1583738668999634e-10
-3.5164370842995626e-10
-3.149925567479364e-10
-4.38643038787655e-10
-2.428985439814125e-10
-7.950342222752304e-11
-5.069991493043648e-10
-6.185794812744525e-10
-1.6546059610349136e-10
-3.8510727534890766e-10
-5.072528704516521e-10
-2.6574067502272437e-10
-2.482285259709041e-10
-2.7742197240686645e-10
-1.4159222496229833e-10
-2.620126319153433e-10
-1.9838767618429814e-10
-2.864082619378635e-10
1.3997890223029713e-10
-3.767521515429012e-11
-1.8439149343129414e-10
2.0682962778206532e-11
-1.1941343636579456e-11
-7.456906372896513e-11
-3.081973963354191e-11
-2.126629118157054e-10
-4.1737923450519743e-10
-3.091227286834037e-10
-2.1604671590020284e-10
-2.2516274911612668e-10
-1.0570150215804165e-10
-5.80784266966495e-11
-2.995746252360766e-10
-7.178093686466802e-14
-3.417436750427867e-10
-3.234342814562668e-10
1.0558063894996256e-10
-2.6497645210701804e-10
