[0.0, 29.0]
356.9393675530713
5.45869563759851
0.045537984939074856
-0.0024297252993392806
9.641163475005949e-05
-0.0001088507432381205
-1.3122213171414507e-05
3.43457724844529e-05
-1.3677963979348159e-06
-9.151500074390184e-06
3.193274945712156e-06
1.9780627780749167e-06
-1.4935562778225332e-06
-2.8180551383232034e-07
4.87639509831761e-07
-2.6487031532819724e-08
-1.3944000658148648e-07
3.897505887552725e-08
3.614139196499111e-08
-1.771562016439608e-08
-8.449809022276872e-09
6.074990401819562e-09
1.20753778371934e-09
-9.87928803091358e-10
-5.169249326855236e-10
4.482017515811597e-10
-3.8439630770784374e-10
1.0859010407248703e-10
1.0058101339777041e-10
2.9041273297046994e-10
-1.4665366872406855e-10
3.945106080580276e-10
1.3990312049622877e-10
1.691392938940916e-10
2.331767996744567e-10
1.4963034896050033e-10
-6.103403938952528e-11
-9.226694582691527e-12
-1.652758197260257e-10
2.473674742371729e-11
-5.152340664400438e-10
-2.26195424454215e-11
-2.0114474938791458e-10
5.121256021770493e-11
3.754198149755906e-11
3.650071381914863e-10
-2.403531052984709e-10
1.3390484416266512e-10
-4.72047223414504e-11
2.1134359282990196e-10
-2.129572129972828e-10
3.5226940043278113e-10
3.0791679583280844e-10
3.008763575319816e-10
2.982362907191369e-10
1.9237906241608656e-10
-3.3309064551377947e-10
5.399876461238332e-10
-3.42306973156099e-10
3.1554787739465676e-10
-7.497486962751404e-11
1.6296438464421606e-10
1.865229095925134e-10
-2.4216421909770042e-12
-2.4326497077673405e-11
