[0.0, 30.0]
235.17334294101514
6.445642252107907
-0.007290547660583873
-0.0015746458292736198
-9.658878799656193e-05
-9.275675349080385e-06
-3.358961377218501e-07
-2.4147890335623238e-05
-3.27260461295778e-06
4.823732714951877e-06
2.719148537000802e-06
1.4787523615223337e-07
-3.1230629666937454e-07
-1.6366440857378388e-07
-1.6214622336009535e-07
-5.183684392798912e-08
6.310506934830037e-08
5.750559870109435e-08
-8.008645801669835e-09
-2.2661397250478102e-08
-2.419016560750694e-09
6.060064150059134e-09
2.6896172755868057e-09
-1.9748237894956743e-09
-2.206795737402674e-09
3.766978967068812e-10
1.3121616950932826e-09
-6.65536192374079e-11
-1.0412265431722817e-09
1.3388132713150148e-10
4.267749860506331e-11
-3.511092839367382e-11
-3.4567016237446087e-10
-3.017295009429732e-10
-1.9757327188389535e-10
-1.1006180758401346e-10
-1.190168835836746e-10
-3.03265018921215e-11
3.46437125381823e-11
-3.5632677905756255e-10
-3.1569576162763754e-10
-2.8706639418700323e-11
4.538230400909567e-11
-7.624338206165714e-11
1.6866393835383838e-11
-1.9986543720013658e-10
1.7134882951515979e-10
-9.546390282686373e-11
2.431587953969117e-10
-1.0113201653180787e-11
-2.8653435710894594e-10
3.283532814932145e-10
2.3011998630508945e-11
-6.034057093944665e-11
-2.253062786425145e-10
1.7996623133949093e-11
-8.271353413076833e-11
3.9455610556931974e-11
3.344331123271014e-11
1.691037838467145e-10
9.265452849825095e-11
5.085427877305944e-11
-4.697923416236678e-10
4.919646003020885e-11
3.569444595403626e-10
