[0.0, 30.0]
-2.3332435210556315
0.43658978337641613
0.0180274239207005
0.0010276671713763486
4.119206611184226e-05
-1.2275575969353978e-05
-2.212360107067132e-06
1.97918335552281e-06
2.0641370752887785e-07
-4.263197856807478e-07
-1.3733407077665164e-08
1.0472986843294735e-07
-4.335805124879855e-09
-2.6429232843404165e-08
2.894712437328378e-09
6.601306414144037e-09
-1.0277233245531197e-09
-1.7554164024058945e-09
9.673424071484076e-10
1.0599934604705512e-10
2.6146380756779745e-11
-4.339426144746157e-10
6.522234148491805e-11
-1.630659499851366e-10
9.7101551264216e-12
-2.2470641466850455e-10
-3.497620036387807e-10
2.8986219277123125e-11
6.762031043120169e-11
3.050207482900416e-10
5.6151631433389685e-12
-1.8886637997541236e-10
-1.857296605536349e-10
-5.897486988627538e-11
-3.6079312534820356e-10
-8.370728550226339e-11
4.599924782221201e-11
-2.936245466052634e-10
-8.951729540191046e-11
-3.911688693808757e-11
-3.1993270016758005e-10
-1.6346713470209076e-10
-3.3123761648182784e-11
-9.747495752037318e-11
-4.5947961027813624e-10
-1.3013591059569069e-10
-6.849107259535289e-11
5.918638997878785e-11
1.9406291823565418e-11
-2.3872255756875034e-10
-4.572369415037383e-11
-4.048110688227981e-10
1.7648538639429054e-10
-3.2253620300385483e-10
2.749430535443591e-10
-4.1753745009283577e-10
2.8933666230776227e-10
-3.0455425369454803e-10
5.364148814542607e-10
-4.623390883680194e-11
4.1495726084162275e-10
1.1125160438282057e-12
2.5402582238788234e-10
1.0608065698757701e-10
2.8476652219047505e-11
