[0.0, 31.0]
9.07419715567319
1.633664183336502
-0.2984744762290714
-0.008812538958673198
0.0004080068291841987
-3.494957023476634e-05
-7.283401256781945e-05
1.8972352278899537e-05
1.816585776256916e-05
-8.856793478798442e-06
-2.5541473459527146e-06
3.7291112741345423e-06
-1.3988597485804866e-07
-1.1585264579744576e-06
2.7152252352757493e-07
2.848167490326573e-07
-1.4414362809234295e-07
-6.131683119576268e-08
6.050698309272246e-08
1.1222665457005241e-08
-2.0217672255374522e-08
-1.7305946984303017e-09
6.672786401141863e-09
-3.1259682363572327e-10
-1.4237885561274002e-09
-7.657323990936956e-11
5.004995129607936e-10
-3.2422990541508706e-10
2.93226430271144e-10
-6.619311331553146e-10
1.6606987428446906e-10
-9.114619240106601e-10
4.444150804418454e-10
-8.831641674275624e-10
1.7314414795331638e-10
-6.548243833142302e-10
6.404650649519719e-10
-5.038043556264443e-10
2.0688177788918886e-10
-4.6284582694857243e-10
1.290779688444874e-10
-5.308683629625434e-10
3.802071967156146e-10
-5.420717480323817e-10
2.395505791494312e-10
-4.5058434558838937e-10
1.899930359580869e-10
-1.3588798681694218e-10
1.4209622207933818e-10
-6.276631823316044e-10
1.781382224404153e-10
-1.6413750705177244e-10
-1.4406643368685648e-10
4.9499362540764935e-11
6.316918028860125e-11
-1.878887287952539e-10
-2.0245796159777895e-10
-4.0847370665727905e-10
-2.4917980810660875e-10
2.4448363535291938e-11
9.51519157672619e-11
-1.5496175103626648e-10
1.9152229040764134e-10
-9.714387528515466e-12
-1.0163327705260951e-10
