[0.0, 31.0]
-7.908057069329978
-1.0177229933630225
-0.031650343840515335
6.0710737097268746e-05
8.80793256746931e-05
6.6527486871478445e-06
2.919395124230223e-06
4.006160943354677e-07
-3.4686804065236997e-07
-4.8323686445710413e-08
5.8022438767511895e-08
-5.909418442164243e-10
-1.0778355003364479e-08
2.8529488884355293e-09
2.1081840754571394e-09
-4.886341263017502e-10
-5.215628436428638e-10
7.379758285919074e-10
-6.154820944610109e-11
-2.681798683014329e-11
3.0210922462401324e-11
-7.959738844817524e-11
-1.4718175431467858e-10
2.269710673543796e-10
-9.647382241318287e-13
2.789291446774183e-10
5.1727650152693643e-11
1.5359210135667798e-10
-3.422991095275278e-10
3.044634393400145e-10
-1.047966225465847e-11
1.8133897199270392e-10
-2.5032969550511804e-10
-2.4976871430540136e-10
-1.433757611509751e-10
-5.689923566194114e-10
-7.233126926357113e-10
-3.950707281165906e-10
-2.869135143584983e-10
-2.646410722357169e-10
-8.342568231709676e-11
-5.149255871371025e-10
2.03072965415317e-11
-4.724854427286455e-10
-1.0411917359615223e-11
-1.6191930758603982e-10
1.383363969327444e-10
-1.258880455229868e-10
8.446406303465406e-11
-2.516979272348056e-10
1.3174810592624306e-10
-1.2771735095000994e-10
4.475090703325759e-10
-2.3928609744007753e-10
3.3626213085852984e-10
-6.26207319026097e-13
2.0295158151213749e-10
-9.699478534698816e-11
6.544787548249196e-10
-1.050380034271479e-11
2.2637935852265733e-10
4.210339546392035e-11
8.551010890563117e-11
-3.095042182370425e-10
1.3022862268974144e-10
