[0.0, 31.0]
276.574508591076
-0.8041300254425588
0.355245691986564
0.0027232781356779758
-0.0014155089395003226
-9.207425814946283e-06
-1.4699995606552704e-05
-2.6660429856642938e-05
2.898997661875661e-06
8.014815303525433e-06
2.2505915860852546e-06
-1.8148652535206068e-07
-1.3035488031315993e-06
-4.168118892248492e-07
2.7486297174681523e-07
1.778167009577994e-07
1.012080666211317e-08
-4.9602971064826606e-08
-2.946862340574655e-08
7.773134955876923e-09
1.171306695668512e-08
1.297460686344575e-09
-3.8712186449934014e-09
-1.2090499244184615e-09
3.036787803166596e-10
9.853362140797702e-11
-5.393745212877716e-10
-2.993673818748852e-10
1.0664368673440856e-10
-2.3237762399116473e-10
-3.893728577494734e-10
-2.2639187548506384e-10
-5.137626311959533e-10
-3.7188370774709915e-11
-6.692323446186801e-10
3.389542487195044e-10
-2.8622852470503675e-10
4.354048971505338e-10
-3.6408784595051653e-11
1.8093724272271393e-10
1.380151072963212e-10
7.113534220316308e-10
-2.783475036125149e-10
2.699342116991327e-10
-3.178524906500894e-10
4.008194524629282e-10
-2.9853459784193895e-10
1.1880224557309964e-10
1.0886190615832625e-10
2.880707057665862e-10
-1.8900885862829336e-10
1.6513049966833005e-10
2.8650289650510655e-11
2.2851649746262562e-10
-1.3739464365526457e-10
1.6941770333813276e-10
-3.602274014147892e-10
4.457825800205533e-10
-1.0635562158076291e-10
1.6245612623177942e-10
-1.0805800217976131e-10
2.762248343181812e-10
6.420945291802438e-11
-4.2148084033823974e-11
-2.0497844527526855e-11
