[0.0, 31.0]
31.281603830835767
3.5875068691222975
-0.19428491250080823
-0.007925048459365557
-0.00042958075529851545
-2.801327444549083e-05
2.8557468833985775e-05
-2.2228571146093146e-05
-6.459976288494814e-06
1.0274392368603318e-05
4.566739433025898e-06
-3.037283499734431e-06
-2.5160180047960545e-06
6.780166013468043e-07
1.0908224264612804e-06
-4.456996477357907e-08
-4.0617460162516024e-07
-6.349430589566547e-08
1.3369719954071102e-07
4.928698468358243e-08
-3.778744047463644e-08
-2.4900974324421623e-08
8.148861183775088e-09
1.0390094789215399e-08
-1.0233767362506186e-09
-2.9152466129677845e-09
-3.7638214961395704e-10
1.2805140952255588e-09
2.4719937320882506e-10
-5.900706573560992e-10
-2.843107958347558e-10
4.3208020310051125e-10
-4.492843907377899e-11
-3.3657793459187425e-11
2.1375160708316687e-11
2.746229931106995e-10
-1.1907840458604056e-10
1.0855583851276259e-10
3.1941207146306775e-10
-2.443093345006587e-10
-1.8083553064581612e-11
1.6326522639216536e-10
-2.1170202423414105e-10
3.378623376078159e-10
-6.168425605737545e-11
4.533641350563261e-10
-2.1914978123835513e-10
2.04235493937468e-10
-4.5819782038993515e-10
2.258509659046751e-10
-6.661938308491283e-10
3.4160690320898036e-10
-5.212592713125081e-10
3.759040977499045e-10
-3.054272695693301e-10
-9.944730770513438e-11
-6.529372331984718e-10
-6.96302632083875e-11
1.0556287838715976e-10
1.2776960907028147e-10
-2.495800226762617e-10
1.5838538827847794e-10
-3.4189889540069024e-10
9.030167350551073e-11
-3.108641029889363e-10
