[0.0, 30.0]
320.7192292802127
3.033203130987191
0.2201484235761334
-0.008352960732724365
0.00030875642591023827
3.855395651833434e-05
4.14215662421326e-06
3.7289906578813074e-06
-1.2025880118890977e-05
-5.211726909943449e-06
3.5530073447872854e-06
3.0578026469260394e-06
-6.110536353287805e-07
-1.3295512553811301e-06
-7.542775906652257e-08
4.727901048245036e-07
1.3931725034275896e-07
-1.4133400810343404e-07
-8.12050221697226e-08
3.650520973393047e-08
3.245051508377255e-08
-7.479080700716623e-09
-1.0228562724989775e-08
2.1240626739855695e-09
2.3490154858345887e-09
-6.242229246291017e-11
-4.3192848373776245e-10
5.078288798626706e-10
-2.426095551500411e-10
5.718781909540523e-10
-2.086675253950058e-10
4.0627682678555387e-10
-3.1822195732880985e-10
2.9213824057407917e-10
-1.1067938379213947e-11
3.9742706673960803e-10
6.074015377061437e-10
3.3868419138048727e-10
6.385703380912388e-10
2.856486277608997e-10
4.994165626929716e-10
3.1154232849278984e-10
5.60165369280998e-10
3.668323571812058e-10
3.435590029087714e-10
3.168646564787597e-10
1.198547175023761e-10
8.418939886027485e-11
6.399560952082948e-10
1.7042514279977152e-10
3.6862059320987344e-10
8.25196553415418e-11
6.961365037464206e-11
1.2295223937295176e-10
2.96170649692002e-10
7.223468255919373e-11
4.638121146631215e-11
1.6302703320303566e-10
5.019430376554204e-10
1.8113476333928117e-10
2.4020453578255075e-10
-6.169060911460035e-11
3.910828806035774e-10
-6.355739305028165e-11
5.693855872655539e-11
