[0.0, 31.0]
6.532087823964647
-0.701586665401598
0.021520472891361664
-0.0006475326370894821
-2.359765174643617e-05
-4.9643129113493765e-06
5.244726727141684e-06
-5.874201293128792e-07
-4.5690488875800716e-07
2.1107918288864024e-07
3.4082545467803305e-08
-1.9032772119707596e-08
-3.99754362622353e-09
9.131569097737873e-10
1.6424752998853874e-09
-2.0575100304158527e-10
-5.99018447656568e-10
4.187923751578432e-10
6.016074017688296e-11
-9.607026430963155e-11
-5.52194472975458e-11
3.59004949549995e-10
1.206273245502727e-10
1.8222358415139317e-10
-2.324806259286099e-10
4.737025880579145e-10
-2.0167382535231803e-10
3.203146699055242e-10
1.2765955214423096e-10
-7.845614024764507e-12
-2.8320189632702484e-10
1.0488465378863278e-10
-4.2077121659477203e-10
-3.87022200204675e-11
-4.193760265275508e-10
-1.6393419152158705e-10
-2.1063155489489753e-10
-2.601892937540259e-10
-1.7564331179291021e-10
-3.327435766647884e-10
-2.943929491902979e-10
-4.0222523415829866e-11
-3.0811891230415773e-10
8.269229244886142e-11
-2.9156179527822133e-10
5.422424299504764e-10
-1.943376206334547e-10
6.605912355946988e-10
-1.758212728179606e-10
6.665132824263177e-10
9.835150541674906e-11
3.8859885220814735e-10
3.9271468241640906e-10
5.722258201523132e-10
-1.177338920386272e-10
2.6555800027056503e-10
1.4989441136576725e-10
1.27675188346989e-10
1.9518713835678387e-10
-2.0119383923708987e-10
4.2397954334246453e-10
-1.8875881352132604e-10
-9.377682655828596e-11
-6.892276343223987e-11
-1.4379162909435632e-10
