[0.0, 31.0]
-0.7179795301778077
-0.4481644292054119
0.010158797128078285
-0.00064130300785587
-1.1613017850889954e-06
5.252394548245354e-06
1.1961326356737685e-06
-4.412549709718896e-08
9.34898368928198e-08
-4.862126831421566e-08
-1.374865369504691e-08
-1.0449350024023837e-08
-2.7777782035349408e-09
2.52082546559395e-09
7.586762820245502e-10
-1.0522795063234361e-10
4.804743907858177e-11
-2.4492016025876747e-11
-1.4178879211660978e-10
5.1495465076007755e-11
-1.2212879066359612e-10
2.9946357545439794e-10
-2.2181514726153144e-10
1.5953052169369367e-10
-1.2201461298733638e-10
-8.709776777360097e-11
2.0281083706736405e-10
1.832103852164375e-10
1.6551995441961553e-11
2.168566570200888e-10
-3.112002850481027e-10
-2.791967584359356e-11
-2.694330590180732e-10
6.829420900969768e-11
1.0294271993832326e-10
1.5451395147192645e-10
1.5177176650959882e-10
1.6107206759323473e-10
1.2740233303523137e-10
-2.4545960154041604e-10
4.712948846872246e-10
2.0373932020241318e-11
2.5646781739132914e-10
1.1417090779652225e-10
3.3006917618216333e-13
-4.944949888067486e-10
2.1411179236376472e-11
-4.2872481368328365e-10
3.296253189841958e-10
-6.032788638014328e-11
1.4081340606048325e-11
-5.596470365165886e-11
6.527186501091803e-11
-3.15818774013845e-10
1.0493234377389078e-10
-2.4477256042056985e-10
4.179524587533919e-10
-2.449404872249391e-10
2.4986751330266734e-10
-1.3526033935959343e-10
-5.813395037963072e-11
7.471470130656942e-11
-4.349044472458817e-11
1.480904347644554e-12
-6.766916409457126e-11
