[0.0, 31.0]
561.2045960006054
204.27564368656348
-4.276028633993749
1.8972350773562303
2.400200558838995
-0.6933458585603395
-0.5613194207127553
0.18043792564703934
0.0809459521933144
-0.04735952395184162
0.0032952964046132948
0.011321486759038745
-0.005507657806154592
-0.0017652152973375442
0.0017854726294581694
-7.572310109688158e-05
-0.00038479932513522746
0.00015934548104416948
4.99470974406773e-05
-6.111745313163678e-05
4.741551197967329e-06
1.4558611874916604e-05
-5.815072349923671e-06
-1.9114478949304355e-06
2.23762380426126e-06
-2.1251167042803313e-07
-5.537098627865653e-07
2.3688256034115087e-07
7.380636558641443e-08
-8.727856003071418e-08
7.851270409207636e-09
2.3612974642880765e-08
-1.1400455722811584e-08
