[0.0, 31.0]
447.49866408435884
205.97763385901874
-4.030684886324493
-4.111541274416953
2.3361712057128954
1.1084015291468439
-0.7622581260341335
-0.2125175177494092
0.23201744707304664
0.02754362349660566
-0.06516829134422354
0.002886636745812674
0.017834411900275182
-0.003727541732873858
-0.0046867425664285185
0.001836938428077083
0.001127192542594801
-0.0007320391775976835
-0.00022942920792540174
0.0002617518324443917
2.9543795432130287e-05
-8.645689629254565e-05
4.505379723995757e-06
2.656020692569093e-05
-5.699003418350736e-06
-7.542247722340502e-06
3.016398010492903e-06
1.927534428755711e-06
-1.3020034320566736e-06
-4.1631826568341103e-07
4.648799466283318e-07
5.24413977277969e-08
-1.9126365095537766e-07
