[0.0, 30.0]
311.6386412935657
195.54660393148797
5.281714480581001
3.9470082346275923
-1.4073847090003235
-0.8177735865262119
-0.2346245476777165
0.06264414817987517
0.09553111306993327
0.01586050680692903
-0.005443776032932513
-0.006014191344945272
-0.0023931078233339668
0.0001951757738178121
0.0005959451906588197
0.00027178434360148343
-3.254687800533792e-07
-5.734699811358089e-05
-2.8704616898861697e-05
-2.716328650682049e-06
5.267025059972507e-06
3.35145913499764e-06
5.235502348198092e-07
-5.011309817141117e-07
-3.805615367887395e-07
-8.036328985433372e-08
4.620359623421941e-08
4.288620554123401e-08
1.1694477977643434e-08
-4.000652314910012e-09
-4.846460901349092e-09
-1.893295104030674e-09
3.260120318808905e-10
