[0.0, 30.0]
380.7287666252297
198.66020113328722
-3.542840711918197
-2.9271798213691023
1.2250116002138902
0.46556859444583
0.0060380084669465
-0.004986717616284951
-0.04912662085331929
0.0016851625865239766
0.014142818535881082
-0.0026312767009850986
-0.0027850419626783162
0.0008373266856158346
0.00039249507774407293
-0.0001485537088913654
-4.307329650407565e-05
1.0110397902752258e-05
7.419826213373671e-06
3.008410342946113e-06
-2.7679744013528885e-06
-1.2469108352496141e-06
9.585528222862296e-07
2.430641886409887e-07
-2.4591478670878087e-07
-2.9767121161152647e-08
4.629261367481838e-08
3.0320087709395956e-09
-6.1281332637440275e-09
-1.7565267979214804e-09
7.272412137916088e-10
5.454985666335139e-10
4.453234717058924e-10
-1.844113976379061e-10
5.36820951381394e-11
-7.082748714417517e-11
3.3310558968560943e-10
1.704224142239456e-10
2.900001843657661e-10
-4.2405849458432194e-10
1.0432850447052151e-10
-4.4533779127114356e-10
-1.721735711567515e-10
-4.73878699153566e-10
-2.6518064081132766e-10
-2.1728089360268298e-10
-5.66957390651724e-10
-4.294433500350098e-10
-5.899488202042508e-10
4.582141366435717e-10
-4.4385075783569955e-10
7.058730504076494e-14
1.0197970648549932e-10
-2.146503799103574e-11
-1.1273487028435823e-10
1.8838606640080155e-10
2.4814497780155193e-10
-3.0484849293660567e-10
-9.010320451469526e-12
-4.161301826042629e-11
-4.1777829703440407e-11
-1.5420510290982387e-10
-3.526044460505294e-10
-1.2419358589485971e-11
-2.8218940693270575e-11
