[0.0, 31.0]
-2.071684606609696
0.3384774370383299
-4.25711566964792
-1.3941961912507455
2.132345040441078
0.43962094224140197
-0.4004560722575245
-0.11763106765037373
0.057807146229970886
0.03316219243784338
-0.0016756179298668147
-0.008450869314488354
-0.002929302808246353
0.0017687217734214426
0.0013819182617446223
-0.00023255609342676844
-0.00043284760326041594
-2.2470904179376638e-05
0.00010651535695254583
2.947318249425577e-05
-1.9937906392990715e-05
-1.2886120092993167e-05
1.9236405046740087e-06
4.093166127411698e-06
5.182576908512842e-07
-1.0275970622461216e-06
-3.9221794293629725e-07
1.9292229429938495e-07
1.5308175687735112e-07
-1.656026572057103e-08
-4.502473620543617e-08
-6.6244765225223744e-09
1.1148852705488878e-08
4.4907320492685756e-09
-1.49476830450853e-09
-2.06954112684898e-09
4.4462670900375253e-10
5.484574681900863e-10
-7.68397722687133e-11
-3.570875769180328e-10
-3.944559555024597e-11
-3.0072316148314666e-10
2.5263281225633963e-10
1.0673542325665825e-10
3.9530717822548624e-10
8.483103076192889e-11
7.926792860303446e-10
-2.5560517143289695e-10
3.8366421868294005e-10
1.6411305982080334e-10
6.543211946267379e-10
1.1218782874893876e-10
3.299904821817675e-10
-9.942364823965442e-11
1.9453802719657848e-10
-2.885090985988029e-10
3.9679218532293746e-10
-1.3882486010262068e-10
2.8692409603477407e-10
-8.902071111998261e-11
2.8228349836493856e-10
6.609910173577464e-11
-1.6965683495368148e-12
-1.61410646708477e-10
-3.8491172511900415e-10
