[0.0, 30.0]
472.2977689571868
199.5017972532561
4.282113474886487
-3.7643942652222844
-2.201570414635032
0.4754048008664554
0.699368661542452
0.10719802796813141
-0.1800381492325162
-0.06696164043935991
0.031715111886346174
0.024285923286897035
-0.0019850397659554775
-0.007068405807463679
-0.0014132360911283985
0.001630511582996874
0.0008596076534500961
-0.00024489346694566496
-0.0003184997769127764
-1.3688410832787105e-05
9.042571221717857e-05
2.877925577086748e-05
-1.9135907357722173e-05
-1.3935198239686253e-05
1.9276953013135318e-06
4.7761835602318666e-06
7.268637516080259e-07
-1.2514105078957243e-06
-5.791968959691823e-07
2.3413890803090187e-07
2.3327351320345266e-07
5.328789977247172e-09
-8.394135529012402e-08
