[0.0, 31.0]
407.12116386886316
203.28217871939327
-2.5539463982034607
4.3042507432407735
0.5489348894888345
-1.2981341410577905
0.2747673170657155
0.2122976119477018
-0.10025888666980008
-0.0021398886289270285
0.006424188757379426
-0.008916381204576036
0.0038823316052638427
0.0015833487040323366
-0.0013295811270954004
0.00018473225759056415
0.00010832425663528887
-0.0001153457648977284
5.328109052600296e-05
9.81334162797979e-06
-1.9347579103347774e-05
5.504100460508163e-06
1.2801068942768043e-06
-1.8420111447875188e-06
8.91059350151955e-07
2.7276456131686345e-08
-2.806343848933694e-07
1.2287464469541318e-07
6.799605147798992e-09
-3.169750030479502e-08
1.7002549098362107e-08
-2.3017670593616318e-09
-3.6855642437537606e-09
