[0.0, 31.0]
517.460195682333
205.26233389673115
5.5242487470211
-1.7999568204401328
-3.036435642429708
0.0998376329782908
0.7693443380007112
0.1638700119971523
-0.15143221702575468
-0.07825716811565872
0.014357482063206889
0.02389722229818823
0.0039306476600330835
-0.005282845961328441
-0.0027264922416352687
0.0006249030693587055
0.0009531834314171696
0.00012420383558922347
-0.00023070502919781454
-0.00010950917150947356
3.138253807603907e-05
4.199597571665795e-05
4.4001416921276644e-06
-1.092528970316927e-05
-4.8514034177459724e-06
1.6607622489179198e-06
1.9890546655376274e-06
1.5426471528888076e-07
-5.471155007695784e-07
-2.260019662396215e-07
9.128033815457302e-08
9.874331790269974e-08
5.1791242303198896e-09
-2.8702452110038556e-08
-1.0394017923965653e-08
4.672233873933029e-09
5.147950579727324e-09
-2.5210311532002523e-10
-1.7561082614920574e-09
-7.410468696659073e-10
3.744140769807431e-12
1.8511547722084556e-10
-9.973952708258829e-11
-4.5173111878594195e-11
7.56610489374641e-11
-8.111866388608091e-11
-1.317181656190861e-10
-1.3183730890131997e-11
1.574403666110442e-11
-2.832702719225072e-10
2.0310320728035754e-10
-6.769459382017218e-11
3.2107253777592547e-10
1.557966128266461e-10
4.978311841984437e-11
2.9293270468426857e-10
2.546419207047464e-10
2.9915014397034204e-10
7.395435999724435e-11
4.0767627063054346e-10
7.026498816059353e-11
4.675198598062706e-10
-2.324836192076889e-10
1.588378276028614e-11
-2.99346291452757e-10
