[0.0, 31.0]
333.7381712115137
202.1015798455264
2.980183814336547
5.070389290616778
-1.1395128286660274
-0.3835079621371248
-0.08855726725242989
-0.2273962830617982
0.040786201395794065
0.04008213762702795
0.00793340647691481
0.0018632394600504847
-0.002637060955910528
-0.0006583034425119094
-0.00027655117082844394
-0.00017365548137041956
0.00010641555330090552
5.948500892731789e-05
1.954328344363524e-05
-1.0739500181491296e-06
-6.839841971094003e-06
-1.8119605446852763e-06
-6.50902441701229e-07
2.2347469843447882e-08
3.046534721940197e-07
1.304075329229787e-07
3.898176745338745e-08
-1.6501007092961517e-08
-1.93979585830614e-08
-5.473000183577629e-09
-9.608095087255897e-10
6.660307030363211e-10
9.584533638809542e-10
