[0.0, 31.0]
2.0204458123901428
-0.31611741915443003
4.427227937583888
0.7872994003231312
-2.1335653692348964
-0.3427087353524158
0.2691788296679264
0.12796840188172418
-0.021020507973506207
-0.02735041235097628
0.004645165193464587
0.0037655100419213554
-0.0016730304318331992
-0.0008893885183118394
0.000493487316882533
0.00033938853060278733
-0.00010427660502914583
-0.00010221291847586259
1.357132786884467e-05
2.454253533201843e-05
-9.417284405086963e-07
-5.4876530647044654e-06
9.324517392710092e-08
1.3196906736686385e-06
-2.0288323083407615e-08
-3.494370857393208e-07
-9.918646671374828e-09
9.347924913045593e-08
1.0294226603212037e-08
-2.3208614933527216e-08
-3.953337472545061e-09
5.850658383523107e-09
1.8644434573035975e-09
-1.1094167454416627e-09
1.2082029484808955e-10
6.463034296119246e-10
7.001121415821515e-10
5.435920524674877e-10
2.0628623946338547e-10
3.695610251282576e-10
3.8913584633406e-10
3.684432760987988e-10
4.678828500095343e-10
5.502120510041786e-10
-3.751823163241776e-11
2.26803772681881e-10
-4.22828644174829e-11
1.1725155781145443e-10
3.144456811674225e-10
2.334178343606666e-10
-1.8091236660858987e-10
2.359600992125548e-10
6.411232820048747e-11
-5.6404456010006855e-12
-1.7315804413146328e-10
1.1248933827687074e-10
6.2504083994327e-11
1.8750886149127646e-10
1.0080508752351171e-10
9.636558752696208e-11
-2.856029000058833e-10
4.065285723009186e-10
-4.990993882485206e-10
-1.2177285085962244e-10
-3.377399358924247e-10
