[0.0, 28.0]
426.32203343002925
184.50272293927824
6.862891063126494
1.0909048862276076
-2.2047910488382727
-0.8585917170817948
0.16527055291095197
0.2693737063441756
0.05020409912409264
-0.03399923227757874
-0.023703223252419126
-0.003856142647313189
0.004195044383309082
0.0028752149479431646
0.00018367332828602936
-0.000625970211089323
-0.0003185510236915386
1.227642507073557e-05
8.654607208273404e-05
3.652484738445041e-05
-5.934637509462185e-06
-1.2228767810452776e-05
-4.001405186422472e-06
1.3788036614956323e-06
1.6861476435387218e-06
4.1236101930353083e-07
-2.598293398941092e-07
-2.2831671814726586e-07
-3.638795963089402e-08
4.6475056951466547e-08
3.051733846118526e-08
4.001096689974438e-09
-7.1015431573705685e-09
