[0.0, 28.0]
289.4264343780002
187.76521297733805
4.098876571092358
-3.93189747169521
-2.0524624808737415
0.7600620095386512
0.6701451734852042
-0.07151026483275859
-0.18187308870287872
-0.01325808810321649
0.04202069284682663
0.011772800664671589
-0.008553186733722903
-0.0049652876264019066
0.0013306040817559794
0.0016546354837690196
-3.443782040331966e-05
-0.00047438983030743937
-8.85152481455528e-05
0.00011750406695323017
5.0164043502886124e-05
-2.360945997765577e-05
-1.962172277900466e-05
2.7852301958398264e-06
6.3728784981502485e-06
5.141016670336773e-07
-1.7835768152798445e-06
-5.422835460919312e-07
4.1807153173145105e-07
2.393030304692865e-07
-7.486361983583445e-08
-1.0427510436217355e-07
4.2881922567744684e-10
