[0.0, 31.0]
263.60837484228534
206.3435353220449
0.6439272891089869
-5.578823169177883
-0.3692713374209955
1.7159436964724357
0.10473629540421728
-0.4260865948268864
-0.03225597978828253
0.10594463497237576
0.010241936755347292
-0.026570156967609605
-0.0032248695750027533
0.0069223266301701785
0.0010073223317778152
-0.0018451582799184627
-0.00031275312957628637
0.0004962950186386207
9.657100309179896e-05
-0.0001341281151695344
-2.963397187729851e-05
3.631562376711255e-05
9.026949640152554e-06
-9.82748647467172e-06
-2.7314836129161007e-06
2.6427750181190095e-06
8.16360036282741e-07
-7.120755863612712e-07
-2.4456498053529446e-07
1.8296237065473266e-07
6.918937157392005e-08
-5.475051437947559e-08
-2.306157290325758e-08
