[0.0, 31.0]
473.2736462072458
202.76240334697243
-5.574801329408012
2.8172244884736934
2.008786132837367
-0.39555938804873053
0.21656085656500892
-0.0466133811142075
-0.1219261896988366
0.03754489719688021
0.006013982199259634
-0.00991648116185672
0.00340751164040042
0.0003126067496552427
-0.0005372914339175914
0.00041528809450255876
-0.000126890398849913
-5.5221963341640195e-05
6.276705420119268e-05
-1.9741815042683446e-05
-5.737238261793434e-06
6.931278344992707e-06
-2.433148881059632e-06
-6.009922917474132e-08
6.597364476145023e-07
-4.018938839682619e-07
6.818686212727136e-08
7.082462484170426e-08
-5.868513215168808e-08
1.3899314653083886e-08
6.088541641421271e-09
-7.127587848421931e-09
2.1646807829607567e-09
-2.1091476496353046e-10
-1.1422896232494107e-09
5.23871164565208e-10
-4.521346415827496e-10
-2.095483362362714e-10
1.6234488785213106e-10
2.3669420762685783e-10
1.3585447362317532e-10
2.1074942668671155e-10
3.4325300713974804e-10
5.792550483865252e-11
1.059303388728577e-10
-7.588228047394423e-12
4.135156536102239e-10
6.156451129881906e-10
3.693741703754078e-10
-5.891425348787247e-11
4.082641114632018e-10
6.217557854671647e-11
1.671172209800328e-10
1.5272796776274086e-10
2.7412219580663436e-10
1.3057013769939878e-10
-1.0194017110926177e-11
9.577043230105051e-12
2.8132852191246755e-10
1.7416737672212632e-11
3.8596432588646936e-10
-1.9078463696028617e-10
1.9991719268282147e-10
2.781528732977737e-11
4.573109374019992e-11
