[0.0, 31.0]
310.34096625906454
206.084415550905
-3.009931454318856
-4.662591355724908
1.7138573093619205
1.4467122772737868
-0.46518568005012667
-0.35893101429627033
0.13134570019820102
0.08356231259026456
-0.039744061406974694
-0.018702483015219477
0.012194190084950486
0.0042807738318142805
-0.003708333351538943
-0.0009719593648870904
0.0011235840622976232
0.00020728654908023687
-0.0003408894287615269
-3.854292570836754e-05
0.00010341318418642035
4.793949293678216e-06
-3.12962251696309e-05
5.688797297604464e-07
9.449205613401738e-06
-7.664033846650421e-07
-2.833395968150387e-06
4.2565921583630223e-07
8.540733839716357e-07
-1.7353113067038064e-07
-2.449065337188896e-07
8.613989397417116e-08
8.36647951479522e-08
