[0.0, 30.0]
-1.4448581331494663
1.1891744801628155
-3.610036712720099
-2.711643238441429
1.3569482567309754
0.5111007592373944
0.008203727465473983
-0.03742800940680621
-0.032089660380733104
0.0034968380280412394
-0.0014272218378048695
-0.0012627804664841328
0.0010461559482989164
0.0004554323932400763
0.00010293517799887122
-9.015243611469209e-05
-5.774545055224511e-05
2.6722933396191234e-06
2.520996619311641e-06
1.2528418094830087e-06
8.361612534175469e-07
3.195657253300643e-07
1.2229719230756058e-07
-1.4257193978743458e-07
-8.410873111467589e-08
-2.1407915304660493e-09
9.304668621652781e-09
5.666754558896187e-09
6.946323093653701e-10
-1.0114147805047748e-10
-1.1823557796593752e-10
-4.58672790388885e-10
-4.855982019777563e-11
-1.561239704086954e-10
4.474616764014758e-11
-3.35295956219383e-10
-2.962778608435821e-11
-1.0171827426054195e-10
5.886969666002059e-10
-4.747544698086795e-10
5.02242413226096e-10
-3.350129501129642e-11
-2.1829130551490494e-10
-2.5133712448788565e-10
-4.618673383862e-10
-6.509647027552334e-10
-2.1202323700175477e-10
-6.147957980678277e-10
1.5267661336529207e-10
-9.032454480863436e-10
-9.464296894653849e-11
-7.111451968821564e-10
-2.762781958899379e-11
-3.4689550545202613e-10
2.2842288501600005e-10
-6.590576172233043e-10
1.195382112031644e-10
-3.504870102558893e-10
-2.0408892167779485e-10
-1.3907403723103112e-10
7.221079104607025e-11
-5.3725868761740245e-11
-1.0558338310185395e-10
-4.0020731009465905e-10
5.59770416409815e-11
