[0.0, 31.0]
-1.8077236940550632
0.5795766742392513
-3.7847027654336665
-2.3439990636846857
1.7279184612818712
0.7191813244234427
-0.09298368008356164
-0.15710369989433348
-0.06933613942779188
0.018609496231346476
0.029581285970616263
0.005246473998712942
-0.006514818277032879
-0.003864644479834589
0.0002654395205705691
0.0012229936589714541
0.0004347939275031649
-0.00019069014156417513
-0.00020695153306887586
-2.584345546793877e-05
5.092378793156934e-05
2.8250169575363516e-05
-3.7113686716918986e-06
-9.993099871210029e-06
-2.9478325497313306e-06
1.8166580551262351e-06
1.6258679158192635e-06
1.1084514295398623e-07
-4.4553196981201734e-07
-2.1511983604699556e-07
4.7950610491287545e-08
8.466078527499592e-08
1.990008165034145e-08
-1.772832573804023e-08
-1.2702602821626229e-08
-1.8347272696495876e-10
4.190296769923778e-09
1.469214912184447e-09
-2.3360193328363713e-10
-7.165628589271926e-10
-3.614736758216792e-11
-1.2683285526156076e-10
-8.86553914935656e-12
-5.615351341608735e-11
7.619602758852459e-11
-1.389509481955225e-10
7.153663587008218e-11
-3.122295549957955e-11
3.8249085575927536e-10
-1.245270583012264e-10
2.0419459898758207e-10
-1.8405122257490308e-10
5.116101919185521e-11
-5.953887100302899e-10
2.0102816262577973e-10
-2.0630569078301154e-10
1.5031790121894574e-10
-8.079554458399284e-11
-1.1164656886391487e-10
2.1199683890186966e-10
8.951792669981005e-11
4.2924139275780113e-10
-2.0899131918282435e-10
1.129968076248608e-10
9.125365864684197e-11
