[0.0, 31.0]
1.8001004689321844
0.26965380866857613
4.453445766729864
-0.96294941746819
-2.1252727723409714
0.044433097014982784
0.23252917900843217
0.09635789449635543
-0.008856274313959108
-0.029230762898943687
0.0026361598252528564
0.004639321352779761
-0.00042360350594268173
-0.0009081975522077152
-0.00020926705439116487
0.0002625662516401419
0.0001097456426775035
-5.216021127299105e-05
-3.067177297881882e-05
4.023732059163952e-06
7.68230921287288e-06
7.341015649377728e-07
-1.8379711877559445e-06
-3.8839571353174507e-07
3.7615102570740476e-07
1.4393356154939e-07
-6.127484929405729e-08
-4.873800319587258e-08
6.7304351262652545e-09
1.3472280175331714e-08
8.722878369295497e-11
-3.3816371911806535e-09
-1.0720395541915597e-09
1.664923979081863e-10
-4.837338954370532e-10
-1.995939162083908e-10
-7.106418160380855e-10
-2.3901907401617804e-10
-6.932904863738797e-10
2.9034501822877502e-11
-6.719099257587023e-10
7.139976694312755e-11
-3.2299515172926794e-10
-4.514718654569114e-11
-3.9127286464616086e-10
1.6808184215132193e-10
-3.8542843163250853e-10
2.8304060193450633e-10
-5.040777357701715e-10
-1.3247550737252057e-10
-2.427073091784541e-10
-1.6690387308620821e-10
1.3668710691960495e-11
4.0376559771340426e-11
6.531297153288365e-11
-1.3153019966802504e-10
1.5560843515336689e-10
-6.480980624674408e-11
2.1311032572317232e-10
2.9590088789093404e-10
-1.1467081355706462e-10
-3.101836222967219e-11
3.509795614774748e-11
1.868467504800218e-10
-5.1070123883963574e-11
