[0.0, 28.0]
469.1213313902337
186.72292472974343
5.455591985709883
-2.3105567002403506
-2.501997985669987
0.2731049138678145
0.6499874385415271
0.06361627391688787
-0.13595506789837708
-0.045291780593116
0.01959269576552154
0.016369962592373284
-0.0004671966049828549
-0.004385519444875679
-0.0010319032105772425
0.000882495589548014
0.0005088763184618302
-9.899705808294351e-05
-0.0001647048802081902
-1.7960574905053336e-05
4.041228746624026e-05
1.6045501149183227e-05
-6.8350386382401935e-06
-6.3650630622952345e-06
1.6202171746046664e-07
1.839047073651818e-06
4.6386224895321755e-07
-3.937109468344082e-07
-2.4196699518093396e-07
4.4859585021104484e-08
8.200667883435698e-08
9.756228028666998e-09
-2.045552975829596e-08
-8.567942430887846e-09
3.4739831531887525e-09
3.513408949949155e-09
-9.070087696432964e-10
-1.0050011003110576e-09
-5.168456087413859e-10
7.824804254552014e-10
-5.297137974750485e-10
2.690561222047453e-10
-2.8789668425047896e-10
6.362053446102121e-10
-3.7663408428678437e-10
2.581128491720693e-10
-1.4246369473776246e-10
2.537748260104411e-10
-2.778925238084312e-10
-4.310392832725951e-11
-1.2378981473974145e-10
1.5667868017981934e-11
-6.326868226403455e-11
2.4963524931443417e-10
-1.3600145513616969e-10
3.778318193002837e-10
1.751615663410835e-11
5.0680159377658635e-11
1.8157308027013299e-10
-1.1839851734928543e-10
1.6884472941355214e-10
1.1482472174317463e-10
-2.6425365932212183e-10
7.992117254737764e-11
-1.0023410140466037e-10
