[0.0, 31.0]
552.0351067295105
205.20253953224508
3.2443207728435564
-3.1873086834482325
-1.6134291762635686
1.0626604855132953
0.24228311163210747
-0.26562926489909644
-0.05218252354075823
0.06005644548332746
0.019077687622357915
-0.012655898659639533
-0.006093564543634503
0.002614438040312753
0.0017368825563148348
-0.000528004310341143
-0.00048746652095178967
9.977148222654693e-05
0.00013797791563249616
-1.540424972172543e-05
-3.880168779316759e-05
8.694752333657454e-07
1.0724219488167509e-05
6.998580848850448e-07
-2.909871383142739e-06
-4.462222438287717e-07
7.728026826410982e-07
1.9556208669913232e-07
-2.0238348137988318e-07
-6.910148222501455e-08
4.963429729674993e-08
2.8865151099195445e-08
-1.3730018816962328e-08
