[0.0, 31.0]
235.31127673681297
203.95300540804482
-6.061704743740578
-0.44316047568692263
2.3486069832448973
-0.14515750556991164
0.00500306066813721
0.10980337226339788
-0.09928628098023934
-0.003300474450063162
0.023778751743502007
-0.008246348341647036
-0.002194099819495087
0.0023870481933761186
-0.0005243015330375748
-0.00017705779574731724
0.00021541880821183528
-8.336247701460847e-05
-1.3252457854119308e-05
3.133091669560258e-05
-1.1637350085918671e-05
-2.9851739128025227e-06
4.213117168783924e-06
-1.178061941197923e-06
-4.394424320606471e-07
4.919637317298503e-07
-1.433515090216471e-07
-5.045438009220026e-08
6.463708336344611e-08
-2.0306418404862678e-08
-7.479026320976202e-09
9.058550582312704e-09
-2.2785198657269137e-09
-1.3540575247586337e-09
1.6958851480648421e-09
-2.722527646707839e-10
-2.5357736956716486e-10
-7.413611222388987e-11
2.361811887548028e-10
-4.667060098806492e-10
9.77007659737718e-11
-1.5852989558567124e-10
-1.8503834378002736e-10
-1.5116503595279403e-10
6.971312128925825e-11
-1.9881439051076815e-10
1.9803993009747043e-10
-2.8483273848743805e-10
-1.9687998128720342e-10
-1.2560005788082442e-10
3.040886398793196e-10
2.010968598639646e-11
2.0713257537520076e-10
1.8343648677299073e-10
1.6213072574225562e-10
6.413276117839657e-11
-3.241676133982862e-11
-2.9068241003235955e-11
6.132830281628578e-11
4.2761429748210984e-10
2.8266103494060977e-10
2.2063120358419646e-10
-1.9602559755130983e-11
-2.006625380840293e-11
-1.0097732319870822e-10
