[0.0, 31.0]
223.0732371822526
204.65686595169257
5.077921226327639
-2.415749551181767
-2.1978778831994785
0.022462500568404598
0.2770165285926699
0.2522552698586616
0.004752114391483428
-0.07746310500902337
-0.019963065537850717
0.012856213572725657
0.008182000606562134
-0.00029347845261148547
-0.00193233465191399
-0.0007082126382509886
0.00021177454308789683
0.00029239361279310993
5.352656429632341e-05
-6.46540062354767e-05
-3.8166800853435454e-05
4.360220022187338e-06
1.1879367304745244e-05
3.159819680757835e-06
-2.036140687754489e-06
-1.6602433184326742e-06
-7.254066151610006e-08
4.4182392806732094e-07
1.9310793740959876e-07
-5.821322154341114e-08
-7.530638181199524e-08
-1.7718484434772948e-08
1.7183307911254966e-08
