[0.0, 31.0]
1.857624056367089
-0.15774230465278127
4.705287545543245
0.8129177084006873
-2.159972460776391
-0.22729037549194195
0.12802012876841581
0.048760433883414195
0.057488082999869426
-0.010492614205774227
-0.01654294468606187
0.0005643581454439928
0.001801477748521051
0.0007033288983423556
0.00018605764271506384
-0.0002916020770277833
-0.0001231848497189403
4.535410516544646e-05
2.7438154193178988e-05
4.489742801757499e-06
-3.1010378801074794e-06
-3.982926197241072e-06
-2.67853428262741e-07
9.12383457879786e-07
2.6551598330324097e-07
-5.08268332393274e-08
-8.281045638521266e-08
-3.238495303537236e-08
1.3226155604093376e-08
1.2630938220977968e-08
8.463084185324057e-10
-1.8634428597359253e-09
-1.3358555178440024e-09
5.11016427562703e-10
1.121756919631201e-10
3.946474631485004e-10
3.1903954123937783e-10
2.085282886984442e-10
3.2478984860961233e-12
2.797806873347862e-10
-2.6062183512581756e-10
1.756625178068784e-10
-5.767469411570222e-10
3.735579306221151e-10
-4.928304379410315e-10
1.8011763023453544e-10
-2.815049826186692e-10
3.749377941996507e-10
-1.8034304491134336e-10
3.8454750459120076e-10
-4.6030127758447976e-10
3.474672519377957e-10
-2.802742304339804e-10
2.6079297067936026e-10
-4.442705519363713e-10
6.0086077426788e-11
-2.0314428943780216e-10
1.327619462242571e-10
-5.151233667201352e-10
3.5556940192483244e-10
-1.0598616439828133e-10
5.115340778936851e-10
-2.4331654704791087e-10
2.3625828231125245e-11
-2.2011363994595942e-10
