[0.0, 31.0]
222.49039076952818
202.30471493215714
-3.3463340436061753
5.196719069266093
0.608117010505985
-0.8336987807832229
0.46076805345306704
-0.07355324398012128
-0.12657996969891952
0.03803428829609888
-0.0042552020403775
-0.0016191252371892816
0.00467608649021956
-0.0021387958117731203
0.00014735565508188224
0.0004865107013035915
-0.00028906041926803685
5.125227477506956e-05
1.9708595057865943e-05
-3.112581008300639e-05
1.5822430090193903e-05
-1.0331183316197111e-06
-3.257182493764491e-06
2.2370019385841126e-06
-5.668974768693202e-07
-1.7009461469010203e-07
2.5765731013894445e-07
-1.3018448674735357e-07
1.1803703547432148e-08
2.6667929676776815e-08
-1.9722251221446874e-08
6.055803958977273e-09
8.534765290088884e-10
-2.1854457003751165e-09
9.162219327717128e-10
-9.132346417083278e-11
-9.06125406681064e-10
2.2891348705316997e-10
-7.4650582337841e-10
-1.4140962122968258e-10
-3.4304852698716935e-10
-5.8161810024705947e-11
-2.8269577855581925e-10
1.8660614858509813e-10
-1.7830389453495725e-10
-3.31613518033679e-10
9.508108294688882e-11
2.534511289490812e-10
8.280819939829859e-11
1.7937158030220708e-10
-1.4730187648688722e-10
-2.0098537613593135e-10
-2.1531462867005937e-10
1.9374507954625608e-10
1.2609085279264037e-10
1.328424115686477e-10
2.773182058561714e-10
1.8936105567239077e-10
1.2394721514190772e-10
3.853556416751345e-10
1.8605428592653434e-10
-1.1894547474828407e-10
3.263308740353785e-10
5.256853405209675e-11
5.030907330524656e-11
