[0.0, 29.0]
197.6685953225566
188.31268657593358
3.4311289269526832
4.463577055466609
-0.3329166017030813
-0.6824630304358632
-0.3638530527858181
-0.02952803946033214
0.07302921245463803
0.02107793404641349
0.004572097119499862
-0.00042709373234854576
-0.0023972634791006166
-0.0011301818193556877
-9.454206264564978e-05
0.00017988697976645233
0.00010884789667267153
3.075424855754255e-05
-2.1314488536726294e-06
-1.0242711903162344e-05
-5.605803028437326e-06
-8.266140141222185e-07
6.861846681605575e-07
5.824149332766596e-07
2.1283383539991178e-07
9.598309353031771e-10
-5.208390633809692e-08
-3.2146068911081255e-08
-7.023201912848759e-09
3.0478490230796254e-09
3.387964917243294e-09
1.5940057067682211e-09
3.037594830195733e-10
