[0.0, 28.0]
477.5319698451467
184.6568675010734
-4.963675385917982
-0.9917435279906521
1.346498435585371
0.40731771948393064
0.008069913422388964
-0.11932214420589086
-0.016242491123885015
0.02983690512632492
-0.002108015809987274
-0.0059827203968854815
0.0011532967808786157
0.0009660728654462972
-0.00021155696769220635
-0.00016903829690354414
2.996732293411149e-05
4.078097523597059e-05
-6.622018577832724e-06
-1.0233368965299311e-05
2.184399742249e-06
2.2210562436274435e-06
-6.277328538891618e-07
-4.4028888094388015e-07
1.4634367021263767e-07
9.193494020120645e-08
-3.206175992207973e-08
-2.076681786906796e-08
7.660154414884874e-09
5.063482765104926e-09
-1.8098791655740775e-09
-1.2586922574740777e-09
4.695585346076274e-10
