[0.0, 30.0]
325.30702330133255
195.94990548603948
-2.9573231678512113
4.437221021809223
0.44785544146182665
-1.067938961976046
0.34582442846867806
0.11037994143102861
-0.09886170228812272
0.011498130968635719
0.0010354092231259142
-0.005597327826704961
0.0042226859697099784
-9.89477668257191e-05
-0.0008314475103003686
0.0003585554399986998
-4.375840996143544e-05
-4.746396117468221e-05
4.773966442245808e-05
-1.463903314936984e-05
-5.39745172836339e-06
5.701805151188964e-06
-1.756363731897087e-06
-1.9243720225171946e-07
5.776308012651318e-07
-3.065915995440921e-07
1.6452810298468838e-08
6.752546957973138e-08
-3.880732331310077e-08
5.9212415873729265e-09
6.287301726013481e-09
-5.316234956986594e-09
1.869555248818009e-09
