[0.0, 31.0]
-1.8016870206809459
-0.7139656834437924
-3.8382088745133576
2.5122870607812513
1.6772249434662225
-0.7452477288982736
-0.053542384749794975
0.13856915372798445
-0.06791082214359331
-0.000971576316333004
0.0199346073602352
-0.010326150799483028
-0.0013598197896023576
0.0034443389598676445
-0.0011401225864950853
-0.0003759870616602798
0.0004915925865972919
-0.00013465149328709095
-7.362808140548765e-05
7.425400570042848e-05
-1.4463728323197305e-05
-1.4254440883936634e-05
1.0839836791300223e-05
-1.1415436080129033e-06
-2.524437871281941e-06
1.537974097697758e-06
-1.9960186113304584e-08
-4.3089617157773106e-07
2.1259500107890457e-07
2.1181259283198947e-08
-7.12710331239417e-08
2.779004155256806e-08
6.559693372418931e-09
-1.1733419529434375e-08
3.6784557993236248e-09
1.536029697541702e-09
-1.5009472604681028e-09
1.5579349541432326e-10
4.3432420957956854e-10
-2.929746861209972e-10
-2.924786549617916e-11
-1.500875667530984e-11
2.1059838594176844e-10
-3.6783716139723e-10
-1.179989397649888e-10
3.088534979378585e-10
-7.049870314775589e-10
-2.4915231257346245e-10
-1.5820884343553967e-10
-1.5633410418297272e-10
5.275896999092397e-11
-8.859098858543606e-11
1.7049214198761582e-10
1.8879726095215277e-10
1.0956029108216078e-10
2.452540277560772e-10
-1.269887948948546e-10
1.145799686339653e-10
-3.0943104934608044e-10
-2.462128467237912e-10
-2.156235136514003e-10
4.0718626644641275e-11
-6.386089347556171e-11
2.1566585694531315e-10
9.517435266512846e-11
