[0.0, 30.0]
-1.6158238098093298
0.7260814220833002
-4.259285513766065
-1.842426844917191
1.9620014222591227
0.1909643581889259
-0.3675413321026365
0.10001680559000393
0.04795370843843845
-0.048469886569554574
0.0038336810581110475
0.012678215228115354
-0.005360933843071042
-0.0017045627094613488
0.0020651305624676494
-0.0002639010246307034
-0.0004880971775333588
0.0002522229889349047
4.930198442996013e-05
-9.015042766863452e-05
1.8142921187143564e-05
1.9409906870798047e-05
-1.2210453078347868e-05
-1.1966626900005502e-06
3.967139904005266e-06
-1.0866059006736054e-06
-7.581164159765985e-07
5.913715357833996e-07
7.365502666181179e-09
-1.7429459640053129e-07
6.179184948641743e-08
2.9065927596758706e-08
-2.812554555795107e-08
2.038113597356081e-09
7.884190066973792e-09
-3.0538202579600953e-09
-1.0569063389652614e-09
1.3875804252356642e-09
-8.190718603093313e-11
-4.088418059983708e-10
2.3921392621205555e-10
1.5819300561801708e-10
2.355035473501297e-10
1.2264680063638031e-10
2.0788967070150522e-10
-4.4713907240922305e-11
5.672575350995879e-12
3.2624910030965207e-10
-3.707491026102419e-11
4.3202489176747915e-10
7.35235922820364e-11
1.3655428418685816e-10
-1.759167728710299e-11
1.2395538527952444e-10
2.4809613942664237e-11
1.0529454188392971e-10
1.7323845496451365e-10
-7.508964652994428e-11
-1.5695714445615653e-10
5.018939537031351e-10
-3.419659589421461e-10
1.9722517604524208e-10
1.986001061294828e-10
-1.3771643474068237e-10
2.4080394788581244e-10
