[0.0, 31.0]
391.73992733705086
206.18122806518252
0.5250747314632397
-5.328843716684611
-0.3947462741183468
1.517784251268304
0.2445418074362892
-0.33395094895328703
-0.08686785366356375
0.07626232256598336
0.024766633609144766
-0.017262206102755324
-0.007049612341143885
0.0039003553682311954
0.002027124823557716
-0.0008738906883189297
-0.0005762782095482438
0.00019138431876499122
0.00016119261667768559
-4.0226815378840385e-05
-4.437049518023064e-05
7.88282735668607e-06
1.2013142852607032e-05
-1.3606347382730088e-06
-3.1956647683452293e-06
1.740043339593437e-07
8.329599050960538e-07
-5.0448185046890785e-11
-2.1253654241631367e-07
-1.0501131161828015e-08
5.240765516431742e-08
4.923470462309705e-09
-1.3262097890539973e-08
-1.479307453867191e-09
2.4483279431240547e-09
6.422908357826696e-10
-8.757440360421228e-10
-4.517068969692288e-10
-2.993359436537034e-10
4.085467856201739e-12
-1.39087219556131e-10
-2.046644600127498e-10
-1.8790578669377324e-10
-5.341861929802883e-10
-5.109312465462403e-10
-1.539851345268181e-10
-6.595040155997225e-10
-4.806401929102032e-10
-3.7986968749223087e-10
-3.4370649376388357e-10
-4.2082945586181873e-10
-3.260765873284247e-10
-2.5684585454619444e-10
-2.7816611160502587e-10
-5.816878108782537e-10
1.3854174014994036e-10
-2.123948881616523e-10
3.3931128765139916e-10
-4.2857976159087935e-12
3.9052492180653114e-10
7.002756531028482e-11
2.0826867871647918e-10
-1.2274428914994672e-10
7.361795867590417e-11
-1.3874565461034297e-10
