[0.0, 30.0]
-0.1734495020252252
1.7727415455583253
-0.400649645684725
-4.093107752232917
0.11606578523583302
0.5356316937764972
0.021691245957873796
0.054234974910399955
-0.003016969068451404
-0.0034195891380175794
-0.0022625504990658927
-0.0039380723097122315
0.0003120346379006199
0.00038055377779142214
8.785083494626589e-05
9.934184764587769e-05
-7.477629659632609e-06
-5.041423892383668e-06
-5.677740667711269e-06
-5.083763871039078e-06
4.823466313769024e-07
3.525974526285375e-07
2.3664023563484012e-07
1.6513802458930543e-07
-1.0952155053502784e-08
-6.411047456855539e-09
-1.2648725766958651e-08
-7.001879751661197e-09
3.4222612220634417e-10
7.580232693034089e-10
2.9346360362614463e-10
7.780667386053633e-10
-4.650470120657213e-10
5.616301750626357e-10
-2.2417179384733606e-10
3.803835281615901e-10
-3.0711388021738317e-10
3.5559501682513413e-10
-1.8575956255175638e-10
5.365349140802431e-10
5.777427651468463e-11
9.142951772595298e-10
5.7371689789033974e-11
2.335731084453223e-10
-1.4130384064515857e-10
3.4351587529628705e-10
-2.68352343435316e-10
3.7326511619161276e-10
-1.6645166772087952e-10
4.325327870231836e-10
1.1732672776663022e-10
3.9730985057139553e-10
5.285838274253517e-10
-1.4035837551964488e-10
2.3492858265385366e-10
-2.2031476288964666e-10
1.3586298397116947e-11
-2.933565875980237e-10
1.2701221700107096e-10
3.911533452880272e-13
-4.4861050630985294e-11
3.748456511352378e-12
5.936780918079408e-11
4.3206512760340424e-10
1.3927358391791176e-10
