[0.0, 30.0]
247.48856924580775
194.70079403855186
-0.8461658587330709
4.996291343126304
0.7460646530526173
-0.43230619831941214
-0.20966503258891506
-0.12055593013842587
0.025649898443087564
0.013480206197470208
0.0002972402465647195
0.003021646658016794
6.621770555079694e-06
-0.0005096951476569095
-0.00014167894223088542
-3.782343195517187e-05
1.4038168326261365e-05
6.994133836577021e-06
4.9203022420620295e-06
2.269524531658444e-06
-7.941341308613442e-07
-4.3630728086505183e-07
-1.0879271483459518e-07
-4.1429662277950354e-08
1.5368886916093684e-08
1.5805292698683222e-08
7.540428566727116e-09
4.5601843179410174e-10
-1.0983159898850605e-09
-6.665947278707063e-10
-2.8128289753180723e-10
-1.461581616626966e-10
-2.682811699469858e-10
-8.35835078131059e-11
-2.0879017784503572e-10
-1.5212238500290107e-10
-5.098478215943766e-10
2.9342568552880597e-10
-2.493526910951518e-10
7.35169921029867e-11
-1.1685126688576057e-10
3.684627839158697e-10
-3.87735550615864e-10
-8.359578483973411e-11
-4.253287066903367e-10
2.356295930041061e-10
-3.475487049905125e-10
-2.3948352954197034e-10
1.3221685074352586e-10
-3.3733858912209225e-10
3.570510209432046e-10
7.884747015461062e-11
3.6446342822725876e-10
3.421325234828997e-11
-3.7894932106618406e-11
1.4289982369059515e-10
1.4984959605408412e-10
-2.0388701139280888e-11
1.9408081730699675e-10
3.741003176606705e-11
7.807893310151202e-11
2.750981828252157e-10
6.01106465000073e-10
9.255239912482008e-12
2.4905690507486133e-10
