[0.0, 31.0]
-0.3454929632947163
1.019819160581625
-0.9045606425614797
-4.117872375199433
0.3306393313765967
0.7243805092421732
0.0016962787570211507
0.05102755521832217
0.007219877641534042
-0.02986542184936966
-0.009456445422304902
0.0029191395922756897
0.00192821864558161
0.00045860995241863844
0.0002592444945845387
-0.00011001411495684624
-0.00017173885069531885
-2.1831765100827493e-05
2.0084583056047615e-05
8.932671623629928e-06
4.382892819881853e-06
7.134202970540938e-07
-1.51233019598754e-06
-8.387751766889333e-07
1.8835458440971685e-09
1.1855866107273768e-07
6.602077779256879e-08
2.7957412245815753e-08
-5.244184980748169e-09
-1.2103090094647782e-08
-4.3089948665050465e-09
1.444995497609896e-10
3.2455086117539644e-10
6.49380162920896e-10
-3.5177739471121173e-10
3.811687746896347e-11
-4.5814649551554297e-10
1.9484412164861102e-10
-4.319620324068907e-10
-1.473577020913411e-10
-1.9844041205507073e-10
-1.9903206915611272e-10
2.2133645739463775e-12
-2.4973733675744176e-10
-2.1824617683682278e-10
-3.918509431461525e-10
-3.289894962337774e-10
-6.254845289865783e-10
-3.3536854176849484e-10
-5.347122825567466e-10
-3.1098433111006646e-10
-1.3060496202262711e-10
-5.229793231482628e-10
2.1381546650105628e-11
-5.336008151742154e-10
-5.671362719037164e-12
-2.8566305444070533e-10
-1.885738804839079e-10
-5.123795849323403e-10
3.862291672260076e-10
-4.743556355033241e-10
2.6670128632494272e-11
-2.675114948726162e-10
1.0976721060560357e-10
-1.030119596451915e-10
