[0.0, 30.0]
501.3390316749459
198.3738884655181
6.375169095530307
-0.36499193627220344
-2.942945486057868
-0.38746070215981154
0.6080486558625893
0.23397014989383505
-0.08345819175294635
-0.07137846856447713
-0.0033171532698857233
0.015952114514390867
0.006326021550401131
-0.0022444713777837596
-0.002353735709386097
-0.00012728165732699264
0.0005769987984680835
0.00021677915306307684
-8.613452189885126e-05
-8.706140133085536e-05
-4.1423394502924575e-06
2.2822040873788816e-05
8.461943787089857e-06
-3.6555623169140666e-06
-3.5566445176020655e-06
-1.1677232196600731e-07
9.730787690883735e-07
3.5261524411740644e-07
-1.6203166409831554e-07
-1.5022204577455981e-07
-8.258484249760765e-10
4.753687568726992e-08
1.815388857687767e-08
