[0.0, 31.0]
-0.14196210433654863
-1.11020524663623
-0.11330274693898187
4.01597064192121
0.05455463261440144
-1.1076942914447043
0.02295232163440755
0.24126932089462733
-0.027194399844398132
-0.06407279074072988
0.01575967039588195
0.01770711863931279
-0.0068088537647924986
-0.004731705836251475
0.0025580157304579826
0.0011908995947930022
-0.0009042147594402629
-0.00027263496581020997
0.0003077049889858843
5.203054311927289e-05
-0.0001012136152934792
-5.500515043612588e-06
3.221811246739901e-05
-1.6945650781335076e-06
-9.924519642587151e-06
1.5870437057615735e-06
2.9529173557092165e-06
-8.147724042684961e-07
-8.435257802624621e-07
3.4741341825284163e-07
2.2965610188066492e-07
-1.3433634683895257e-07
-5.818839897123011e-08
4.917312980093537e-08
1.3304677299968303e-08
-1.7132335210669047e-08
-2.036907396569666e-09
5.436400911989756e-09
5.982160419058493e-10
-2.0525137759997743e-09
5.230514714518945e-10
5.224262273529658e-12
1.9267496523423122e-10
-2.2222629745192374e-10
4.1373331168606973e-10
8.74309824498444e-12
3.952009172220598e-11
-4.834335289479518e-11
1.2899454833079366e-10
1.4686984504491944e-10
1.1426372255435307e-10
1.216303822045793e-10
7.553902635237991e-11
5.191059368037028e-11
2.2408234275553202e-10
6.229985276433445e-11
2.4397115294288e-10
5.0528906869332005e-11
4.0797909217342993e-10
7.597291729658621e-11
-1.4295024355005518e-10
1.1204481347745544e-10
-1.0268781142533065e-10
2.6983505474708665e-10
-8.924644080511318e-11
