[0.0, 30.0]
285.107121120758
194.7452992344599
3.2389027184471613
4.980272278019912
-0.8583648828404673
-0.3650915831924305
-0.1587333036076566
-0.1747767221985188
0.0384175777219084
0.028248961739246483
0.006581884452384584
0.0017978552256008274
-0.0014289912817842592
-0.0005515278786375846
-0.00032800196744316005
-0.00010789715201247516
6.61570968047182e-05
3.7536554051637876e-05
1.4150057309805293e-05
7.721291567346397e-07
-2.9229769650068864e-06
-1.391255670840984e-06
-6.576806532024825e-07
-3.6336890416056146e-08
1.4847349361085665e-07
8.123733808863254e-08
2.778551579471919e-08
-3.249089309791674e-09
-7.263589976984284e-09
-4.160651144712282e-09
-1.472546383339703e-09
-3.158013067031557e-11
-5.413943530763449e-10
-2.4590191295029e-10
-6.445719448564431e-10
-2.123180710789352e-10
-5.863890873712787e-10
4.478331709148199e-12
-2.0927146543024107e-10
-1.9878264708697646e-11
-1.0693702651550459e-10
-2.8317886401964064e-10
5.905180316946633e-11
2.6074983808854666e-10
-2.096752693425576e-10
4.26753562555474e-11
-2.696968049053871e-10
2.7783887636981496e-11
2.3421982382371042e-11
-4.0791351476118224e-10
-8.47575357535727e-11
3.225819534425891e-10
-1.1462273945775947e-10
2.2629153794042562e-10
5.531849401503421e-11
1.8224578672191612e-10
-1.4721564803448762e-10
9.96787390853001e-11
-2.4413265234235767e-10
3.0287668083549104e-11
-1.09608786803042e-10
3.2255511127494744e-10
-4.3205701996600183e-11
6.510849640994277e-10
-1.2085875257446806e-10
