[0.0, 31.0]
1.9211494152442832
0.04752735527238869
4.6983770039436115
-0.5954062835710995
-2.2522409054107433
-0.13092805059767743
0.2878311005494466
0.14996534368817616
0.016772147227323914
-0.033617499162157546
-0.02276656905586921
-0.0010373712274892898
0.006463683643378943
0.0030201329214490876
-0.00039275560054914297
-0.0009936304532342567
-0.00037118332599421066
0.00010323047710259166
0.0001573224860978183
4.561391836686845e-05
-2.390920490140662e-05
-2.4464015841677296e-05
-4.7431707361250546e-06
4.7694171271977115e-06
3.6583609597577776e-06
3.758379041022075e-07
-8.833213352023366e-07
-5.345531468365502e-07
6.112556878835614e-10
1.5600719771581812e-07
7.500422166192349e-08
-1.0002980864430037e-08
-2.6241045687029417e-08
-1.0363366659005188e-08
2.7286564316858727e-09
3.811728795292042e-09
9.952723688875802e-10
-7.745422204363784e-10
-7.41311592496954e-10
-3.5312172098361e-10
2.862051620828279e-10
1.3511671819994925e-10
-2.2074014360862579e-10
-3.649343348999768e-10
-2.631052877313874e-11
-2.8130651721094383e-10
-2.332328447811092e-10
-1.20659950243105e-10
-1.7310387550959413e-10
-4.024118466911571e-10
-8.487683439371824e-11
3.1188094308248324e-10
-7.415923943701637e-11
-8.872252367731687e-11
3.231844073770359e-10
-3.035246895523817e-10
3.9862639594033925e-10
-6.258107126509721e-10
1.0209412752688503e-10
-2.4874802660753156e-11
-2.7196359456858736e-10
-1.007156736861987e-11
-3.4852810005468155e-10
-1.3583709994362666e-10
-2.2682196543666165e-10
