[0.0, 31.0]
358.07059575962427
205.36422993964297
5.794529655844245
-2.4763774463520276
-2.9906647004529017
0.14222632548497563
0.7106984878023164
0.19588556532648596
-0.12843295179401906
-0.08303810118503738
0.007661940816282716
0.022343571955976967
0.005314167639036457
-0.00411756283242195
-0.0027736978585342757
0.0002073358218562778
0.0008267257583470329
0.0002156675118777234
-0.00015754062387203716
-0.00011295687042584462
6.1867118007749056e-06
3.412284599983868e-05
9.882640183214916e-06
-6.409067950228119e-06
-5.0535644594892125e-06
1.1887360071844754e-07
1.516055487395816e-06
4.955305864763684e-07
-2.703638078210698e-07
-2.3656115832400597e-07
1.0467015736746428e-09
7.645792818814668e-08
3.1270177568610354e-08
