[0.0, 31.0]
270.4414805065507
203.24623917960807
-4.000674627722667
2.238363910581917
2.059776327183034
-0.004309696881981525
-0.2050457823798466
-0.1650196528268725
0.007150445178376111
0.03095173790703506
-0.01074288727370591
-0.00200056337797962
0.0040812715260421266
9.419726451712166e-06
-0.000639497879268901
1.5499154701820702e-05
7.783593005586154e-05
-7.1416686841809365e-06
-2.441899997644746e-05
2.569648295269129e-06
7.59772382510472e-06
-1.3510240399941201e-06
-1.4634802688299043e-06
5.746350186274691e-07
2.164896339514363e-07
-1.5710328993201882e-07
-3.773329370307572e-08
3.41456414613643e-08
7.614752699273237e-09
-8.266582200545954e-09
-1.381931889570774e-09
2.581794245045606e-09
-4.2359226212809973e-10
