[0.0, 31.0]
0.8294345139226573
-1.0358645913378621
1.722673779097363
3.736615730738764
-0.8376488550894328
-1.0062623571978602
0.15559328897109692
0.19273292422982963
-0.039219527264378294
-0.03556195583953151
0.014778710947356223
0.005086314589850395
-0.005224567550621543
-0.0003791118748777571
0.0016190653233502789
-0.00011503728435964356
-0.00044594007231218925
8.59925619944081e-05
0.00010965475209411266
-3.763862677344486e-05
-2.3855840112941048e-05
1.3730059835893502e-05
4.343636536426062e-06
-4.473813268936537e-06
-5.07699773069324e-07
1.3306302083135743e-06
-5.952227078691503e-08
-3.6433677217475034e-07
7.022826353654785e-08
9.10469575379303e-08
-3.294604588744742e-08
-2.0970262422343554e-08
1.2405180947325872e-08
3.3936106050118443e-09
-4.433990742950354e-09
-5.072642320709926e-10
8.80061768219653e-10
2.5770120798078386e-11
-1.7269758211275043e-10
2.0670508471947977e-10
-2.0459208480513873e-10
2.5657617796446383e-11
-2.1110777941320918e-10
-1.3550849738594754e-10
-7.228299739826428e-12
-2.1498349479033143e-10
-2.094947258544339e-10
-3.0951916661408454e-10
-4.497124236674841e-10
-3.7135682410022206e-10
-2.469444601965924e-10
-2.3255658161213222e-10
-6.104575258368775e-10
1.2296177176970304e-10
-3.729314031676768e-10
-1.891206089757741e-10
-9.817658047576198e-11
-2.2179027934354073e-11
-2.5240129043655334e-11
-1.0600020000559514e-10
2.329757376894675e-10
1.2732929882596507e-11
2.4683073725828288e-11
3.7820439737849494e-11
1.3738923031268744e-10
