[0.0, 28.0]
1.0050375521495896
-2.0563221975333215
2.8543244868855364
2.946793427795506
-1.1353064415824814
-0.6131451363538327
0.25264015181732463
0.07885336576524576
-0.06456778583610064
-0.0029921477498702073
0.01656248406410267
-0.00318671558694838
-0.00372913454345408
0.00159005352193561
0.0006698810753812897
-0.0005358299084190163
-6.775455015501134e-05
0.0001504695543789434
-1.3037556831422325e-05
-3.632089581096389e-05
1.0878558013674127e-05
7.288433111207945e-06
-4.352713214275115e-06
-1.0316349609831556e-06
1.3575218464518097e-06
-5.079619526905038e-09
-3.5732144153865627e-07
7.403608273888274e-08
7.948028136733882e-08
-3.624567816325574e-08
-1.3415892893860047e-08
1.2330197322378913e-08
1.2281624767522113e-09
-3.6622739363569446e-09
4.884947986835661e-10
4.3302933246120407e-10
-9.196239525503213e-11
-5.485878352703719e-10
3.242611445253627e-10
1.3857006124294405e-10
-3.256766843598366e-11
-4.4710052960288705e-10
-3.941521915852787e-10
2.4214079557644664e-10
2.021891533270322e-10
-2.756039297785014e-10
-1.4640402658243717e-10
-1.482448418781474e-10
-1.752281048985513e-10
-5.93297874682499e-10
-9.52689136652122e-11
-5.548809562827091e-10
-7.746261910371226e-11
-4.017962590954701e-10
2.610834532492698e-10
-4.774851934116621e-11
4.312831113103663e-10
-2.274253571013863e-11
2.911184140822997e-10
1.8634105731495438e-10
3.9373109288181014e-11
4.227356876315057e-11
-1.5776801407159746e-10
3.2353901181283106e-11
-9.946698632783744e-12
