[0.0, 29.0]
363.6318265437859
188.6747768335998
-1.3221083788423151
3.8718561192298844
1.0378534706768157
-0.4444530519236306
-0.2506047915840041
-0.04302189833795008
0.02344910666483579
0.004534411661512203
0.0006209206791073363
0.002225241516529999
-2.3496778582148653e-05
-0.00042504437813890134
-5.193102919842922e-05
3.4527559049546035e-06
-5.678306154940392e-06
2.5441810636381264e-06
4.100663377892208e-06
8.922978546317937e-07
-4.147073570869993e-07
-1.337565148849777e-07
-9.240926729989411e-09
-3.403827793723965e-08
-7.813188527619034e-09
7.969057552628975e-09
2.9100759420946075e-09
1.324885935421766e-10
-1.2286854161157463e-11
-8.765437570256374e-12
-2.366406482268097e-10
2.62038424622098e-10
-2.929102642156097e-10
