[0.0, 31.0]
269.36415135288047
6.152864104738844
-0.020283256683835824
-0.002192851707651125
-9.558065182803865e-05
-5.560684351382967e-05
-2.8760841037192823e-05
-8.826812783758845e-06
1.3452060263436837e-05
6.968026838730954e-06
-2.009157110858055e-06
-2.865824131453798e-06
-5.156688973407219e-08
9.300421289458312e-07
1.475816514028227e-07
-2.6442399802548656e-07
-8.24674364275982e-08
7.129697558762992e-08
3.599028328723668e-08
-1.7905181220312742e-08
-1.4654551125659378e-08
3.730225318317423e-09
4.43629938504867e-09
-8.351125942098181e-10
-1.718123818403843e-09
-8.796104368849891e-10
-1.9809272559910973e-10
-5.021688393519296e-10
-1.218398332733623e-09
-7.319018228346583e-10
8.434295749409321e-13
-1.2510899443639073e-10
-4.1897225396797474e-10
-5.499858888194068e-10
-7.091645110352969e-10
-4.5007552365473227e-10
-5.034092926819756e-10
-1.751421060606763e-10
-2.647332633441261e-10
3.3224182907353204e-10
-4.1295190151095157e-10
-1.7630408057680884e-10
-1.6342446011861254e-10
1.354263989811356e-10
-3.551392612578463e-10
2.9415061347474275e-12
-2.9045374454223954e-10
-9.74549585138233e-11
-4.468735420992403e-10
-1.6312677973881618e-10
-2.545935717452084e-10
-4.5863605493719945e-10
2.819648418691729e-10
-2.819573055810645e-10
9.478863269387114e-11
2.315679931372829e-10
3.35506897436052e-10
-4.2185898290925964e-11
2.019743004304063e-10
1.7564941054384015e-10
-1.3222245947240436e-10
1.4960588666598336e-10
-1.4276347939676768e-10
-7.62319406578108e-11
-1.1078257771840855e-10
