[0.0, 31.0]
-2.750985783992662
0.32297623472458903
0.029950415395720523
-0.0008641930364820502
-0.0002554074334264262
-4.459613595331439e-06
6.233747843735654e-06
5.57505625304e-07
-8.192689678768429e-07
9.355799242429836e-08
1.6209939671761394e-07
-6.08899617485367e-08
-2.8096063955914565e-08
2.198065855259938e-08
2.45216009181539e-09
-6.188339049149649e-09
6.330620687924001e-10
1.4656876455219207e-09
-4.512075933470895e-10
-3.965135644164266e-10
3.854871552938291e-10
-1.3889743064053753e-10
6.871267979825395e-11
-1.2318923474173123e-10
1.879775040326233e-11
2.562840331830302e-10
-2.7244334151659727e-10
4.580509294862114e-10
3.7420502931247356e-10
5.397885877229307e-10
1.0742609512807068e-10
5.185393376107907e-10
1.5519040621450618e-10
2.0200667197969714e-10
1.6695175301342832e-10
5.41313219695035e-11
-6.592339926902909e-12
1.1036206586248785e-11
2.453876463403929e-10
-1.5271758299670226e-10
1.587539111059544e-10
-2.7314929327647597e-11
1.5995605419272643e-10
4.155868687503066e-10
2.2371779370079632e-10
3.7956074846359454e-10
4.124275217341786e-10
5.53630947303233e-10
1.7597655406552205e-10
2.520133098440041e-10
1.4176438459092416e-10
2.391083671127118e-10
5.390284079397188e-11
4.8327110370911905e-11
3.829824742099145e-10
-2.92946735919527e-11
3.2981171223116847e-10
-3.008751221638703e-10
1.5791313148803468e-10
2.3229855593298455e-10
1.7518179851914308e-10
1.7950366213470332e-10
9.335657849162175e-11
-5.6341493337245883e-11
-7.264641371497618e-11
