[0.0, 30.0]
144.23466938166038
7.183816766891967
-0.07398883478955601
-0.0017832933802668699
-0.00030085781932427745
-2.4349491895747106e-05
5.815728091532659e-05
7.949698863258537e-06
-1.2678206685660602e-05
-5.435920298009274e-06
6.973816084001905e-07
1.6326818655039565e-06
6.737535501155888e-07
-7.867841697388227e-09
-2.2577526305482026e-07
-1.3824917425866597e-07
-4.174424209895341e-09
3.928473361707789e-08
2.1719714393312573e-08
7.6399526682202e-10
-5.696311188915182e-09
-3.4514090318735676e-09
-6.222181376360378e-10
7.83869607118477e-10
3.6588422455328063e-10
-3.7226459891393534e-11
-6.342404450585313e-10
-9.946413923139706e-11
-6.188767915974579e-10
1.7001594325072875e-10
1.9099600030274597e-12
-2.797051477087878e-10
-3.735464436760171e-10
2.1353821154759602e-10
-5.489327265428895e-10
-1.32995766806848e-10
-3.121869622003938e-10
1.4535346404009805e-10
-7.541145064617579e-11
4.5521522321389515e-10
3.5863290863690573e-10
4.427034306711228e-10
3.9931252295306596e-10
2.476849144950874e-10
4.894799108079627e-11
4.181518300972954e-10
-2.062259237842175e-10
9.838157097877595e-11
-4.561937850333041e-10
-2.402678823159566e-10
-6.62818039346262e-11
-3.8216534427489945e-10
-1.8555375921270986e-10
4.212442574785162e-10
-3.9094015502861235e-10
-9.567943568420076e-12
-2.515395459976958e-10
-6.837816358739351e-11
-7.450223071101759e-11
-3.2851592612416395e-10
-5.3854281948898226e-11
-9.883203921057012e-11
5.737948361034145e-10
2.9692680865905573e-10
7.663090050187783e-11
