[0.0, 31.0]
183.83393863714488
4.043101304086855
-0.2512667799034009
-0.010418353869490785
-0.0004149502748689406
9.738220190797245e-05
-2.4361332003146867e-05
-7.267766538009107e-06
2.0882234591985948e-05
-5.052011447128669e-06
-5.012583481954862e-06
3.8612077695728764e-06
1.1208776994747748e-07
-1.494794780235592e-06
5.471646153882284e-07
3.419911910219629e-07
-3.219320689242113e-07
-4.1588492352504574e-09
1.1549674030758222e-07
-4.060918523638109e-08
-2.5987235319538807e-08
2.3649146367215304e-08
7.289546910168953e-10
-8.455513872423168e-09
3.0587280586497094e-09
1.87408233040785e-09
-1.1735466698988391e-09
-1.1076083878849156e-10
6.196027274188808e-10
1.6454872164588449e-10
2.3935345877773767e-10
3.939222298788262e-10
3.906882830151708e-12
2.904329929294241e-10
-4.570764450607759e-10
6.029118916362711e-10
-1.6851581493506865e-10
2.917460395917569e-10
-2.941110820920927e-10
4.271991466461804e-10
-3.366071018797631e-10
-2.7073834146331356e-10
-2.3459742962239983e-10
-5.7644923180553074e-11
-5.320370294734621e-10
2.0354504742220318e-11
-3.216788595197293e-10
7.885982646617326e-11
-5.728305915497621e-10
-4.536224775158057e-10
-4.804109676327678e-10
-4.1780707172353607e-10
-3.8659764254903003e-10
-1.2497562359917878e-10
5.222314376023462e-11
-2.4701097532361754e-11
-1.9284880110642698e-10
1.938299683677441e-11
1.1491941684355296e-10
-3.651013746421895e-10
-2.0510880136248805e-10
-1.886650002151476e-10
-4.3041660917383676e-10
-1.1526381192276087e-10
1.1085696227666707e-10
