[0.0, 31.0]
215.52542097843605
3.5132744799183193
-0.2281131672242422
-0.008781799072485184
3.080960560368817e-05
-7.914544452715836e-05
-3.94717684255592e-05
2.179470410283661e-05
6.529645590888351e-06
-5.920216773823955e-07
-1.1949476831686007e-07
-1.1803745318093675e-06
-6.643635550420041e-07
5.732992879127473e-08
2.2990642292679718e-07
1.0954849789894584e-07
3.782439401644818e-09
-2.003399903872299e-08
-1.8505679206239348e-08
-6.368166649848947e-09
2.0988071245832127e-09
2.9324574830786897e-09
1.4245279505195331e-09
-2.1079166421945617e-10
-1.8661571471370735e-10
-2.6764433074186983e-10
-4.2888221753835655e-10
2.6167521799942965e-10
1.7423218602669286e-11
-1.6336403235805916e-10
1.6185016566749296e-10
-1.9047431231887828e-10
-3.629349456893503e-10
-2.0252351619168086e-10
7.498067871587087e-11
-5.099990913742796e-10
1.0286942928233643e-10
2.5599431232205297e-10
5.741523132225529e-10
1.1281639980057749e-10
9.635264699537467e-12
2.2617078580063292e-11
6.620707281226692e-11
1.4900226111736117e-10
1.7298740150370363e-10
-1.892963530851614e-10
3.8071738290919434e-11
-3.7050105624035193e-11
2.1287985188542443e-10
2.2618320089490502e-10
2.224352088006134e-11
-1.2467790334411066e-10
2.0276188870304483e-10
-1.8723612285223528e-10
-3.4034902943146056e-10
1.076898413365236e-10
-2.6156863348054653e-10
4.703256661356796e-10
-3.879002597082372e-10
5.355901194910363e-10
1.1836879810835734e-10
1.9298687756998092e-10
6.621939778693852e-11
3.244637955507579e-10
-1.909251856567605e-10
