[0.0, 30.0]
-1.763515541746486
0.17089389569332578
-0.00277079643205827
0.0001380625646750208
-1.3689344090830933e-05
3.4881319269507548e-06
6.5577116168866086e-06
3.3393852033105976e-06
-3.234488076111277e-06
-3.2440478728826644e-06
1.4694146630025424e-06
2.5105546742483533e-06
-5.340803430762852e-07
-1.8245296137471839e-06
3.454138054282864e-08
1.2635620708610061e-06
2.0632211280005443e-07
-8.327722841605007e-07
-2.95169673871705e-07
5.203293126837593e-07
2.983007646714101e-07
-3.039792871383806e-07
-2.6136242391010673e-07
1.6157442313348754e-07
2.093341605160739e-07
-7.299422821482298e-08
-1.5806077488603866e-07
2.1786339482744365e-08
1.1273553043834778e-07
6.018532330431434e-09
-7.677365888837242e-08
-1.7739256282475598e-08
4.941829276950976e-08
2.1615817278193163e-08
-3.023589596022284e-08
-2.0207185764328395e-08
1.7244565840165793e-08
1.6783200574643652e-08
-8.710012369072962e-09
-1.3073545832929403e-08
3.180435133591405e-09
1.0038905615018598e-08
-7.727399862782356e-10
-6.869274437297424e-09
-8.751311792667461e-10
4.723436205444714e-09
1.4857995292485723e-09
-2.706818416687599e-09
-1.5068384352614622e-09
2.0165446537589705e-09
1.2562148437652252e-09
-8.456111089260871e-10
-1.0504964175992892e-09
3.161661276306803e-10
8.666594848450291e-10
8.90804995669213e-11
-6.567491153110953e-10
3.8345633004994147e-10
2.660234044727584e-10
2.5108214803323053e-10
-1.8998746873675924e-10
-3.5174868970886645e-10
5.740568872840004e-11
1.1170402165077644e-10
-2.2464685419216835e-10
