[0.0, 31.0]
1.2056439668499621
-0.39915170613980383
-0.007743664611123004
-0.00010477448424263953
-1.6815746529432443e-05
1.022139416102466e-05
8.127814544936166e-08
-8.106975756673251e-07
3.9046667782324015e-07
-6.673249186780737e-08
-4.0752770103354445e-08
3.583077982181526e-08
-1.193265481896385e-08
-3.95383680516068e-09
3.83530180264282e-09
-1.3293382814859132e-09
-3.6667568201413475e-10
3.080415950404566e-10
-1.1137828224126304e-10
-5.975219800157934e-11
-2.0852258335145314e-10
-1.4250303979807328e-11
-2.6280647992117546e-10
-4.93655668364407e-10
-4.859787919415197e-10
-2.8717368597335054e-10
-1.231483648649852e-10
-3.5037296757251115e-10
1.3391503799161625e-10
-1.3078152972704198e-10
2.149588239576461e-11
-3.1807119284156237e-10
-5.652348659424009e-11
-3.4029517587981496e-10
-3.079980099613164e-10
-3.82642708849276e-10
-1.0610483297885514e-10
-5.2235490601668914e-11
7.577795427138527e-11
-2.503646832101049e-10
-1.784261556084566e-10
-1.7700526304507134e-10
-1.0220434225738799e-10
-1.0449270815392861e-10
-6.157218782777363e-11
-1.9733660421605585e-11
-1.0572896815155715e-10
-2.322879466558643e-10
7.188656883817925e-11
-4.020403957487717e-10
5.36037557800782e-11
1.2862474285610353e-10
1.6743124399249156e-10
2.5568092716790155e-10
1.231788314388e-10
-1.701999768446167e-10
1.7099031852389943e-10
-4.1533363227422224e-10
-1.0021635632468662e-10
-3.677358713530808e-10
-1.611169915733762e-11
-1.1539047584025162e-10
1.4905871380958924e-11
9.389846532599964e-11
-1.4912463094991071e-12
