[0.0, 31.0]
3.393475202673308
0.6871759329849876
0.029783610684860577
0.0006430916183300631
-5.4880354412885924e-05
-2.7622451539245238e-05
-8.905202068485429e-07
7.983545804752363e-07
-4.75848686070901e-07
5.100313783475551e-08
8.915771769909004e-08
9.759484736184621e-09
-4.549706745579944e-09
-2.6900149125295283e-09
4.98309536509631e-10
-4.230552344669566e-11
-7.964522330408395e-10
2.3775730533941646e-10
1.5719277510442337e-10
-1.879761551479711e-10
4.660795463729686e-11
6.940111218443654e-11
1.2062696531414508e-10
4.628141212903202e-11
-6.764695190775766e-11
-1.6608927802901258e-11
-5.952792657132325e-11
-5.1533338433415806e-11
5.858233132890847e-11
6.383168648572371e-10
1.2383996487812956e-11
7.70585883563978e-10
-1.5561411402637148e-10
6.096187866506307e-10
-1.0194777202668949e-10
3.574441084990722e-10
-1.2272320042917019e-11
5.683761365277409e-10
-1.4415375973306508e-10
2.541696544657843e-10
-9.078368944654263e-11
-4.761579407225681e-12
-2.9048022399781375e-10
-1.4234333227332044e-10
-2.4444667066070577e-11
-4.5792339643864507e-10
-5.105593287017537e-11
-3.418126326007111e-10
2.0771507943063908e-10
-5.668468622706154e-10
2.3528653996593363e-11
-1.6719812836167077e-10
2.3189147663572936e-10
-8.075704185084288e-11
2.8347421133643337e-10
-4.040035691256976e-11
9.578416816126569e-12
5.220401639572655e-12
2.0999561735948879e-10
2.9713225713557277e-10
2.2190313877513034e-10
1.6029795206623368e-10
2.0790186730648779e-10
4.761651786322924e-10
-1.965202932032118e-11
