[0.0, 31.0]
-1.9187396052664236
0.21724904862973773
-0.0052680511291382645
0.0002387217002421286
8.156885754337555e-06
3.2389821325978343e-07
-2.031507767252952e-06
-1.2769381910054658e-07
3.076604369937596e-07
3.214428079923956e-08
-6.159355896696066e-08
-4.552488744748602e-09
1.364017868369116e-08
5.145975530867313e-10
-3.577247107512493e-09
8.941082477877283e-11
5.669157791664963e-10
-1.1940404684887962e-10
-2.480744192827551e-10
-1.8795420268542395e-10
-2.1637920879872667e-10
-5.0449245216382843e-11
-8.411424692820966e-11
-2.8496404487639644e-11
-2.673657051449167e-10
1.1215228232128347e-10
-7.349226880686221e-11
8.586267499495348e-11
-2.91226469376766e-10
-3.34373381210731e-11
8.822432014180854e-11
5.099129052867483e-11
4.964418115131735e-10
-5.6413319620772605e-11
2.927437730385843e-10
-2.654679738705485e-10
3.969711017521143e-10
-5.409895618661646e-10
7.219947125647519e-10
-2.2868858738002113e-10
6.481466414682957e-11
-1.1279843854490386e-10
2.630791596329175e-10
1.0908209868236512e-10
-9.738032961963767e-11
-2.5448732948344123e-10
-1.0152112379258722e-10
-1.9821530710280588e-10
1.6013010981180475e-10
1.1785960217146344e-10
-1.6654430797913807e-10
-2.2213123409836562e-10
-1.0364237376320521e-10
-3.855252038356277e-10
1.649245281228058e-10
-3.081216859159967e-10
-3.277542298526012e-10
-1.2104706465773217e-10
-1.5010172409128763e-11
9.546009856758658e-11
3.127410761206096e-10
-1.9181567261685223e-10
-2.0028101757826696e-10
-1.3978863026401613e-10
-2.1315549125296019e-10
