[0.0, 31.0]
78.22247597554464
9.050352676860923
-0.029804868996264406
-0.0007912502652366661
0.00013551591422988486
-7.512407620765132e-05
4.000583595486539e-05
-1.893355536204071e-06
-1.797306875432059e-05
5.764385870877933e-06
2.254178753886692e-06
-2.416843660441437e-06
9.338856235509666e-08
5.4766404968355e-07
-7.722115839054409e-08
-8.983404027503985e-08
1.627009248803606e-08
2.2760703356948375e-08
-4.553675186333154e-09
-7.732206713698084e-09
1.6789363084399739e-09
2.0725572961749015e-09
-1.4058529909767973e-09
-1.0951397646968202e-09
1.2141700512132987e-10
1.218400642391608e-10
-5.231064199828708e-10
4.8310952345717306e-11
-4.539155437493751e-10
-1.8849962559313607e-10
-4.387239841955212e-10
-1.4268306867908926e-10
-5.787685086946443e-10
9.273591957884801e-11
-2.314886773495176e-10
-5.1953961460150485e-11
-4.070334181038522e-10
6.352840500467074e-11
-8.121149328694601e-10
2.5169810925646035e-10
-1.0814231464599442e-10
-1.3835056587554212e-10
-4.653080586391847e-10
-4.8525490162186434e-11
3.139518028282457e-11
4.6325936273997995e-10
-2.344217007632594e-10
-2.575455279844354e-10
3.7005525272891397e-10
-3.590049867227279e-11
6.232142955845034e-11
-1.1109033648655283e-10
3.589274709188516e-11
-1.197792831605236e-10
-1.8110407133492112e-10
-4.530462907948548e-10
-5.532437328854441e-10
-1.308303893316232e-10
-5.287960465743858e-10
-3.100277280748345e-10
-4.873431219976151e-10
-3.7023623415917286e-10
-2.0650751658031087e-10
-3.6955893746271765e-11
-3.963258726892025e-10
