[0.0, 30.0]
1.0830131832517698
0.41162733468226204
0.017998977827417176
0.0005811925476903799
1.2896003716112604e-05
-3.3704808096219114e-06
-2.8581992227270752e-06
-6.009365325493495e-07
-8.69220743290691e-09
1.0207903145057398e-07
5.2963118000194514e-08
1.0935752790016964e-08
-7.183234887388856e-09
-6.473840554766588e-09
-1.1266571630657337e-09
4.690572026088298e-10
3.3692782671079394e-10
3.4858893650599127e-11
2.1444360940121358e-10
-2.598865654350084e-10
-1.394060225598934e-10
-3.1215116903689985e-10
4.003145829247239e-10
-3.094122536569555e-10
-8.139369059030979e-11
-2.2904975022991808e-10
1.631965952771595e-10
-3.933225139075337e-11
-2.4548107923838407e-10
1.3963852802087005e-10
2.0778266766650397e-11
1.7682345995409532e-12
3.638509165849224e-12
-2.7025341531133743e-10
-2.2417186637293582e-10
-3.0724445049771513e-10
-3.864051650939473e-10
-9.977101787579298e-11
-4.606677808743024e-10
-2.722707860862447e-10
-3.903775780707216e-10
-1.4944149151755268e-10
-4.0554233501912265e-10
3.1891979796836796e-10
2.0713726269620585e-10
4.037094587254331e-10
2.818528726099236e-10
2.4841475998965226e-10
2.433438102407788e-10
1.6504520279076678e-10
2.1267445916586923e-10
-1.2105910935249298e-10
3.172772566722064e-10
-3.5420980847248733e-10
1.4497015982379466e-10
-3.4240099791781426e-11
-9.303844085069521e-11
-1.8106006499447267e-10
4.543757996448784e-11
7.21908922818095e-11
6.653958970924536e-12
2.0034768245792406e-10
-2.2368087341906175e-10
1.36838414727145e-11
-1.7187480504097285e-11
