[0.0, 31.0]
291.84043516666213
5.271499671013317
-0.10237398399733844
-0.0050400973155990715
-0.0003909840070942469
-7.861133824470482e-05
4.5924295562306166e-05
3.519257527911375e-05
-1.0496185672101731e-05
-1.3624718793019004e-05
2.698131429834503e-06
4.981598423721292e-06
-7.491547232621561e-07
-1.8508316760076994e-06
2.2541162914861454e-07
6.873762234963067e-07
-7.017461156674609e-08
-2.526357054224719e-07
2.163456040775072e-08
9.17609790382671e-08
-6.795402396455511e-09
-3.346003099243894e-08
1.6672169161595835e-09
1.228103751527152e-08
-2.3725732027910428e-11
-4.5566403908503445e-09
-4.449864869316894e-11
1.400890112130343e-09
-2.2687122736518267e-10
-4.91485719457463e-10
-2.362822010779468e-10
-8.358394580484106e-11
-3.3246032734282526e-10
4.8121045175907887e-11
-1.0500481821545159e-10
-9.562918693255176e-11
-1.8051895152604278e-10
-6.267472292558584e-10
9.99019633246524e-11
1.9377845961635952e-10
3.8959040366811807e-10
2.1779181627451446e-10
-3.613113148580235e-10
5.302251366834694e-11
-2.322716733209909e-10
3.3913852432323864e-10
-1.391686341697289e-10
-3.2239606489755776e-10
-2.6710841839442295e-10
-1.7634382639933295e-10
-7.391614067336839e-11
-2.9451166291870566e-10
-8.01640704755967e-11
9.272086799019841e-11
-7.456043595057397e-11
-7.883149115423415e-11
3.8324802464641085e-11
2.75791541531404e-10
4.584913111094388e-10
-8.885436228064825e-11
-1.1743375539259828e-10
-1.4352372865633221e-10
-2.1189089618697643e-10
6.689969512055786e-11
-4.617253089872445e-10
