[0.0, 31.0]
167.6012391067686
3.063872729899548
-0.35575857403039074
-0.012637716185591237
0.0002294794956779137
1.9703955655988088e-05
-6.150386073542756e-05
-2.454328901682759e-05
5.198807940756709e-06
3.914384692490372e-06
2.1926039913100354e-06
8.171165895359539e-07
-2.6467384867738674e-07
-3.358954427370501e-07
-2.0565521795636139e-07
5.944537815649259e-10
3.5977267251564233e-08
2.100096783236338e-08
1.5822325117751968e-08
7.347701122620545e-10
-3.751127217509972e-09
-5.345722294264146e-09
-9.41005383576307e-10
3.1199571176392373e-09
1.6741428971897036e-09
-8.345061999009617e-10
-8.771866530433694e-12
2.8843124775920256e-10
5.377018284480596e-10
3.5899455897278056e-10
2.749240193442657e-10
1.9945407787254096e-10
2.361399073400177e-10
4.3032513524822123e-10
3.7528657076532444e-10
3.0524351331279217e-10
5.518480925031192e-10
1.9531927104463563e-10
4.5540620326457304e-10
1.25981374777899e-10
6.902739207695997e-10
1.967412351610772e-10
5.178385588358792e-10
-1.1617983730216884e-10
4.3417227378400026e-10
-9.695547046857236e-11
3.427681639417674e-10
1.982513187634663e-11
6.528432499031851e-10
8.762732795298946e-13
5.336928753419528e-10
1.0186421377841587e-11
4.753993077679261e-10
-5.215065261371542e-11
3.992205442856232e-10
1.5974819880314096e-10
1.7692274205103592e-10
6.530788549541409e-13
7.136553125269148e-11
2.580981664968639e-10
1.6486220386712816e-10
-2.1607739987993474e-11
3.7451667543850317e-10
4.3225509371650854e-10
2.574583681822749e-10
