[0.0, 31.0]
-0.32375198753424134
0.38837849638192795
0.016652421178492402
-0.0007072847273386965
-0.00013349894695113094
1.2797636803694699e-05
-8.025532854199372e-08
-2.441353693991172e-06
4.126452062148799e-08
3.7583239750961114e-07
-2.6312872324641174e-08
-5.862034710226417e-08
1.486980981218141e-08
8.626522774545567e-09
-4.748637703579012e-09
-1.4885103052966182e-09
1.4178727144382186e-09
3.061261608605205e-10
-4.092802706532879e-10
-6.810403027300755e-11
2.895199495735635e-10
-6.559795315516291e-11
2.1473040542021273e-10
9.624698799529386e-11
2.5637904845744475e-10
1.4891440633583198e-12
-1.3367980557399871e-11
-1.093197511469016e-11
7.987359595682921e-11
1.4620409614442952e-10
4.0307524550708786e-10
3.914906424639665e-11
4.4906414163329483e-10
-1.205474081833678e-10
1.837214744945305e-11
-3.679952963958369e-11
4.1746362658248863e-10
9.915788914746429e-11
3.441181764017986e-10
-9.202195846073376e-11
1.9330542905424322e-10
4.778952941363624e-10
3.6941444037537006e-10
-7.596297740635816e-12
5.904994636434933e-10
-2.8838622895042726e-10
2.862485874277484e-10
1.1097481260439158e-10
5.585837410807475e-10
3.952305831859791e-11
4.2873544659336584e-10
-3.4887886589366655e-10
4.193126455971945e-10
3.9679567468805575e-10
4.28981012996746e-11
2.7955775609860488e-11
2.155413714137352e-10
8.170366998949247e-11
-2.417879344098121e-10
1.8238207414534555e-10
1.6807879123590641e-10
3.7296495959112446e-10
1.568569465854778e-10
1.0382270003261444e-10
3.2597453649553293e-10
