[0.0, 31.0]
-3.0846236926550628
-0.6689646536426653
0.0755215085782615
-0.001888030469255086
-0.0003911873257167515
2.0748817056441854e-05
-8.402466680970222e-06
6.267291403612644e-06
8.141153850992046e-08
-1.3848701490338535e-06
2.0468408268771033e-07
3.048183547627148e-07
-8.680625091104451e-08
-6.433895845870552e-08
3.059401540975295e-08
1.1734640562684794e-08
-1.0247944671650683e-08
-2.253336485957031e-09
2.5424713386296963e-09
-2.672109290133832e-10
-8.779340156131085e-10
-1.373979646850081e-10
3.483410294168537e-10
-2.673332177322289e-10
-3.732563698217552e-10
-1.3639453981201337e-10
-5.09424913852065e-11
-2.721904599254769e-10
-3.31067902022972e-10
-7.331116264709958e-12
-3.882258356138788e-10
-5.387487646958191e-10
-2.345938114234617e-10
-4.239749586602633e-10
-1.3064220678310004e-11
-5.461238392844921e-10
7.69345069509038e-11
-4.723650244878723e-10
-1.629655158490239e-10
-4.1651845483292163e-10
1.645738692502827e-10
-2.2324336824362e-11
8.752178887934354e-11
-1.2117136710445797e-10
9.563804022834001e-11
-1.3715860779375698e-10
1.6939223928899584e-10
-1.5751926198973476e-10
1.9493757674484295e-10
-1.7912353067282755e-10
1.748761754786468e-12
-5.166389468267158e-10
2.4007490920622015e-10
-7.02074650799656e-10
-4.929138456423564e-11
-7.353839830567259e-10
1.3714160492839986e-10
-4.993207020713427e-10
6.41888938963467e-11
-1.4647036222679196e-10
-3.5299289339918687e-11
-5.634447025631962e-10
2.1672076601484196e-10
-5.903882232216776e-11
-2.2711220313920174e-10
