[0.0, 31.0]
1.6078815211067383
0.3582658537969393
0.013107108802893851
0.0005117558029964459
3.6022576269576385e-05
7.698621582495219e-06
-3.7840892030951542e-06
-2.5579757672676046e-08
5.720278275343818e-07
-2.484179199477694e-07
-4.905101852266864e-08
7.809142805081141e-08
-1.360173180898164e-08
-1.5559003698860866e-08
8.723461301484852e-09
6.31444223916287e-10
-2.5267688460673025e-09
4.085467659472506e-10
6.842057314698729e-10
-6.074769801639764e-10
4.2448746263768987e-10
5.950337643725005e-11
-1.057337602742617e-10
-3.189264987862952e-10
1.1123465455501681e-10
-1.3652650448753924e-10
-3.210538204491968e-10
-1.68172413431186e-11
-5.424559178940773e-10
2.1133531481208355e-11
-3.325505348773413e-10
1.2306442462080178e-11
-3.7822921973331173e-10
-1.4420108396303333e-10
-6.450422811124435e-10
-2.127696944772502e-10
-4.53552036589924e-10
8.29737967549714e-11
-1.0350799462916477e-10
3.9024434379118706e-10
-2.2312294188229218e-10
7.306184041788701e-10
-4.72028069109893e-10
3.4914932621183404e-10
-4.0895019208455076e-10
4.704823326402897e-10
-5.031713564209359e-10
4.0651137922712723e-10
-6.473744100865801e-10
4.729425934931177e-10
-5.865653863122235e-10
3.7708327556536685e-10
-5.598999159534757e-10
1.896146378693463e-10
-4.2860473660006524e-10
5.122789345560885e-10
-4.892998267896489e-10
3.7657143269325973e-10
-1.606981246975513e-10
1.3499807800066186e-10
-2.0833379507918138e-11
-3.321797934215948e-11
1.7839761841737867e-10
6.094467813416217e-11
-2.11367396337086e-10
