[0.0, 31.0]
234.4368852592631
-3.701581708352883
-0.0008312077119034659
0.038502551560242064
0.00010816273983561776
-0.00040031271782031854
3.1141765621179477e-06
2.9402587416197008e-05
-9.106111483098542e-06
-7.704473940240504e-06
3.29165474135827e-06
3.2822312801261885e-06
-9.396692765655679e-07
-1.3873684530148397e-06
1.9541346635774969e-07
5.579081522300393e-07
3.585619239759299e-09
-2.151826474832556e-07
-3.1072103559995496e-08
7.762451875852514e-08
1.8252961313560925e-08
-2.4199484181035593e-08
-7.411148543707624e-09
7.064628977960881e-09
1.9107338422935533e-09
-1.0989290898435313e-09
-8.805263746190423e-10
4.785177639611864e-10
2.5626252001358976e-10
1.8947650353795681e-10
-1.9819727736645174e-10
1.7860461320503073e-10
-1.972485911123535e-10
2.8293164058883787e-10
-4.5363955117996354e-10
3.1416823257005744e-10
-1.057441519457994e-10
1.5191936178018392e-10
1.8347011645679496e-10
4.88613651109229e-10
9.646670250307282e-11
1.6675025578668967e-10
-6.888997355335268e-11
1.8972851578277795e-10
-8.061511866492318e-11
-6.033280173933684e-11
-1.2054855070981717e-10
-8.663862459398282e-12
1.232653710864751e-10
7.893795284329163e-11
-9.251626719511588e-11
2.985477698214774e-10
1.9770822278682868e-10
2.632453481543796e-11
4.610141634395001e-11
8.104904610422297e-11
4.522649344101389e-10
4.194638125004552e-10
2.003366874209184e-10
5.695164185850359e-10
5.936075400789355e-11
4.5830133510665906e-10
2.017023544625404e-10
2.0390410028664055e-10
1.5803256228504348e-10
