[0.0, 28.0]
326.1477218235011
7.566691263903617
0.0414055812442407
-0.0007556624988951947
-0.00014985574420023977
-7.238379164023271e-05
4.979429883361753e-05
2.3747886258764132e-05
-1.685688841861392e-05
-5.693233035130326e-06
5.518599240837503e-06
7.374424698259422e-07
-1.7075731361863815e-06
1.444533857537014e-07
4.6541714253957365e-07
-1.4972030476140833e-07
-9.908471819844723e-08
6.662750696561981e-08
1.293431915587101e-08
-2.2944953635862647e-08
8.899842580530637e-10
5.6876502605390325e-09
-9.431320520248286e-10
-1.5689636514046396e-09
2.820977648930737e-10
-2.953135341702696e-11
-2.407807589174216e-10
-5.661588429999322e-10
-2.5473378953498086e-10
-4.2888963688860924e-10
-9.146940917832326e-11
-4.403810020024276e-10
-1.8023908414036563e-10
-2.8365513883164217e-10
-3.940789039373415e-10
-2.23751446469155e-10
2.568686219347174e-10
-2.482810170675739e-10
-1.9663220466808483e-10
-3.291242363940975e-10
3.1893521197561693e-10
-3.9523914940344707e-10
2.667302596919349e-11
-4.137079418842551e-10
2.0535200588701248e-10
-3.724002836086283e-10
2.18340105176149e-10
-1.1704071194345664e-10
-8.493010988230339e-11
-3.4807025660931264e-11
3.6690948776320646e-11
-4.031124673275122e-10
-6.652075466728674e-11
2.3160191573123741e-10
8.396040026203489e-11
-2.8336814695397373e-10
-6.777792175368362e-11
-3.8044482110152674e-10
-2.343251813641896e-10
7.747385552049556e-11
4.6868240461868884e-11
-1.833076413374368e-12
1.1853561772048422e-10
-5.198355986062543e-12
2.546731976955841e-10
