[0.0, 31.0]
-1.8690584708025102
-0.6839222264433225
-0.020690390662395208
-0.0007102841401403459
2.449457066394394e-05
-7.481975673405586e-06
-5.130878356957049e-06
-4.061923553663491e-07
4.175492382913639e-07
2.3538480643218853e-07
-3.758941278513629e-08
-2.215185116589302e-08
6.157427062597191e-09
1.7767451056579935e-09
-1.0629390945717587e-09
-1.1058996201170058e-09
2.334208572662185e-10
-2.9615796810452906e-10
7.692764696994596e-11
-3.987177367763357e-10
1.0091108341374223e-10
-1.3629017825931046e-10
3.569091488148552e-10
-2.6112484841216614e-10
9.36785831917731e-11
-2.8491142462386715e-11
1.3581628820153752e-10
2.1079226908903042e-10
6.188772480803183e-11
-6.020467413170875e-10
-1.0381939507052598e-10
-4.723195051546842e-10
-2.0815174227877084e-10
-6.026923005434591e-10
2.841604150051646e-11
-1.59904002019157e-10
1.556119329797247e-10
-2.8879792512297186e-10
4.6363993461178666e-11
-3.783007513941631e-10
6.051993087741738e-11
-1.1862540532928265e-10
2.9684024643519175e-10
-1.2785685055238696e-10
3.092880284596725e-10
3.709568908786976e-10
2.237726502932861e-10
1.6670607606778775e-11
1.238806430252454e-10
-1.136406683665457e-10
-1.249652303633193e-10
3.2484211847186824e-11
1.3860649975512763e-10
3.6566770279447877e-10
3.174320332498436e-10
1.2717649383985145e-10
3.454728079211519e-10
-1.150760944507237e-10
8.52062433665413e-11
1.039874256442975e-10
-7.979274526557523e-11
9.296202325204967e-12
-2.3464844800760695e-10
1.3676521111111002e-10
-4.09560949727326e-11
