[0.0, 31.0]
-2.3740083045206695
-0.2594157520783586
0.0026260074109195047
-0.00018437677207522587
-1.1945613863499727e-06
-1.002077824161528e-05
-2.39158568539872e-06
-4.844051228155486e-07
4.620164816985598e-07
5.741138756872398e-07
2.58337161591387e-07
-4.184482354265667e-08
-1.5442316032938123e-07
-8.701231602976837e-08
1.0479808797018423e-08
4.358237748071884e-08
2.5174383509973706e-08
-2.4220304899681586e-09
-1.1965019462608504e-08
-7.06192798464051e-09
1.0641524910313385e-09
3.3168954186617478e-09
2.424930708976454e-09
-1.755711154536548e-10
-5.286163522057596e-10
-5.668766709859053e-10
2.1833810774892348e-10
1.7166396464547446e-10
9.278841717162258e-10
-1.0829574872364868e-10
5.801786394821104e-10
-1.2512985402651004e-10
5.901931431972607e-10
1.3944696594212513e-10
1.678223562182073e-10
-3.655054670231604e-11
4.6405684566630645e-10
-3.577175294527542e-12
4.695143812214729e-10
-3.19638986578738e-10
6.383824400613224e-10
-2.7493540651310725e-10
2.799783831727949e-10
-1.5105691950583142e-10
5.586041677387003e-10
-1.312200966424314e-10
2.1425935300085148e-10
-3.971830303602654e-11
4.831049785741062e-10
2.1488809780337942e-10
1.5712794517705672e-10
-1.6605965050557066e-10
2.225193462764644e-10
-2.225088147985976e-10
2.1377944181691017e-10
1.4406945753137453e-10
2.500539551778702e-10
-9.982709534162496e-11
-1.8376301359826003e-10
1.545705449416591e-10
-8.676950870300096e-11
2.819429890455741e-11
-6.385933883980862e-11
-7.897676958510976e-11
1.0768841314110405e-10
