[0.0, 30.0]
211.8208882588641
5.193240016943727
0.06273288649258814
-0.0024384581497618545
9.53666351819716e-05
-0.00010199366816632877
8.683342750579051e-06
2.21914847380122e-05
4.974739163333125e-07
-1.7647323433817153e-06
-1.4992450287188547e-06
-5.935992702712805e-07
-1.0969688340029172e-08
9.122352681152764e-08
1.4641081397767267e-07
4.562143574197993e-08
-1.2549321581375518e-08
-1.4306671296160696e-08
-8.025720405259706e-09
-9.550898590091653e-10
1.0823688629196927e-09
1.1153532017635198e-09
1.979327040056462e-10
-2.602276237930355e-10
5.546318891742462e-11
2.366068032174584e-10
2.6530849482966775e-10
9.12895444373649e-10
1.3890486540244073e-10
3.541405580371619e-10
-2.0650757326450618e-10
2.2436459500848104e-10
-1.9443278179930635e-10
7.787244130495145e-11
-2.5820409308634406e-10
4.44491931294186e-10
-5.943569946908675e-11
2.3002433435159744e-10
1.506805608013004e-10
3.9857082026803623e-10
-1.838428821404301e-10
2.6683021527710925e-10
3.9338343909496e-12
1.2191672729458007e-10
2.095288707536616e-10
1.0651689978541234e-10
-1.804125343077114e-10
2.2911834057349241e-10
-3.120594739300464e-10
2.102431173590461e-10
-1.6084132498424755e-10
4.290798307542388e-10
-8.671682574532421e-11
2.650292357766963e-10
2.760181535352856e-10
1.026947985273001e-10
-4.115234359413125e-11
1.1699267864326177e-10
-1.8689085542372955e-10
-1.7863706072216285e-10
7.266911877713395e-11
-2.0921347045168533e-10
4.491099150294069e-10
-3.129060258742352e-10
8.467035912647105e-11
