[0.0, 28.0]
-4.802406863936727
-0.19784794866872518
-0.002238828980254985
0.0006895212112502882
6.19208290704926e-05
9.030365961864903e-07
-5.849690229730514e-07
2.1730265612390863e-07
9.117095290574588e-08
-4.3651611440115836e-08
-1.6148795095221027e-08
1.1314042057440667e-08
3.674220276183095e-09
-2.270804866926972e-09
1.4264918146528895e-11
9.371673695268128e-10
9.009177410801051e-10
2.2069080729008777e-10
5.880516810992678e-10
5.749432243219213e-10
5.151882979287244e-10
7.716454347515919e-10
4.6311127323660283e-10
4.696789733419511e-10
4.0381048193205237e-10
3.7058345844194595e-10
6.859676166466924e-10
3.4876142619502306e-10
3.980657206132657e-10
7.6192310365149e-10
3.981303130830688e-10
7.486227828022289e-10
8.74044237401957e-11
6.120829536577459e-10
6.688945197156623e-10
3.674059796572044e-10
2.762607377973534e-10
9.948840346645304e-10
3.883546285364423e-10
4.996993744417902e-10
3.9733528132434166e-10
8.318823728197719e-10
2.1985296429857296e-10
1.5722336666678266e-10
5.094463669814621e-10
4.454531300491793e-10
2.815917871691565e-10
2.469553150508942e-10
5.13835445920047e-10
5.670500242336101e-10
2.053976658386078e-10
4.296302627130198e-10
9.687938777615133e-11
2.9084820636527106e-10
4.6341661353073187e-10
-3.9479635069635966e-11
5.7945387385039344e-11
4.4324817957493924e-10
2.2857072743422534e-10
2.672084708752595e-10
-3.200301206768506e-12
3.2875426782745683e-10
1.277852595855571e-11
-2.2949737349665295e-10
-4.2060615898843483e-11
