[0.0, 31.0]
328.6765229180773
-3.665332759145648
-0.13356710763988444
0.054564540598288094
0.0019359677934019236
-0.0006799342532670653
2.5389472663176218e-05
7.10856709200003e-05
-1.091024259935698e-05
-1.7822012297991947e-05
4.023933864361175e-06
5.205060148987805e-06
-1.7170150200274094e-06
-1.6132828414399563e-06
7.695372477663312e-07
5.021205257089291e-07
-3.474135602276971e-07
-1.4433779640781797e-07
1.4963381126573608e-07
3.502596857064254e-08
-5.521880042512437e-08
-6.166558379145927e-09
1.8353409146824863e-08
3.3159379064044854e-10
-4.073221080675771e-09
1.778781137134627e-10
1.6810486414647818e-09
4.623603769508194e-11
2.8851577669206815e-10
2.505183779050537e-10
4.660778078700143e-10
3.6305259610705695e-10
4.3063273290499364e-10
-3.0470721136624564e-11
4.940874799868568e-10
2.9006584057773276e-10
3.770629973207555e-10
9.965601389271669e-12
3.704842121201258e-10
1.1894734834571523e-10
1.100644305710149e-09
2.1469599150021456e-10
7.972960027608381e-10
1.2064532108513958e-10
4.17756876227776e-10
-6.526393238353379e-11
6.234879004304438e-10
-1.1152596535596017e-10
6.532294859033412e-10
-6.93171568820049e-11
5.771316635949839e-10
5.233071223024789e-10
3.696500548056825e-10
-4.1209674968612656e-11
9.034918772334882e-11
1.883975719394817e-10
3.20834793897391e-10
4.243573663101566e-10
-4.967077349677036e-11
1.4226417118058171e-10
7.191971889135087e-11
5.931221139272398e-11
1.8389442103825238e-10
-1.4221052548046373e-10
-1.3717311558588006e-10
