[0.0, 31.0]
-1.8465921486942483
0.22125719902293361
-0.005216058777272889
0.0002474145844065884
-2.2608669501852626e-05
-5.916581690306361e-07
3.0199793742987437e-06
9.231898373912712e-08
-3.9660335198433807e-07
-1.0244727929324738e-08
4.5660038406742514e-08
1.1350992904221935e-09
-1.2594095818621789e-09
4.895586200067821e-10
-1.1816484565640312e-09
5.419062663020994e-11
6.001438224681447e-10
3.552194961854386e-11
4.842288806786932e-10
6.945755049151746e-11
-1.2082481427337353e-10
1.161246047313949e-10
1.5754856971571284e-10
-8.833800693399035e-11
-3.0532248169865946e-10
3.4151925656490533e-10
-1.2392997856737725e-10
3.053779583504003e-10
-9.34228868838782e-11
2.50295065533721e-10
-1.5069781493342894e-10
6.21109914297128e-11
-1.4291184267454363e-10
2.302820342750665e-10
-3.9414364711314653e-11
1.2065909593793614e-10
-2.2188627462637156e-10
-1.4982377731588012e-10
1.708313193379232e-10
-4.751783669224913e-10
-7.718292092892183e-11
-1.2857335969650754e-10
7.180690516056581e-11
-2.00492186508944e-10
2.7593239137157314e-10
6.490381984782832e-11
2.125486127380908e-10
5.02868228817279e-11
-2.1525802636560533e-10
-2.7874005434455002e-11
-1.0034887066888431e-10
1.4433729884210217e-10
-1.472849852647975e-10
-2.788790516796195e-10
-7.860316812910824e-11
-1.1193779279482075e-10
-3.255502464673483e-11
-1.51582604364957e-10
7.02254040726426e-11
-7.94324309624706e-12
1.303190280681453e-10
-1.3897596180562518e-11
-3.728975624308754e-10
-1.917706602109294e-10
-3.655424367838346e-11
