[0.0, 31.0]
-2.5724024903343388
0.08182916173281862
-0.0029482173976309784
0.00011741055417498764
-1.5916751056027305e-05
-3.782433952949259e-07
2.979664280190246e-06
-2.8966959282223847e-07
-4.345862895739638e-07
1.52815121042167e-07
6.042130646238926e-08
-5.180122813692346e-08
-3.4388431708777316e-09
1.3646227839206965e-08
-2.1509918041363096e-09
-3.555743513197843e-09
1.4986300345507707e-09
3.663402739364518e-10
-2.2448152543412877e-10
-7.840082210165112e-11
4.1343888937048065e-10
1.0425208898655584e-11
2.66354647051518e-10
3.90128243150964e-11
-2.6703133784686637e-10
-4.552435319531794e-11
-1.596966194105419e-10
-1.2269447806833872e-10
-1.0845211207772521e-10
4.292828263887469e-11
-5.564918445931424e-11
-3.358921467843595e-11
-1.742282253443506e-10
-3.811192913457261e-12
2.627248254685848e-10
9.654010042582762e-11
1.8179241524048063e-11
2.5749306164695474e-10
2.875816037084269e-10
4.84491371009735e-10
1.586948203172236e-10
2.8748243330107474e-10
1.9879523742500184e-10
6.802512746438857e-11
7.171044170501822e-11
-7.68218524650878e-12
2.9280762802009986e-10
-3.9695074296131264e-10
-9.65372067859654e-11
-1.2003487469756033e-10
-1.6357698124823986e-11
-6.524207070673388e-11
2.2834045126117273e-10
1.633845100685225e-10
1.5261185410461837e-10
4.355937042417026e-11
3.2847767973295636e-10
1.4855824123819435e-10
5.379790832807032e-12
3.8982256089712373e-10
-1.1059346728949964e-10
-1.3193421513911163e-10
2.108712505771155e-11
-2.33922804537316e-10
1.0534987427763398e-10
