[0.0, 31.0]
-3.070748137436375
-1.1363611363436246
0.021578280441674844
0.009025251078060842
0.00028448685306474165
-8.322794606404355e-05
-1.3442706496196304e-05
1.672919779183763e-06
5.138395932580528e-07
-2.4436623706462657e-07
2.4072129569701533e-08
9.807762392815799e-09
-7.337213736713667e-09
5.22314258702227e-09
-9.12689235162488e-10
-1.5770135628347679e-09
7.583847923099581e-10
-4.768395922933583e-10
-2.549923995977433e-10
-1.4232314623336613e-10
-1.6557988161197018e-10
-1.8975699231961049e-10
-1.0870613490198524e-11
-5.423963873888842e-10
-1.1311488989965542e-10
-2.201248456569994e-11
1.3344449135120966e-10
-1.505979719743991e-10
1.447612295552812e-10
-1.5056492494588485e-10
8.83380421263776e-11
-7.907721749875314e-11
4.20609222557922e-10
-3.082376816616059e-10
1.540230784108033e-10
-7.429243701015133e-11
2.0049199444744394e-10
-2.9906273445179425e-10
-1.9066717288633395e-10
-4.527627622185574e-10
-1.3215394790781293e-10
-1.1768856215076025e-10
-3.759281488682656e-10
3.814781243758549e-11
-7.01528568083176e-10
1.1686920350746025e-10
-4.329430518981488e-10
-9.315017016855937e-11
-3.6358591565774087e-10
-2.783572302558355e-10
-3.6369963972533204e-10
-2.1895739047133862e-10
-4.813729505307897e-10
-3.1702734506291267e-10
-3.226541371681525e-10
-2.987730828134943e-10
1.4075541582436816e-10
-1.131141238800587e-10
-2.225884771112936e-10
-3.3259659429181614e-10
-3.9982968717463016e-11
1.3239398449937428e-10
4.814172465561628e-11
1.50142533935731e-10
-2.0990295034637124e-10
