[0.0, 31.0]
19.55800430020052
-0.4237833618624404
0.0025459519044399395
0.001625260459328411
-1.6820050235593597e-05
-2.7165299390244443e-05
1.0295994523056263e-05
3.365523498736081e-05
-2.250706898472421e-06
-1.5158560798720261e-05
-9.772002348938727e-07
5.695486589125355e-06
1.170221852446259e-06
-2.0235106287833337e-06
-7.347479576021237e-07
6.5610159172165e-07
3.729949503907681e-07
-1.851089039296194e-07
-1.6252207805146874e-07
4.3683329187526494e-08
6.013335488940009e-08
-8.014072782214842e-09
-1.853557682855341e-08
1.1959135075460202e-09
4.743904472286987e-09
-2.2395185732044622e-10
-1.031828514388252e-09
2.1106784482200608e-10
4.3360648645433383e-10
-4.892983957190107e-11
7.926645757679863e-12
-3.573787957698802e-10
-4.1866010954550436e-11
-2.0331111918453885e-10
1.4399337038204818e-10
-2.6772927798865235e-10
-1.280796972519013e-10
-3.916964813028458e-10
-1.1367645295876032e-10
-5.25515150008351e-10
7.77917778142356e-11
-2.589611858746948e-10
-1.4689414256499677e-10
-1.6960341600615277e-10
-3.0561238077718623e-10
4.409542001242222e-11
-3.035225992130392e-11
2.5084936040999244e-10
8.32368603606982e-11
5.649759930761512e-10
6.985767787783188e-11
2.37006126413764e-10
-1.9399197862151597e-10
3.455776693711527e-10
-2.5441514943792203e-10
1.5133247702781093e-10
-2.1795278580160624e-10
4.2705666049435165e-10
-1.2035019283975948e-10
2.5941732861415806e-10
-1.9819752301861577e-10
3.1242561976906377e-11
2.0916813150379115e-10
6.210154586879116e-12
1.633105129090223e-10
