[0.0, 30.0]
238.51364980960733
-0.2615589354974623
-0.013688393454622689
0.0009096433293379612
4.287023832463259e-06
-4.43053943310564e-05
9.7043737991799e-06
2.1164332046456837e-05
-5.320088511151255e-06
-8.452662924907498e-07
1.25631150669227e-06
-8.744796811205185e-07
1.79420569554943e-07
2.6907059483045304e-08
-1.007740846969233e-07
6.82067316121676e-08
-2.1815008514012266e-08
-1.2411510138631075e-08
1.4670908266400772e-08
-4.496884875782461e-09
1.1232267637896145e-09
2.486820778431303e-09
-2.977962154831763e-09
-1.6447919146398419e-09
1.296741080144101e-09
-8.746271271278133e-11
-5.09957312288499e-10
-1.4306043799633107e-10
1.3596684242804327e-10
4.1402088409941625e-10
2.3069554713820878e-10
-3.0988981355270385e-10
-2.551692585355413e-10
1.4531325570291163e-10
1.5091625413522255e-10
-2.63657910555981e-11
-1.1270309050934326e-10
-1.9745158792387108e-11
6.678815341633173e-11
-2.5920929395647913e-10
-2.6853931739813994e-10
-2.8501785734657897e-10
-6.110799361246054e-10
-2.1495236525597076e-10
-1.7921037811248386e-10
-4.603219841706469e-11
1.8939027633797206e-11
3.4919274486017606e-10
-1.6487364019514083e-10
-5.48493735346448e-11
-3.621381275420879e-11
1.5564065341536999e-10
6.178475930912074e-11
1.1756641980668537e-10
6.52630382425451e-11
7.006408519116602e-12
-5.379926912332178e-11
5.899459409876744e-11
-3.5964364259291426e-10
-1.776892840480857e-10
-3.2182988244013317e-10
5.6905182464490424e-11
-3.4433219940460203e-10
-8.343967539468733e-11
-2.4193073780711814e-10
