[0.0, 30.0]
149.13031057399718
-0.14116425004348787
0.017874213583977668
0.000491796258387716
-4.211254100689355e-06
4.2803984120280964e-05
-2.1606941251196803e-05
-2.653561171353341e-05
4.595026973727318e-06
2.531137075187619e-06
3.251038014592609e-07
1.3769589518348816e-06
-1.6397153631216604e-07
-4.779829393749124e-07
-2.2357055948706326e-08
2.797315858538447e-08
8.040358760661785e-09
2.1317277431004907e-08
2.9544559825367963e-09
-5.671522649995482e-09
-1.3179607157753228e-09
1.1895313715299001e-11
-3.58636677396668e-10
7.28005657482785e-10
3.3770025058948226e-10
1.8351167188502487e-10
-7.83114135606826e-10
-3.573136049545053e-10
-3.5116924001564133e-10
3.4975449864541223e-10
-4.819133486446032e-10
2.8114793714520514e-10
-5.928028660941637e-10
2.378333198730454e-10
-5.66803321406577e-10
4.065443035386185e-10
-5.050029062474935e-10
2.3938670969128054e-10
-4.022858572520624e-10
4.569162148335602e-10
-3.446518787142179e-10
4.314916799589714e-10
-1.341410379582501e-10
8.438868366739747e-10
2.06205410053295e-13
5.776538902129284e-10
-1.750164793580528e-10
5.884370835170849e-10
-6.076463052844785e-11
2.8395286733971524e-10
1.7045938405674635e-10
1.599941664357936e-10
-1.1831146920869608e-10
1.2069844293899635e-10
2.2064649873816638e-10
1.8994312340824857e-10
-5.245935344984204e-10
-1.744425472685953e-11
1.1277549683803743e-11
-1.1395374201411104e-10
6.048323353386361e-11
2.0628537918803658e-10
2.497153095097188e-10
2.5638206517186517e-10
1.63720577642671e-10
