[0.0, 28.0]
87.70122326204671
-0.13801593764266173
0.018580594079398115
0.00040284962070920977
-2.086121850039195e-05
-3.672884853527921e-05
-2.3833486903604197e-05
2.3342020295115697e-05
1.0487222749996973e-05
-9.107860887555153e-06
-3.350991155269168e-06
3.343259322218536e-06
9.884741550738089e-07
-1.2206321276562468e-06
-2.738247852835791e-07
4.3165061545999123e-07
7.02458431211379e-08
-1.423881297409058e-07
-1.5131971291517043e-08
4.211670941930925e-08
3.5809878007409435e-09
-1.0676974694918147e-08
-1.643157346132498e-10
2.3045421622728306e-09
4.901428229151394e-10
-3.2663891584369243e-10
1.564426820148078e-10
-2.435940190251882e-10
2.749615200122222e-10
-1.7971738377950954e-10
3.884495422857625e-10
-2.3251511262570926e-10
7.425058467905692e-10
-1.8302442325641131e-10
1.1168486141358134e-10
-3.3797028154850773e-10
3.148877773886078e-10
2.2082748742203678e-10
-1.5363151998722356e-10
-2.6422886721164728e-11
-3.697394525251566e-10
5.430283784451288e-10
-1.4261333584610878e-10
3.101000297900089e-10
1.3025196730978593e-10
1.0149615745130074e-10
-7.939720999293494e-11
-1.670290125976405e-10
-2.505589701545084e-10
-1.336323483425872e-11
-3.2800428720991263e-11
7.116875924685816e-11
6.243756692878185e-11
-3.781493929384276e-11
7.837869480533042e-11
-8.6428164624873e-11
2.593422033264646e-10
1.0759548487114085e-11
-3.1694936325456334e-10
-1.0578887070903536e-10
8.290535842942996e-11
2.1210089099886508e-10
-7.90722847279236e-11
-4.5638589351198963e-10
1.2780082632578463e-10
