[0.0, 30.0]
10.489036786574074
-0.01578827691094749
-0.005188091198118229
-2.972826227036316e-05
7.928342623869056e-06
4.290118328114134e-07
1.394126942221888e-07
2.221527653651121e-08
4.938651674661339e-09
-4.12570671204321e-09
-2.541772557945287e-09
-1.1855728899366073e-09
3.710848786934276e-10
4.0629841727222756e-10
4.075262520484332e-10
3.097676376534783e-10
-5.266389018421155e-11
5.988814336962802e-10
3.093784656442533e-11
5.352693567985922e-10
1.7497140451468178e-10
-1.2982146600530696e-11
2.2942922911062358e-10
5.6674080711728655e-11
1.3525354801500354e-10
3.451936350687287e-10
-1.6518224292275464e-10
3.9101108298466176e-10
1.7629586348463594e-10
2.872602159503815e-10
3.5913172865882107e-10
1.8605739686425177e-10
9.694786658574115e-11
1.371891291526662e-10
1.0373565897231424e-10
3.5557332989700194e-10
1.9160201413566352e-10
1.0753573317163283e-10
1.0860976725119296e-10
1.8525572432663982e-10
5.702217214149334e-10
3.9933402039861216e-10
-1.9418825089167616e-10
1.9716001284455958e-10
-1.9416653824245857e-10
2.4214588329653745e-10
-4.082712223146424e-11
1.3405710522444484e-10
-1.1762306309735064e-11
-1.4143131182068045e-11
2.927445791499681e-10
-1.5971147901941772e-10
1.1458419526535805e-10
1.8116638088676037e-10
-2.663743871386253e-10
4.4080033223941376e-10
-2.6956405553296696e-10
3.5998880176730596e-10
-6.1701733124870245e-12
4.1631150867209266e-11
-4.9228255107234107e-11
3.5192531798101997e-10
-2.0021108754836432e-11
-9.734152054281362e-11
-2.310314738283962e-10
