[0.0, 31.0]
230.09217251562237
0.08396815255799506
0.024388754965085312
-5.974914745660929e-05
-5.604934680853859e-05
1.4118451355997175e-05
4.639194077002717e-05
-1.3252647928864664e-05
-1.6567337949889308e-05
-9.745408889598432e-07
1.2415174038569716e-06
2.083337185186439e-06
9.375158469671466e-07
-4.708838833435105e-07
-4.213510443688328e-07
-6.461947240916446e-08
6.29937824164549e-08
6.54863492183802e-08
1.960921827240142e-08
-1.600811134844775e-08
-1.572022346144203e-08
5.288157147269783e-10
5.857377114850583e-09
1.7344491466447142e-09
-1.6004968581721944e-09
-5.051558877252759e-10
1.905182008359185e-10
1.3729244319916495e-10
-2.1459016125551688e-10
3.7709383593328515e-10
-1.3062457156413805e-10
4.2865510385002624e-11
1.2287396929838064e-10
-2.2271689345861327e-10
-1.1386528527139631e-10
-1.656068644100781e-11
1.0209716854678746e-10
4.6406188228414035e-10
-4.761924491713134e-11
4.2815958861927445e-10
1.4563189153315185e-10
5.829708585238129e-10
-5.537502694405766e-11
3.509009264304703e-10
3.147464171108681e-11
2.764442901229352e-10
-2.6384080909407715e-10
3.261367434499693e-10
6.216217824811625e-11
2.948734151291762e-10
-2.2086048019528862e-10
1.1507277880300356e-10
-1.1537985779142835e-10
-2.8130584014401035e-11
4.6961162117977246e-11
2.2814468933388082e-10
-3.481584607967532e-10
-1.4250270189274242e-11
-9.983770112095062e-11
4.1597155830971456e-10
4.898032331753706e-12
3.1948839166285644e-10
-1.4881546830612543e-10
2.549516720141356e-10
1.928902649315986e-10
