[0.0, 31.0]
290.8821822440711
0.5406503069232509
-0.0021476764390629785
-0.0012230293401625414
1.6771650079829322e-05
5.600127355986196e-06
-5.047689954974765e-05
-1.1076469724268163e-05
1.1712657792374065e-05
2.85626061140678e-06
1.49629095184356e-06
-1.3380801955080148e-07
-3.6315083338157455e-07
-1.1406204738252495e-07
-2.105418782732312e-07
1.2707626484755376e-08
5.245071368628446e-08
1.2199494242343467e-08
7.243434029788141e-09
-2.797090659062531e-09
-2.9669803382019245e-10
-1.958966340886202e-09
-2.4783583206224857e-09
1.5722497597917314e-09
1.7253210688032657e-09
-5.019332117252636e-10
-4.163815619684406e-10
3.026229531673407e-10
2.651119634177319e-10
-1.367423734114267e-10
3.3242662209959987e-10
2.8249549262017485e-10
4.879868625626636e-10
3.583180965594928e-10
2.128000496119379e-10
3.224573434352151e-10
-4.848103336137794e-11
4.557780589936602e-11
-1.210810453262188e-10
-1.0162125811354226e-10
7.97040030625147e-11
-1.6313030769260671e-10
-3.672664384511088e-10
5.6092742225603854e-11
3.0336304953116225e-11
4.2252008897509375e-10
4.2635007592640605e-10
3.888061315950777e-10
3.537181078424983e-10
4.1019164951840326e-10
1.9938048048784097e-10
7.535095227426863e-11
1.8307836505963164e-10
1.0639712051543527e-10
2.579200670335671e-10
1.3375523479133085e-10
8.250501543850816e-11
2.0010238259343646e-11
-7.212022581689205e-12
-2.456201211824478e-11
2.48991649663207e-10
3.593387604229421e-11
5.621780175494597e-11
1.6751984965894165e-12
6.384261600535941e-11
