[0.0, 30.0]
292.89950497965407
0.31770374977199023
0.024701633459188348
-0.000722895596777736
-1.1577970419035508e-05
1.3714206006464696e-05
-4.270852050939623e-05
-8.360838488669437e-06
1.7208127065756834e-05
6.279571562503887e-06
-3.3474300971261636e-06
-2.619543919644448e-06
-2.147024149031036e-08
6.025981541190477e-07
2.653213878307083e-07
-3.319649976274653e-08
-9.35582772917786e-08
-2.8747756094709754e-08
1.207307508121911e-08
1.1220545968570274e-08
3.7495855732949974e-09
-1.194547466779183e-09
-2.7251673952734035e-09
1.1152175797333967e-11
1.0477196537555897e-09
3.675994521474701e-10
3.5809575139429727e-13
3.487609944638342e-11
1.1876422875208667e-10
7.302362573721937e-11
5.89966228471361e-11
-2.1644735976378272e-10
3.918532310112936e-11
-3.01279012158538e-10
2.2416452919975916e-10
-4.83686755553954e-10
-4.975693937599334e-11
7.248018907942326e-11
9.799602807053067e-11
-6.576653175056993e-11
1.4307369558548774e-10
-3.1241962122396347e-11
2.869942117760261e-10
2.551710737643243e-10
5.581886654481382e-10
-2.2440030720883387e-10
2.6399299673974554e-10
-1.8005059158371988e-10
-1.3529828100595017e-10
4.797849839210247e-11
1.4625368015610495e-11
-7.201148380660094e-11
1.691481035642845e-10
-2.041864684682761e-10
4.165102434320346e-10
-2.393014472705091e-10
1.2094567882907278e-11
3.635897894824585e-11
2.579077922881313e-10
1.3886958853067012e-10
2.73830151050538e-10
-6.743428266318127e-11
1.5711309594776946e-10
-5.560720919562373e-11
1.0961224672979232e-11
