[0.0, 31.0]
88.89209507992203
0.02377717510310236
0.025261235809485836
-5.794030917218776e-05
9.031351021448844e-07
-1.9970265834499546e-06
-4.9601199957706326e-05
8.925340157989378e-06
1.4443578967073433e-05
-6.644813017825889e-06
7.130330706457875e-08
1.7203312813435696e-06
-8.93125592554921e-07
1.525220731146449e-07
1.3966773248789917e-07
-1.6930559184736326e-07
5.891149266151206e-08
2.3623656335890283e-08
-2.945204905225121e-08
7.654905175467324e-09
1.301955257798672e-09
-3.9653578637363624e-09
3.78379838102256e-09
9.768864041827606e-10
-2.115760465065705e-09
-4.6320844629549863e-10
3.6382617542146005e-10
-3.537280690974892e-10
-4.1824365595650083e-10
-6.493510294776444e-11
-1.1803654086341466e-11
1.0831680846549174e-10
9.027284700734903e-12
-6.410768700442931e-11
2.2488063373965418e-10
8.021790164853716e-11
1.8499341788356246e-10
-3.7167183424332343e-10
8.837174214148103e-11
-1.3099968211326653e-11
-8.771178889021674e-11
-2.0544690984329423e-11
3.5120355911620526e-10
-2.2415179527673023e-10
4.058163199763872e-10
1.0283554736519802e-11
3.817419528327314e-10
1.820456451757016e-10
5.325103469697264e-10
2.750757179488526e-10
3.24756574562357e-10
1.1281424135031416e-10
2.8562487906618693e-10
1.0130537237558283e-10
5.11920012829027e-10
9.868119072276726e-11
5.677233658385728e-10
1.6969189578399338e-10
5.139904895875171e-10
2.511139902139403e-10
3.9648491191777205e-10
-7.531169220406894e-11
2.1713807257243844e-10
2.991012350474557e-10
3.4426280977615315e-10
