[0.0, 31.0]
15.842709911078849
-0.1436144472137203
-0.0011943200012129176
0.0003901150566408407
-4.299114591686958e-07
2.7699017003531778e-06
-2.9971509853959566e-07
-4.94598510699012e-07
8.015600850366568e-08
8.846001145116695e-08
-2.7463070564469203e-08
-1.72042709968569e-08
8.882929840727918e-09
3.594532982816608e-09
-2.909583697799568e-09
-5.991438124582554e-10
5.250564833130634e-10
-2.866865218903374e-10
-7.492459287053392e-10
-1.0358354423309593e-10
-1.246962860198343e-10
-3.4634738584807425e-10
-8.112940832507499e-11
-1.7463313670980172e-10
-4.404841416916466e-11
-1.2811627517114343e-10
-3.383260865419508e-10
5.013342223005474e-10
-1.1095986305554426e-10
1.8284743617018751e-10
4.295248434728221e-11
1.0073038535107072e-10
-5.530235977671189e-11
1.2964296853403173e-11
-2.400715835230482e-10
-6.877282980968973e-11
-1.6814189634625427e-10
-3.106063633122139e-10
-7.075765074747622e-10
-1.271913314722496e-10
-5.482063054694334e-10
-7.940409733282363e-11
-6.512235603789393e-10
2.004739523277898e-10
-4.2011209857392936e-10
3.696743732528969e-10
-5.043686843574717e-10
3.6522515213304356e-10
-6.070009438714848e-11
2.3136776974184677e-10
9.374651444290092e-12
1.150605568449313e-10
4.162206187778893e-11
-7.218216892240991e-11
-2.6759425973438947e-10
-2.285109763057604e-10
-3.508999148920103e-10
-1.3905483725421343e-10
-6.74066884817884e-10
-3.1618172571711546e-10
-1.4463152502323738e-10
-1.3039843450433398e-10
-3.2805946773280234e-10
1.135670991704118e-11
-2.7480542740576656e-10
