[0.0, 31.0]
17.633573946234776
0.046468169854046
0.0077878607895860525
-0.0001475897567908021
-3.4532596663107536e-06
-4.32963574118796e-07
-8.061228103578257e-07
-3.8559437315547756e-08
1.2575751170413278e-07
3.061042840797029e-08
-2.4188514169654366e-08
-9.741653190914305e-09
4.963477791100934e-09
2.7816365904315573e-09
-6.366510760078101e-10
-1.1423372705273196e-09
-1.1404741268456987e-10
9.257624609444268e-11
-9.058128961285439e-11
-2.4872003172649176e-10
3.0546302579486003e-11
-4.4169881990065344e-10
-2.655343478053032e-10
-1.9435522052030115e-10
-1.959900019552483e-10
-7.812661579228071e-11
3.191931601186902e-11
1.5366564284034923e-10
-8.901160605623274e-11
-2.0153408185441114e-10
-1.3768690001323694e-10
-1.2802079277412631e-10
3.1132386687418485e-10
2.880702259413999e-10
2.885743399584548e-10
3.7759389246054613e-10
3.9759164896580444e-10
2.010847267506044e-10
3.1043370825156566e-10
5.710875603051475e-10
2.857562870127128e-10
5.164581755472986e-10
3.7998981566761013e-10
4.080930439901999e-10
5.842317461808549e-10
2.954935715045672e-10
3.820716025231032e-10
-6.713787244403988e-12
5.979187644172446e-10
7.3827021848977e-11
1.1688869332828318e-10
-6.579361403790764e-13
6.082315117051117e-11
2.840265298231491e-10
-3.4189085364698846e-10
-1.6643824143589152e-10
6.082263087386278e-12
-4.775829605738686e-10
-1.4607695196327737e-10
-4.801377623796239e-10
-1.9748911431308135e-10
-2.239954237817667e-11
-2.1391943872049713e-10
-2.504954453078217e-10
-4.3508187283653293e-10
