[0.0, 31.0]
45.05960387082407
-0.07785952978357966
0.03049872627064031
0.00034452485704073105
-6.403026148507575e-05
1.455332740562489e-06
-3.547886460847177e-05
3.5124111061396917e-06
2.0270195245803233e-05
-2.9269994496391127e-06
-7.6067844373498525e-06
1.8923958373751072e-06
2.6160746013060494e-06
-1.0550676647357168e-06
-8.425553051715538e-07
5.200536197469819e-07
2.3605890711370966e-07
-2.3079497924004376e-07
-5.101075330944979e-08
9.010720569392993e-08
5.407347052427465e-09
-3.039090619038063e-08
1.0000381348439014e-09
8.586084173901894e-09
-8.119389022344617e-10
-2.0760706228120432e-09
-1.1700829488183482e-10
1.9448508617332534e-10
-8.365210458839217e-11
6.704390573084371e-11
-2.5983479069477553e-10
2.0281256752319795e-10
-6.57283644520576e-10
1.149326867846309e-10
-2.751165493167251e-10
9.8254750506793e-11
-2.271848014040171e-10
-1.3900508296475898e-10
-5.1333270623979804e-11
-6.245693178476315e-11
3.117670129656262e-10
-1.565640269966122e-10
-1.6080166638028431e-10
-1.4597808676134982e-10
-8.966685470670166e-11
-9.118969810063317e-11
-2.458174306487701e-10
-2.5754757072355467e-10
-8.354075085275524e-11
-7.159421382854966e-11
-1.744787879961093e-10
-2.491658276504457e-10
5.118586993384835e-12
-2.760393752561727e-10
-3.385349500713659e-10
-2.918858304390507e-11
-1.988235321145482e-10
7.27525723345475e-11
-8.759454394394577e-12
1.2320090859526805e-10
1.2293066569975881e-10
9.961429207666355e-12
-4.692798403530871e-11
2.5727918967321457e-10
1.3708892168290234e-11
