[0.0, 31.0]
278.02348587071776
-0.3555559850378068
0.008453541683177471
0.001345415536666755
-1.025135169004434e-05
-2.2348236905921347e-05
-4.2867058793663055e-05
1.18355023552152e-05
1.3745770499707629e-05
-5.303393640946547e-06
-8.07025189069701e-08
1.880556339782379e-06
-8.466675597707842e-07
-4.143284471502579e-07
2.8053890138456776e-07
2.0006958946867528e-08
-7.783101139920277e-08
2.0591057858122015e-08
2.2056515847932646e-08
-8.101989863574839e-09
-4.76533258663184e-09
1.8735358569657695e-09
1.6457542773241393e-10
5.797325466844076e-11
2.5835692233401672e-11
-3.146291419299201e-10
-4.794378402784606e-10
-1.2617415126963665e-10
-2.0943323145989443e-10
-3.9342257324724517e-11
-1.4683467359414822e-10
-1.6275226412796605e-11
-1.6959386764160153e-10
-1.5672989348042487e-10
-2.16618390530987e-10
2.6926091014130813e-11
-2.3536996479394474e-10
7.243826773055587e-11
-2.952755116788599e-10
-1.9751499000472532e-10
6.6043709745943e-11
1.6040259427594445e-10
-2.7569822949928236e-10
1.6955006527127838e-10
-3.012558814419679e-10
-7.703453327649129e-11
-4.856633165567456e-11
-2.964558389850285e-10
-4.1394071778123475e-10
-1.9414038814400706e-11
-1.7026671373212777e-10
-5.242005378695611e-11
-4.3706936874371573e-10
-1.868492805651124e-10
-3.2934416878284146e-10
-4.820746789486228e-10
-4.99833594581517e-10
-2.6320086962148296e-10
-2.0400956917793808e-10
4.082031531778405e-10
2.423684343899692e-10
5.070398732091388e-10
-8.833471560705127e-12
2.452466562743755e-10
1.8161082641715316e-10
