[0.0, 31.0]
123.53143432538899
-0.17103448011291156
0.018789723533456777
0.0005271391843108209
-1.6919513638198782e-05
-1.8344312139309577e-05
-3.0238400366968237e-05
2.3868200441377206e-05
1.599345805779196e-05
-1.0642318697761514e-05
-6.386329933187442e-06
3.96232403525234e-06
2.554965118122458e-06
-1.4299440675027513e-06
-1.0304696411180747e-06
5.038152040853334e-07
4.0742642229876867e-07
-1.735975918893431e-07
-1.576898058552655e-07
5.798711897411815e-08
6.0102312733813e-08
-1.8760683761442207e-08
-2.2553872737698706e-08
5.962856730657163e-09
8.519511890447757e-09
-2.3029462326414273e-09
-2.9806389543140143e-09
3.4331793777128673e-10
9.746107163182235e-10
-5.517612555137493e-10
-9.048247849791236e-11
1.7194602888331944e-10
1.9050878063358955e-10
7.324517426873927e-11
-2.043056782490497e-10
-1.9435346920099123e-10
-7.127001994767325e-11
3.9654705724626334e-10
2.148800953366729e-10
2.106020646598387e-10
3.5044183757807845e-10
3.4079566396443013e-10
2.412035816153821e-10
5.526867826108939e-10
3.2501875750356755e-10
4.669899451098364e-10
2.455318039087395e-10
1.7260070996944055e-10
2.3370786347521405e-10
-2.956725367636632e-10
-1.643231068346367e-10
-3.42334499215459e-10
5.321224580816686e-11
2.6826942509906162e-11
3.02966351544661e-10
-1.3311596845056926e-10
1.7355307026939557e-10
2.3616302699192874e-10
-1.6307218081932318e-10
2.3117429469617818e-10
-3.944283708358575e-10
4.0715110522074333e-10
6.262420451425344e-11
3.2949551166914543e-10
1.0411305561739248e-10
