[0.0, 30.0]
356.28659949278864
0.12203418707893789
-0.031469246879827946
-0.00018243983256959
2.4819937157457967e-05
3.3351825353748745e-05
-1.8944309610446615e-05
-2.0985515459925726e-05
8.977067333407178e-06
8.376263835376615e-06
-2.5558903529632206e-06
-2.825414768454336e-06
7.512400337253025e-07
8.75367994007637e-07
-2.6013429296133765e-07
-2.5888934451381285e-07
1.0250191493781687e-07
7.140836453871343e-08
-4.1902469882951665e-08
-1.852345182711522e-08
1.5853535520883392e-08
3.928920949115025e-09
-5.153650355900938e-09
-1.484728576757076e-09
1.1222334817096826e-09
-3.015278583992187e-10
-4.5553116369975334e-10
-4.137462339526064e-10
1.1535511172566988e-10
-6.465471117695275e-10
1.4538956633000515e-10
-1.4727150024850027e-10
3.238317172195148e-10
2.1661177010988788e-11
4.569349067834595e-10
-3.068783473820344e-10
3.4776866600234007e-10
-5.199336214306844e-11
-9.050657903917264e-11
-3.9886896570134326e-10
-1.7583138108885374e-10
-1.9137629045640934e-10
-4.1152808342059165e-10
2.2911562102041534e-10
1.5881673558063153e-10
-1.8647031185325418e-10
7.073538118939105e-11
2.48780532728763e-10
6.989148835002698e-11
-4.6452580700302566e-11
-5.091745547729833e-11
8.267275213535785e-11
-3.9792739287874567e-11
1.3407491569203482e-10
-1.6087004723657746e-11
4.516605697866698e-10
1.6447790058071386e-10
5.993454418024846e-10
4.302201993683935e-10
2.971329048227339e-10
3.1826361949808334e-10
-8.531319013180713e-12
-4.16866518207211e-12
1.7972861971143286e-10
2.9054031432365393e-11
