[0.0, 31.0]
-19.847749037571948
0.07280648776328452
0.005897907567676816
-0.00022160470850454589
-8.43035175162205e-06
-2.476501451783108e-06
3.1746994885305447e-07
1.7608700407482802e-07
-1.2355345600650686e-07
2.3359142210992085e-08
2.5323750602497145e-08
-1.1611333911668758e-08
-2.0915260789625807e-09
2.5375978037303386e-09
-7.67911185250442e-10
-6.116202786270183e-10
3.815009672562042e-10
-4.3371844994113845e-10
-2.337998043302207e-10
2.956532468607746e-11
-1.1148095236395626e-10
-6.264117796712789e-11
4.2644275657496956e-10
2.735811191646853e-10
1.0487061656192872e-10
-6.824376430384871e-11
4.757106406082487e-10
-2.469800515428121e-10
4.792666600714601e-10
-2.8653243885572586e-10
7.089169721555421e-11
3.846000120172356e-12
4.172984285537438e-10
-1.3129473016653162e-10
1.4882001286155937e-10
8.860139881558217e-11
-1.1809674009152737e-10
2.2093933602068794e-10
-1.117014384867824e-11
-2.1418697195501786e-10
-1.1255532461839593e-10
-3.3643564894642423e-10
2.3272600017239964e-10
-1.5421489077038913e-10
7.480186016806085e-11
-6.860806347243672e-11
1.1159014562132521e-11
-4.2765754519693063e-11
-2.3367637173964735e-10
3.723003129420905e-11
3.8963719597648746e-10
-2.895527176430761e-10
3.575232999560515e-10
4.4588529620121615e-10
2.961622476870751e-10
4.460823723335812e-10
4.047851860324961e-10
-1.244876352080704e-11
6.111491569867389e-10
-5.6512662827573096e-11
4.2162179758307937e-10
-1.9030210190517154e-10
1.8678170772529043e-10
-2.363961808914917e-10
-8.11574530177129e-11
