[0.0, 31.0]
230.11779432454554
-0.10818019847400698
0.02263065522663218
0.000427892585056228
-2.4257801351247114e-05
-5.936149435111251e-05
1.4340722163702703e-05
3.3897437234433674e-05
-6.139725705575156e-06
-4.048229641014461e-06
1.0568704370005421e-06
-1.6895028894449279e-06
-9.471121023744816e-08
6.98598247106406e-07
-2.4177314827467554e-08
-6.604033781481445e-08
3.068757936915576e-08
-2.955835833832023e-08
-1.5152641224060138e-08
1.4354234672740916e-08
3.653466675471527e-09
-2.5295590026643684e-09
-7.030220784827889e-10
2.875500971324488e-10
-3.023332373183635e-10
3.368674178161504e-10
8.423020170218723e-12
1.1141133369649828e-10
-1.4757730034581763e-10
1.87903069749804e-10
7.889929511647302e-11
1.270243567906646e-10
9.058780593202866e-11
3.4103737333925696e-10
-6.485825617249905e-11
-1.4197605815987535e-10
-2.967660835776025e-10
3.9170976635355893e-10
2.2832991878640784e-10
3.4646425309247094e-10
2.660089810371828e-10
-1.642176648958959e-10
3.7513824416001913e-10
-9.884519335468919e-12
4.639373488377803e-10
-3.7934988206729537e-11
5.996828798176631e-10
-2.3716434245472607e-10
1.3161957168983011e-10
1.230490347402712e-10
-4.174519773546005e-11
2.0999175868348968e-10
-1.1552426854463033e-10
6.144357230888157e-12
-3.745343388934483e-11
2.115509278375173e-10
2.2023215027074026e-10
1.2439899311439387e-10
1.5843735836982566e-10
-8.548737150374989e-11
-4.4003352168515754e-11
1.5146512023845135e-10
1.352530102932841e-10
-5.46996181754084e-11
-1.6994218282953706e-10
