[0.0, 30.0]
65.89886325115145
-0.34612606910861027
-0.006199674618413239
0.0013300863984722754
2.0682014416107446e-06
3.940709755741408e-05
1.053897892187014e-05
-2.3468926482019714e-05
-6.560997051983408e-06
1.083725849779406e-06
1.7867656090290046e-06
9.486905146959871e-07
1.1317774247374135e-07
-6.708042591846376e-08
-1.3497297922642938e-07
-5.10822575688707e-08
-2.1154867937712823e-09
1.0558649046341417e-08
9.821750040467705e-09
5.984767531496696e-10
2.0263523731086264e-09
-4.68912665929617e-10
-2.689853290781528e-09
3.048441322197318e-11
1.6923697296381013e-09
-4.4410344699946686e-10
1.0643011151920495e-10
-1.9973111372182208e-10
5.058145097200074e-11
-4.510702673384856e-10
-2.0301983702200103e-10
5.7752755056219416e-11
3.787626031393415e-10
-9.665670053815033e-11
4.3099528291582404e-11
-2.986200369598017e-11
4.905991912743411e-11
4.704630051688413e-10
2.379649048590179e-10
-2.35065492437305e-10
1.503362564376289e-11
-3.324392180989596e-10
4.5489294596133334e-10
-1.602446001943252e-10
4.982234915899429e-10
-2.5348967703491655e-12
2.8844872573937216e-10
-1.4294983827646434e-10
7.390008765017897e-11
2.619334177423315e-10
1.9318462508747246e-10
-4.2096045951415463e-10
3.918480121529991e-11
-4.067194933032558e-10
2.062341100190998e-10
-3.378485329956237e-10
3.410832661993567e-10
-1.7770313543357814e-10
1.4696008735861972e-10
-3.099593683598285e-11
-3.696207677098695e-11
2.0809153632868286e-11
-1.0630113513336148e-10
7.440971309384248e-11
-1.7191449759564178e-10
