[0.0, 31.0]
162.23614344828636
-0.05752540757198407
0.021235081704897355
0.00019262780340265062
-3.160032630964481e-05
2.8694409930459383e-05
3.7876539971081704e-05
-1.882200861093714e-05
-2.1626199155985434e-05
5.708668665369032e-06
8.595563071951913e-06
-1.2718647877372582e-06
-3.202068916332627e-06
2.8499702490457997e-07
1.1664831870249539e-06
-7.579461784021078e-08
-4.185263691597467e-07
2.6643368737146166e-08
1.4828559047777426e-07
-1.3370445470621302e-08
-4.804497388571731e-08
4.947581803553531e-09
1.4901131535235754e-08
-2.4145018677172447e-09
-3.0133963929440725e-09
-4.4691285671081207e-10
1.311783474035299e-09
-6.562811435148986e-10
3.7275007120004797e-10
-5.887291146550907e-10
6.406387218661724e-10
-3.9909048931306344e-10
6.845879821610999e-10
-5.2840466201165e-10
5.764586214926942e-10
-3.6135664365883104e-10
4.923708058078189e-10
-6.95252114783285e-10
6.45983814705672e-10
-4.6469705810097715e-10
3.1039717712652513e-10
-4.778560353111488e-10
5.193824348473606e-10
-4.0975233366674307e-10
5.894794673688237e-10
-4.1872949258690517e-10
7.300451284593477e-10
-9.023528155726525e-10
5.649025006739521e-10
-4.3601416060900614e-10
1.3505291356944164e-10
-1.3191629433411517e-10
1.9619916445187214e-10
-1.989226248794563e-10
-1.1897110695167952e-10
-1.0858267983983921e-11
8.91960339498557e-11
-5.5167262156705785e-11
2.7677792961631003e-10
-2.06376921221635e-10
2.621103114499819e-10
-2.0687644497126095e-10
3.754080279283149e-10
-2.5133880594963135e-11
3.0974159589248914e-10
