[0.0, 31.0]
120.50289282354922
0.37137473684008326
0.002357150372863071
-0.0008882470233116138
2.2503361990208287e-05
-2.347167752487685e-05
-3.233626361993946e-05
1.8124413126276547e-05
8.38678777825345e-06
-3.890346310439018e-06
1.0393649866412147e-06
3.7443248893589414e-07
-9.270129935001285e-07
-3.770950224257692e-08
1.8460828894088694e-07
-1.5397107112842374e-08
-7.983660477992214e-09
1.8576052272819344e-08
-3.84422633343059e-09
-7.035132224804596e-09
2.6163576640241234e-10
4.131883030715966e-10
-5.044613742470377e-10
2.1850581339047682e-10
3.972370174371425e-11
-1.7102750280856254e-11
-8.832368692987763e-11
-2.4766637254830834e-10
-1.3479774389559826e-10
-2.900578114459225e-10
-1.227582328796345e-10
4.673069472097476e-11
3.2772417488470256e-11
4.850462267950445e-10
-5.365667211431699e-10
1.2206947728477613e-11
1.273880966476083e-10
1.8064877890389616e-10
-2.76836971850951e-10
1.01204651933292e-10
1.76152560371181e-11
-1.3819047765136354e-11
6.422322067496266e-11
-8.95727098164786e-11
-3.5340185292843207e-10
3.8643009952436164e-10
-6.163544791664475e-10
-2.696827306464079e-10
-2.0247972107752458e-10
-1.9228823663358572e-10
9.460146648374031e-11
-1.1735232270548887e-10
-1.1505721133369183e-10
-1.2006462773516803e-10
2.1781850584827218e-10
-3.013346999119338e-10
-2.090512961126288e-10
-5.427475662648838e-10
-1.9011658775944648e-10
1.0757938404047325e-10
-4.210405675877191e-10
-3.134126585158893e-11
-1.292236483195909e-10
2.1794472053012428e-11
2.616545086002764e-10
