[0.0, 31.0]
151.0253100819067
0.0041682206848395785
0.0216744424624492
-1.6037493330375688e-05
-2.514154258623559e-05
5.476789911469677e-06
3.860662638894529e-05
-1.2318129544684895e-06
-2.1034093819450637e-05
2.020528222320505e-06
7.560530843160772e-06
-1.2710052795201595e-06
-2.577959382032397e-06
5.162524142834297e-07
8.810787866769183e-07
-1.8437048937056734e-07
-3.018910803106924e-07
6.689408440186964e-08
1.0240488925390305e-07
-2.3051073824675988e-08
-3.4945889485081914e-08
9.217023678013045e-09
1.1275251717794092e-08
-2.2143157423700883e-09
-4.257535994587352e-09
1.5000147158612103e-09
1.343982418401926e-09
1.9086184852055138e-10
-9.016811311860919e-10
3.952588497851624e-10
-1.3613803716831143e-10
1.8456548608154544e-10
-5.322474561959504e-10
6.09669054308822e-10
-4.925946381238143e-10
5.155349928826746e-10
-3.9973404835029055e-10
4.42085787285342e-10
-1.1384283765252225e-10
4.3879450894663887e-10
2.84109137593771e-11
1.9856476953753912e-10
-4.3981258059876003e-10
2.791558859132976e-10
-5.616977584526389e-10
4.979217500868747e-10
-3.764835363386459e-10
4.455995903943283e-10
-9.884460920867609e-11
3.0947042070831556e-10
-6.667965409446473e-11
-5.439953663554506e-11
1.7975185599506472e-10
-1.1164836476866205e-10
-2.2525576648245246e-11
-2.9429212305647585e-10
1.9591160823700327e-10
-3.641803889970189e-10
4.981889311392665e-10
-1.9429865479021303e-10
2.119872147280225e-10
1.7592615400613202e-10
-7.920677319728155e-11
3.7289345390831895e-10
-2.1987655087084213e-10
