[0.0, 31.0]
16.07323095712906
-0.4221372947833148
0.0038552424624625384
0.0017334956058320534
4.2840538699814265e-05
1.059084660648826e-05
-4.9765014921496725e-05
-8.877386330710268e-06
2.3752579090791635e-05
5.71647616832713e-07
-7.528162611441336e-06
9.85334355280516e-07
1.7037315897524497e-06
-5.2517960739994e-07
-1.941980056514637e-07
1.523275023006586e-07
-3.5389898082195715e-08
-2.1424380328646887e-08
2.411731822099686e-08
-3.8883390380379355e-09
-4.912273578003806e-09
4.4997307282544895e-09
4.894517050731763e-10
-1.630944086614513e-09
3.496984366873438e-10
3.0225639035998026e-10
-5.297724102194187e-11
-1.8926706498275594e-10
5.478762891024255e-10
-1.5281527976332322e-10
-5.404843978783065e-11
-4.410111771163775e-11
2.263503923432459e-10
8.298092477073468e-11
3.719036979233608e-10
3.641130113241064e-11
1.0542483938926227e-10
-1.386814642275886e-10
3.1754003273603354e-12
1.331761231343286e-10
1.1298004226348729e-10
-7.670008940501005e-11
-1.374893645283891e-10
-4.2450605053702885e-11
-7.07790952643854e-11
1.4718473792841771e-10
1.0711213806853993e-11
-1.192254788240463e-10
2.0660379630738733e-10
-4.128487714286604e-11
1.7109347374636422e-10
-2.2557353906786284e-10
7.365755170643431e-11
-1.1641402747579426e-10
-2.6284990225959935e-10
-1.455332406414155e-10
-7.045244246482408e-11
-1.4940904151265114e-10
-1.6819377603104352e-10
-1.634084673361428e-10
3.1162569524526357e-11
-7.429456126848599e-12
-6.858158209652247e-11
5.726878705850295e-12
-4.6607728124996085e-11
