[0.0, 30.0]
-8.403700257508596
0.006435137987953615
-0.0026257815654098468
-4.2575237926613725e-05
4.447746046382865e-06
-9.826231151172707e-07
-1.1071231146643588e-07
1.3582442660803442e-07
-3.18336168467254e-08
-1.726881573072842e-08
1.3156223777789998e-08
7.991182854796076e-10
-2.5281306223506445e-09
9.084025540384362e-10
4.0356641194443606e-10
-1.6300868961869866e-10
-2.4603885873510157e-10
-1.3984698756176468e-10
-1.303570078907066e-10
-1.5451255586525514e-10
-2.8015705422647126e-10
1.0864787371621108e-10
-3.3642555284695283e-10
-5.03309605025112e-10
-3.9642433085922085e-10
-1.9432791844323738e-10
-2.9632579514680314e-10
-1.9979716853143363e-10
-3.9509393548350494e-10
1.6340914267841044e-10
-1.2015152794467787e-10
-1.0111804677892387e-10
-5.671560225223139e-11
-4.4731477759434937e-10
-2.9327441195015213e-10
1.3177449212019525e-10
-2.2586186147377164e-10
-1.3911515717966117e-10
1.115083296704401e-10
3.6025491316540987e-10
3.5241077808137916e-10
6.281799635583069e-10
3.382840811227309e-11
3.952175902891291e-10
3.065849605876587e-10
-4.0558867439544874e-11
7.898964574670894e-10
3.4498102913886013e-10
5.856734847953091e-10
5.687221038184213e-10
4.2628131698375935e-10
4.0038981890878295e-10
4.486088295040629e-10
6.644360421940749e-10
5.703651679875846e-10
5.323953828142361e-10
3.8004669793345346e-10
8.188547526672822e-10
5.06830359580303e-10
3.1202464698591205e-10
5.425046860344132e-10
3.501961875476279e-10
1.9365493937031792e-10
6.740988491075526e-10
-8.14421882213587e-11
