[0.0, 31.0]
-16.39355918978307
-0.04696385622140726
0.005878331324043311
0.00013431925626084708
-6.649488127618513e-06
-1.4284924355838002e-07
-3.9969212479645426e-07
4.756349237894825e-08
-1.8286304795108504e-08
-2.0236724331254958e-08
4.863109187452876e-09
3.9218025898244404e-09
-2.651576524184649e-10
-2.3591669523302087e-10
-2.4358077439509976e-10
-1.436974343005339e-10
-5.201860423667501e-10
-2.034394196013571e-10
-2.993840712117977e-10
3.7576688453074945e-10
-4.0866134043216127e-10
9.311635321177645e-12
-5.23491293926251e-10
1.0080210541977257e-10
-1.8271597136282827e-10
1.110169889527608e-10
-2.396485587388594e-10
-8.512116170799848e-11
-2.552504038080237e-10
2.1241292019867301e-10
-1.3885837474108133e-10
1.6201775490588505e-10
-3.240109531430605e-10
1.1998956298652016e-10
-2.701841612184924e-10
3.523557639017347e-10
-4.6545289648970643e-10
-2.2746228272942252e-10
-4.4713262067119443e-10
1.7087609745629524e-10
-3.8276778827621965e-10
1.1323532056760937e-10
-6.680069159290302e-10
3.57609996671624e-11
-3.7368550094518924e-10
8.795431394199127e-11
-5.896932089890539e-11
3.1168861528956514e-10
-4.0364804371462567e-10
-1.812412474537944e-12
-2.5287011563387096e-10
1.791992388935307e-10
-5.629527300260102e-10
3.15778733567941e-10
-3.2630641306422933e-10
-6.23396103151424e-11
-4.207407815332261e-10
2.605268076764205e-10
-3.277434920265525e-10
2.917708711987849e-10
-1.8156637368624782e-10
-1.9174338968366643e-11
-4.095375019226967e-10
2.862047238982807e-10
-1.4018908482312905e-10
