[0.0, 31.0]
234.9748449137775
0.3814668669897405
0.012622343393326121
-0.0009266463934847241
-3.9320971205253524e-05
-4.4551945671634195e-05
1.2409220605830171e-05
2.8717813098965832e-05
-1.6157142454292305e-06
-3.39469149028041e-06
-1.4675558462438232e-06
-5.948088668724795e-07
6.400752764596416e-07
2.590080958039113e-08
-5.8822969309481225e-08
3.9234623798615197e-08
-1.6178217332518458e-08
9.255107043145155e-09
-4.521301948706885e-09
-7.2273601852518575e-09
8.366868106056369e-09
-5.621857982942512e-10
-4.555135510578976e-09
1.2858662649003955e-09
1.4111503023092868e-09
-4.3922899336884674e-10
-3.3607207656661514e-10
3.1622091895053143e-10
2.356289891633675e-10
-3.099878634060023e-10
1.6742629307402582e-10
-2.5448079739344277e-11
-2.1122337419925622e-10
1.1705015278447088e-10
-1.6845019175203406e-10
-2.6640746955653577e-11
-2.0570197593401991e-10
1.2229996070811102e-10
-2.262317528681848e-10
-1.2937629462350289e-10
1.9116544951129665e-12
-1.5066668356680937e-10
-4.658634687477514e-10
-1.2435679739899068e-10
-9.99836002774858e-11
-3.7937356681707294e-10
-1.436028015880308e-10
-9.126168116921321e-11
-1.9797987488951655e-10
-2.632611301052115e-10
1.1173602378448535e-12
8.802425089963769e-11
-1.1758110738592799e-10
4.2380655620984593e-11
1.9278521169076514e-10
1.3686571091901281e-10
-6.728478568616343e-11
-1.4870558271141345e-10
2.960623542603632e-10
-3.3714888770991825e-10
-1.7949859491045315e-10
-2.0126541285769063e-10
-2.594264793608399e-10
1.394991646595012e-10
1.4635139246147385e-10
