[0.0, 30.0]
95.81689962443394
0.5479871472031216
0.004918726168426849
-0.0010555812150666
-2.94870285488901e-06
3.835508640045953e-05
-1.0095881159210793e-06
-1.4321936277737949e-05
5.856329988049731e-06
5.1787814845545165e-06
-6.260940046623455e-06
-9.793942300364806e-06
-4.305682884352378e-06
1.645500573496519e-06
4.9394352383077345e-06
5.342720625294395e-06
2.8278044408263343e-06
-5.890549400565047e-07
-2.865940349421015e-06
-3.3291435844586367e-06
-2.122381307241638e-06
-8.118532961496258e-08
1.6233390773843443e-06
2.1857626487199762e-06
1.5557608472654904e-06
2.761813068448688e-07
-8.918652225507314e-07
-1.3959139361888773e-06
-1.1101297042868095e-06
-3.334297994740403e-07
4.5959810303575184e-07
8.691011338335106e-07
7.700547195390283e-07
3.055596393941422e-07
-2.1853402511276907e-07
-5.372265290792501e-07
-5.26257208414911e-07
-2.606803253953976e-07
8.450452375609412e-08
3.173160387993491e-07
3.501703147976449e-07
1.9906345567951373e-07
-1.9070892983776108e-08
-1.9021146721002985e-07
-2.3151975036750548e-07
-1.5530650571044434e-07
-1.4297326406662052e-08
1.0142222592754115e-07
1.4686164103054428e-07
1.057576801335024e-07
2.301648006519603e-08
-6.109274883190487e-08
-9.573757395398288e-08
-8.255715924144822e-08
-2.7552992700363385e-08
2.3426932875436275e-08
5.682243803314069e-08
4.746059804220661e-08
2.1023893531807203e-08
-1.9327724054161683e-08
-3.822713556941844e-08
-4.4473382356886413e-08
-2.2500100220084113e-08
-6.8824394798074305e-09
1.575046629065358e-08
