[0.0, 28.0]
341.14496352342866
0.5147619974586382
0.0065065299650014655
-0.0009401125559641548
-9.1059808448656e-06
-4.3805265711449234e-05
9.770955064830317e-06
1.633342209006625e-05
-4.3460137548094095e-06
-1.138692397188761e-06
1.5458616715724673e-06
-7.462764748009775e-07
-9.31750702598613e-07
1.5050271341015275e-07
3.5613792416813884e-07
-1.2408270573244787e-07
-2.1790703124401473e-07
-1.5111932335030507e-08
2.925827469692781e-08
-1.3893834085718712e-08
-1.942498084151039e-08
-5.712596613513351e-09
-2.60180950510079e-09
-1.1378645561426902e-09
-2.1335241973495652e-09
-1.2386061348295848e-10
-8.866034311581017e-10
1.5201666262812995e-10
-1.4358217636876787e-10
9.483928280206612e-12
-6.500251480800889e-10
4.420035062049901e-10
-5.502034943248885e-10
1.7183468995195536e-10
-2.248507297537969e-10
1.9118393213392137e-10
-6.278232343844877e-10
3.156755465016521e-10
-6.743212982515389e-10
5.127716224054301e-10
-5.095153541035679e-10
4.3675927415189433e-10
-3.7336208381918936e-10
3.7320308790532756e-10
-5.771633155388846e-10
5.828259969261544e-10
-6.689317848205457e-10
1.418865427873216e-10
-5.076535789221688e-10
4.949579890016423e-10
-4.234113609378038e-10
7.156468297000017e-10
-1.3497294027707192e-10
4.511930449354487e-10
-4.0330625541235744e-10
1.4171408577187174e-10
-3.310416064514021e-10
3.221679022688435e-10
-2.3502689460513074e-11
2.7567972441978164e-10
-2.1717673288217514e-10
2.708262001743104e-10
1.397749108811909e-10
1.743342461156577e-11
-2.582738944435798e-10
