[0.0, 31.0]
0.6007474736749869
0.0004990107000186386
-0.0003374980596069795
5.041159505322151e-06
1.0912416991591967e-06
9.847091432240035e-07
6.521002341086032e-08
1.781170693802713e-08
-1.0853584184891191e-07
9.633422769192524e-08
-2.447953143699161e-07
-1.0441877910362012e-07
-2.253758729302057e-08
-1.2416874977510634e-07
2.914438684847623e-07
1.8017317416100956e-07
-2.3725970205583072e-07
-1.018565954874403e-07
1.031132473849653e-07
3.579372647217729e-08
-3.013936959777791e-08
-8.657074198593751e-09
6.477020028278371e-09
1.9243460445080227e-09
-9.810255245723074e-10
2.1451836271054075e-10
1.3400162276137718e-10
4.95797525245974e-10
-8.221333100843733e-11
3.185245740351268e-10
-8.01624854171262e-11
1.4899973548835297e-10
-1.4019506311781894e-10
1.2922026162162365e-10
1.118245881548494e-10
5.4486420414927606e-14
-1.286860294572752e-11
-9.896767153977975e-11
6.868134944105221e-11
-2.3086623233991374e-10
-1.6841797512867148e-10
-1.0583473922510246e-10
-9.295078671502442e-11
-4.2729520528988857e-11
-3.141728403185008e-12
2.193281896409156e-10
-1.0927585947302913e-10
1.0673589449362446e-10
-3.503096421628242e-11
3.2924991367819357e-10
-1.8727248984921968e-10
3.270468813613988e-10
5.933363546110166e-11
4.134007627773056e-10
6.408788481924662e-11
3.6525249944126527e-10
8.263176718148102e-11
-5.062974825456109e-11
3.9613528936053653e-11
3.4849689370947675e-11
1.3622052758848879e-11
-7.695920710695428e-11
-1.2992487330863452e-10
1.5551613706417371e-10
-1.9361092158554464e-10
