[0.0, 30.0]
151.26434612135085
0.15166983807949028
-0.03111208497666612
-0.0002981521304993803
6.182622755583279e-05
4.996776361406405e-05
-6.04107159593845e-06
-2.7817093854136524e-05
-3.4813865496257177e-06
2.353352708773907e-06
1.7915941795929545e-06
1.1484605606761643e-06
2.0616326101022592e-07
-6.015947373792828e-07
-2.2243551966587208e-07
3.1660053521219123e-07
6.087322053830878e-09
-1.5878102038054624e-07
2.5990989131537034e-08
6.314920315602986e-08
-8.916648179976446e-09
-1.9139756219571655e-08
1.6188099943136227e-09
5.742523587424043e-09
5.269022182719421e-10
-6.020974458365646e-10
1.1291487217535575e-10
7.821757549498105e-10
4.4001436646939756e-10
6.010462605852207e-10
3.3783822163629165e-10
3.1792545454641936e-10
2.404684929756109e-10
-1.5731749194869786e-11
1.0102575202452931e-10
-1.6368219360324376e-11
2.2259124849178175e-10
1.0545654214418603e-10
6.533098554924484e-10
3.644739062222959e-10
8.381658304917217e-10
4.776098691804321e-10
7.379792140144737e-10
4.259975653798434e-10
6.940034534528593e-10
1.9708226602509176e-10
7.16330725964495e-10
8.546857841527051e-12
7.318323701923596e-10
1.3313731899074566e-10
8.443559536273603e-10
1.0007009601158103e-11
3.9712480221529116e-10
-1.5005288369440376e-10
2.0195964833501732e-10
6.240881872851524e-11
1.519329374976036e-10
4.752482837870344e-11
3.2273291379056143e-10
5.68662810436994e-11
3.516072912955909e-10
-2.6545544220360464e-10
3.125743046390901e-10
-3.997475961094678e-10
9.050361757176052e-11
