[0.0, 31.0]
359.41785469010796
0.054318295691183474
0.03468952588589477
4.352653142446225e-05
-9.297726477975387e-05
-1.201006546047091e-05
5.67155392286729e-05
-2.19053350624779e-06
-1.4739090023336783e-05
3.190087342326466e-06
-1.5496543993240183e-06
-2.6540702524759085e-07
9.074525709058099e-07
-3.52576711213866e-07
4.0587402667398365e-07
-8.604836806503174e-09
-3.9532336806300624e-07
1.0647630824961641e-07
1.461693952621417e-07
-5.0517183442235006e-08
-2.984130110775302e-08
1.1334372891853926e-08
2.1220453883372215e-09
-9.147453271222248e-10
6.676997667221178e-10
-5.4103731566377055e-11
-5.184208843122796e-10
3.2482806599207666e-10
5.153614439732662e-11
-2.1170705086827608e-10
4.5349523604520335e-11
3.553544618079582e-11
3.51304364985597e-10
8.5594468426112e-11
7.942291031300422e-11
-1.6049902650685767e-11
-3.467913881435782e-10
-3.7979687499004546e-10
-3.3343305572868674e-10
1.1276278872919872e-10
-2.6167403642361314e-11
3.931119271416474e-10
3.843169461445142e-10
1.1012985215116254e-10
5.477837052021768e-10
-1.0136451998040658e-11
6.013538999911258e-10
2.090754663694494e-10
6.072895254681134e-10
8.278126162586814e-11
3.2575276764579706e-10
3.861019369216347e-10
4.2673392136815505e-10
6.556774979286829e-10
4.148695779972446e-10
2.47178772912357e-10
7.90003678498519e-10
-2.8019050949268744e-11
6.559669972385105e-10
2.663563247624031e-10
6.875712090562678e-10
6.937630834549819e-10
5.464174483781171e-10
9.250370766502666e-11
4.625692485288387e-10
