[0.0, 31.0]
1.3751658102019675
-0.005493249226202591
0.0005844379973468486
1.3798700698767757e-05
-1.0825693067522068e-06
4.6031415355892666e-07
-2.6084617568340137e-08
-3.007632917685159e-07
2.373416935126839e-08
-1.5185464368793558e-07
2.297002414819716e-09
1.9269940468690572e-07
-1.5423607372460124e-09
2.3044668143981784e-07
-3.547592859541544e-09
-3.346065486069559e-07
3.816896867364908e-09
1.8988790105253401e-07
-1.54227746072668e-09
-6.64945177537925e-08
7.834068747507708e-10
1.6359586970211614e-08
-5.467084125366796e-11
-3.0246018892180087e-09
-2.17125959391034e-11
4.0178269994877954e-10
-9.763572875640267e-11
5.784927544172198e-12
1.1784663924985194e-10
4.4777647885567923e-11
-9.113750150007662e-11
2.3709460668647444e-10
-9.655868848019082e-11
-5.113517800253958e-11
4.894501718174216e-11
1.28210764444175e-10
2.1900467957421058e-11
-5.0197693397689773e-11
1.0475424271185453e-10
-3.892882500664626e-11
1.4867630731469747e-10
-4.4487542252610544e-11
-1.7445948138240042e-10
-4.1180720738591064e-11
1.781366423633308e-11
-9.686059191872032e-11
-2.0647568545684167e-11
-5.3573848369918576e-11
2.6477563743666013e-11
-1.1306627008773656e-10
-2.0202138544930813e-10
-1.23804372355671e-12
-2.454420820212493e-11
-1.7316485558142186e-10
-1.53216270899814e-10
-4.3038720908559894e-11
1.6398027121524304e-10
-1.275596210290191e-10
2.1693833367442335e-10
-2.66881637364522e-11
-3.7954681087013284e-11
7.332565371011408e-11
3.787054502111765e-11
1.8607698071340834e-10
-4.4834404447378235e-11
