[0.0, 31.0]
0.995461546429692
-0.0008220724120479327
0.0004934590511956909
1.1651369164295821e-05
-1.88134549587431e-06
-7.357365619598933e-07
3.7923887566603714e-07
-5.7394464940468066e-08
-1.4257995739064757e-07
-2.8093910232461358e-08
-2.61890786721407e-07
5.110959433212414e-08
-2.5491015292583472e-08
6.091354626680157e-08
3.1461419472948706e-07
-8.943486505572176e-08
-2.558924379155657e-07
5.0995734921172706e-08
1.1070297605522065e-07
-1.7769534234274937e-08
-3.2233729954580025e-08
4.213433379215405e-09
6.759726293854167e-09
-1.0658538560741386e-09
-1.1146457745708144e-09
4.0834781158470533e-10
-8.1098332216325e-12
-1.299566096679125e-11
-1.6621284945586076e-10
7.28415564187801e-11
7.28506968934179e-11
-7.09237767418184e-11
-5.0015042868330844e-11
9.031184344150997e-11
-2.862182556362037e-10
5.662498356368397e-11
5.4464487794444957e-11
8.722024155078964e-11
-2.158307154315381e-11
-1.8156707020878918e-10
5.4997172959409996e-11
2.6589719197464005e-10
-3.199053449542125e-11
8.580074882656693e-11
-1.6154426026125775e-10
-2.337174931480037e-11
1.5142619841786805e-10
-3.955083177138965e-11
-8.809109924806526e-11
1.4096150487145818e-11
-1.326839227240618e-10
2.0222593939734538e-10
-1.42516986997454e-10
1.571842240490405e-10
-1.4727797099985872e-11
-1.9425328784216315e-10
1.1310045824701527e-10
-3.0838039159369436e-12
1.8577423841735267e-11
5.7719647649938254e-12
-1.42070333726273e-10
-1.1385906040832809e-10
2.0579493548904035e-10
-5.7634817363171484e-11
1.1127311406566065e-10
