[0.0, 31.0]
-1.2691972271896683
-0.007160012080903809
-0.0004150809602860732
1.956129545669654e-05
3.5362786084322107e-06
3.8028593131389043e-07
-1.938343795680652e-07
-3.241202821597063e-07
-1.206556759380581e-07
-9.637096172614525e-08
-2.256338649118476e-07
1.468859701130887e-07
-2.3681188933635914e-08
1.7596217231243643e-07
2.837866182530836e-07
-2.565855035428318e-07
-2.3068179004852083e-07
1.4531131606403183e-07
1.0071645380701173e-07
-5.096081848292482e-08
-2.912491646582673e-08
1.241843317934812e-08
6.362825315368028e-09
-2.58667976038012e-09
-7.341676385215599e-10
-1.3132508637155616e-10
4.768694017120899e-10
-2.216712439507319e-10
3.17920715212205e-10
-2.8538887290193686e-10
5.369145459767472e-10
-4.923745957661445e-11
1.6882663616019578e-10
-1.2222332685373429e-10
1.4185747885156457e-10
-2.597628728406404e-10
8.380831080658531e-11
-4.7991511139344216e-11
2.0830938758263037e-10
-4.4171893948188636e-10
5.400457790715358e-10
-3.4755366321022925e-10
1.9032076537494142e-10
-3.588795986671045e-10
1.5769856202239247e-10
-2.1252589748117426e-10
-2.350799797937073e-11
9.721674963311574e-13
1.0843330385835057e-10
-2.2203427418557444e-10
1.0112801650828748e-10
-1.5739044224815576e-10
1.3492858882542681e-10
-3.5890608137364566e-10
3.935481459478264e-10
-2.640545598988452e-10
6.859422275650997e-11
-8.963957245196492e-12
2.1616253809835615e-10
-1.9918794877989979e-10
1.1683533611753182e-10
-4.016670338604925e-12
-2.676345756991627e-10
-1.0101214066066072e-10
9.513814020577285e-11
