[0.0, 31.0]
-0.9555111278547469
0.010729224085328157
7.60752937311073e-05
-2.320918535395646e-05
-2.0086443723404345e-07
-1.0116895645683441e-06
1.2964995124418094e-07
-1.6169500945511803e-07
-6.651863371052011e-08
-1.7633124827660408e-07
-1.2666251835171593e-07
2.0905705604156577e-07
-1.603409022555769e-08
2.4607193150793675e-07
1.5560737535745813e-07
-3.5927310511146705e-07
-1.2553013605700431e-07
2.043056922728926e-07
5.3895474368847696e-08
-7.127441775968e-08
-1.576037911971126e-08
1.7714665607256508e-08
3.2406526647941637e-09
-3.434956536605462e-09
-7.075625236726788e-10
4.909518643087559e-10
-1.6187176831593785e-11
6.601446097947127e-11
-1.8191316806760122e-10
9.188254802880776e-11
-8.156509236814496e-11
-1.4357056930946804e-11
-2.320719139532117e-10
9.091734656239786e-11
-1.8137447874311241e-10
2.392070096931013e-10
-1.3576016651958035e-10
1.4003764044182384e-10
-1.41216091266697e-10
-9.919446574622084e-12
-2.1583753113700427e-10
-3.933828410622454e-11
-2.1482908956627643e-10
4.760366158354816e-11
-1.4679699939416995e-10
2.762991060271738e-10
-3.677001566256816e-10
1.0529974942363978e-10
-2.3074743643009002e-10
-5.739757616668535e-11
-6.528217126331184e-11
1.7034653365086774e-11
-1.0958130834785652e-10
5.3769650471933756e-11
-1.393235182421865e-10
1.1933924199034748e-11
-1.1173577063488844e-10
-5.141562723277432e-11
-8.58302319710964e-11
-6.59447156974773e-11
-6.87079548430414e-11
4.0496888519007867e-11
-1.5923164805374539e-10
1.1974816075320582e-10
-2.0235938144679477e-10
