[0.0, 31.0]
241.89066490981233
-0.4108218058017505
-0.004390448276266651
0.0015508723495447406
3.8496805357649844e-05
8.343318861728785e-07
-4.980365812446574e-05
-2.2603015658204533e-06
2.2979129695103146e-05
4.313310742107017e-06
-6.436775108027029e-06
-2.5487081863898678e-06
9.293305247252267e-07
1.2183953266619675e-06
2.773411698927493e-07
-5.689501123084163e-07
-2.6105487227283335e-07
2.1159396538778427e-07
1.0233664030614574e-07
-5.5283212889713324e-08
-2.455950682557246e-08
9.923218334713092e-09
2.7109707328892934e-09
-7.967285118317119e-10
2.3298490002414785e-10
3.0053487902691814e-10
-1.2732299465224152e-10
6.50704394411463e-11
-2.554506111421743e-10
5.507870643934389e-10
-4.837604840162654e-10
4.283759937718196e-10
-6.630907451689682e-10
-1.0852557918634046e-10
-1.7437202963778925e-10
-3.9279985057838395e-10
-4.483970119174756e-10
-3.109690204488534e-10
1.1060955610826796e-10
-1.5412930213125644e-10
-6.077191840026341e-11
-5.33734053204246e-11
-6.179964330357807e-10
-1.5696836359871753e-10
-1.7840343014768902e-10
-1.9407660599119656e-10
-6.119315125636279e-10
5.1264610662621816e-11
1.6650500586118984e-10
7.423083765648127e-11
1.599662675247291e-10
-3.798900554358826e-11
8.719447617883454e-12
-1.9781968666857368e-10
-2.45609943477514e-10
1.268111652405035e-10
-2.696203343963952e-10
-2.9292252946544493e-10
1.0700268608454086e-10
9.939419879055313e-12
4.3740951050339156e-12
1.749532365343434e-11
-2.5961588036711137e-10
-1.5559668731397289e-10
-2.160850728610488e-10
