[0.0, 31.0]
15.121735507443388
-0.08153391501372338
0.0335221711722682
0.0004342127023586105
-3.758098850266375e-05
3.754351880059898e-05
1.214214132996017e-05
-2.506293946304544e-05
-2.2182659551605685e-06
7.468092503357124e-06
-1.8890075576271688e-06
-1.419387950361943e-06
8.535747678923778e-07
4.992318139596664e-07
-8.959880787046635e-08
-3.8803705240343986e-07
-5.0197406867816694e-08
2.0789093071398101e-07
3.077661218117898e-08
-7.036412223231123e-08
-9.466687786460436e-09
1.558835853326827e-08
1.9456660231735248e-09
-2.450954480176865e-09
-1.4125767723982702e-10
-1.3217312818678362e-11
6.91141752045728e-11
-2.942621041855426e-10
2.012672215245212e-10
-1.166960714603263e-10
-7.112907520919741e-11
4.0845199913381874e-11
-1.4796604205752538e-10
-3.559288576884218e-11
1.1156008786030498e-10
-5.570084341970636e-10
3.989601169650856e-10
-1.3699812619808292e-11
-2.875937828521181e-10
-1.5073630338326044e-10
9.249423668543179e-11
1.988008746839119e-10
-1.4103916461067996e-10
-1.6813580074821603e-12
2.8698164996809335e-10
-3.926193336370762e-11
2.1662632193246798e-10
1.2616157135655562e-10
-2.4800751328415094e-11
-1.2000633147416895e-12
-8.36193671556756e-11
2.454498282930572e-11
2.4457226629327484e-10
4.611368231690616e-11
1.2436131991464435e-10
-2.298378239864158e-10
1.628363913580144e-11
-1.0762709425111743e-10
2.467162604194623e-10
-1.1113098846156448e-10
3.4916241671943913e-11
-1.8509724266217598e-10
-4.903242021521495e-12
-2.022326719356492e-10
3.2723046554280466e-11
