[0.0, 31.0]
238.16216140995664
0.3578170111996659
-0.027473418890083614
-0.0008955374333508735
5.009431170882002e-05
5.921759948080663e-05
-5.534328641779629e-06
-4.026116825980082e-05
2.47675479671021e-06
1.6513806883286348e-05
-3.965791087785144e-07
-6.0463013416075375e-06
2.299228990928543e-08
2.1329838803283325e-06
-2.2423833067784916e-07
-7.05506784091831e-07
1.9259160251571735e-07
2.2727866704633036e-07
-7.20470453279771e-08
-7.17996819496103e-08
1.2877179417726849e-08
2.2738625023892505e-08
1.266888378925304e-09
-5.644506939565323e-09
-8.152065937485828e-10
1.9522949598517356e-09
7.544556973723572e-10
1.2495337745917946e-10
7.53794476480972e-10
4.190272956825041e-10
5.927102844335156e-10
1.3732889899331154e-10
3.537299255828603e-10
9.589253277412515e-12
2.4745335098291173e-10
-5.5759158814540855e-11
3.176435335205272e-11
-2.2627523918344159e-10
3.032341733350722e-10
-6.704977118044091e-11
4.8377416485082e-10
-2.5389458464725797e-11
5.238215302233182e-10
5.217484488897041e-10
7.15379999122979e-10
4.777340537556539e-10
7.486661453205496e-10
-6.921240379255367e-11
2.0952630011588287e-10
1.8323251006726505e-10
1.449606897917953e-10
3.2681984587124633e-10
3.915603000541383e-10
3.1474665143041396e-10
4.04919534089423e-10
-2.3443545935794438e-11
6.044652418063866e-10
1.618556088739996e-10
-1.6095901939328626e-11
-1.782285662633811e-10
-1.715686265275084e-10
-3.512895653764106e-11
3.096071905513507e-10
-1.5045837286357956e-10
4.174830597533518e-10
