[0.0, 31.0]
-0.5162242300973707
0.00041881693694278575
0.0002835019688807218
4.377228645304177e-06
-1.283031132535266e-06
7.099619087069524e-07
1.9612158406946482e-07
-2.5400751929109164e-07
-7.00573947475413e-08
-1.530244120929076e-07
-1.2051484015733628e-07
1.779247293723802e-07
-9.206079658587706e-09
2.096312886367669e-07
1.4096079935170396e-07
-3.0473196652814044e-07
-1.1561939415569217e-07
1.73224243687397e-07
5.0307516444387293e-08
-6.035281209509745e-08
-1.496128126897686e-08
1.5123049044461178e-08
2.9602857552343185e-09
-2.7130893785420006e-09
-6.720071139959006e-10
5.153456740857572e-10
-2.432818833124571e-11
4.0800258076440715e-11
-3.0192517678987225e-11
4.0942593467474875e-11
9.993061513116696e-11
3.165651270049461e-10
2.3775205319055625e-10
1.9309573593459233e-10
-4.3317707045775845e-11
-1.1574464319955208e-10
-4.159592792133325e-11
1.0981753421197027e-10
-2.93762763009058e-11
5.092098668100641e-11
-1.390003443448853e-10
-3.131498086439571e-11
-7.88511895854977e-12
3.854145406093852e-12
2.6182137240166372e-11
1.0348869417143726e-10
8.662749482024285e-11
-1.4714743059005922e-12
-1.0590801625336426e-10
-6.639864962329323e-11
3.120403084696067e-11
-1.2478774731995985e-11
2.8553717899371057e-11
-2.6874527212502692e-11
3.552093653914327e-11
-1.27688192811228e-10
-1.5958462500875383e-10
-1.1216401167083886e-10
-1.3080665793020576e-10
1.1638142902933802e-10
-2.6416337245192932e-11
2.154223492440294e-10
-3.721492210219351e-11
2.1089890911308273e-11
-3.9221563119806435e-11
