[0.0, 30.0]
-1.1135181615971317
-0.007032346351654725
-0.00015034008606996393
2.5061455164527396e-05
2.196656501100218e-06
-2.93165838910556e-07
4.275934034688621e-09
-3.17341363701265e-08
1.674285735977626e-08
-8.371361318006543e-09
-2.5727936941713183e-07
3.4948254307217905e-09
-1.2987671884385218e-07
2.263858818681109e-08
3.3290268166539944e-07
-2.176961312718963e-08
-2.2012229937420432e-07
1.0104180127492824e-08
8.362442025634946e-08
-2.985472466266908e-09
-2.190227889968014e-08
6.832594171366467e-10
4.29003058174645e-09
-1.315222651714651e-10
-6.363275457555677e-10
3.8903837979292406e-12
7.644258847765169e-11
-1.1747839416767124e-11
5.3426807088195834e-11
-2.068156126627937e-10
1.631874692470535e-11
-1.1138362502198877e-10
8.761418761898401e-11
-2.2344504973641418e-10
-3.6514641063672656e-11
-1.4247485831027718e-10
-9.362619544138663e-12
-1.5593960109062668e-11
5.0631474875659434e-11
-3.566055982803045e-11
3.838604668511376e-11
-3.2427624460176585e-11
-6.527492386669788e-11
-2.000309146929433e-11
3.5162044197687955e-11
-2.810735682110637e-11
4.3238952903959814e-11
-8.475501436188992e-11
-9.926279802566951e-11
7.909492114578345e-12
-1.7074512496383834e-11
-7.187384027033985e-11
-1.5375463126570184e-10
1.0268585756140945e-10
5.081694825844242e-11
-1.0745655457523441e-10
-3.2270923841451654e-11
5.6371022557735425e-12
3.168180598543512e-11
1.0611732276258473e-11
8.01032209013345e-11
1.3256333889273404e-10
-2.6243890787032458e-12
1.0792154602661801e-10
8.669647768130493e-11
