[0.0, 28.0]
1.466217431289465
0.009372853238563008
-0.0005402333334433512
-2.1879209567114352e-05
-4.998095968998641e-07
-5.1287993598355076e-08
7.890344575967934e-08
-9.848193014873443e-10
-1.124064103835302e-07
-2.8151510780369406e-07
4.480767364165255e-08
-1.3167335925470225e-07
1.13025993266563e-07
3.529503328024682e-07
-1.1582269644420692e-07
-2.270560196175881e-07
5.4001093326824183e-08
8.258948282668662e-08
-1.6202349607366246e-08
-2.03308341294368e-08
3.6754712397810507e-09
3.938314258753379e-09
-8.921853317971353e-10
-2.9623728120416397e-10
-1.785505737603138e-10
3.7176630773082443e-10
4.608906170069709e-11
4.4541728817878034e-10
-7.749628844771041e-11
3.052857803545629e-10
3.618599544366915e-11
2.5125877878756473e-10
-2.504453680120423e-10
6.443478215789608e-10
1.0621971418206979e-10
2.4891988734549917e-10
-6.764715939133092e-11
6.267535743328479e-11
1.250526441046114e-10
-1.245377738880866e-10
2.2382954138638982e-10
1.1447408584061261e-10
-1.0535395059873369e-10
2.1019277924423558e-10
-2.6537047880813795e-10
-4.244797690640623e-11
1.5607692913431996e-10
2.938636592504115e-10
-2.340624064917162e-10
2.640633935200965e-11
1.4398905001734324e-11
-6.069572026994355e-11
-6.652276660058321e-11
2.0402020019842563e-10
-1.271315259068374e-10
2.1103880320326797e-10
-2.2614588133544207e-10
6.744034114720735e-11
-3.232496152619044e-10
2.8691934818968315e-10
3.0976593321903376e-10
2.573328979850109e-10
-2.1408381973884983e-10
-5.1410082803121136e-11
-1.1680260275600918e-10
