[0.0, 31.0]
33.56499623259656
-0.08147917796575493
-0.03194363034146295
0.00036263824473324396
7.817913767589113e-05
4.5112723950113884e-05
-2.3520211256123287e-05
-2.913451610880701e-05
4.846283621517084e-06
4.743627025400968e-06
1.980144415585627e-06
2.0967176757241367e-07
-9.552632796224295e-07
1.2376309763513089e-08
-1.4801454440755068e-07
-1.1888370716128024e-07
2.5310019872916216e-07
5.858535312769546e-08
-1.0981045926265316e-07
-2.0277239930240835e-08
2.82397781775585e-08
7.310454431900989e-09
-5.16502286586702e-09
-2.0988309485672874e-09
6.888763033630901e-10
7.133262179651438e-10
3.669927981753e-12
2.5524590910867913e-10
1.0255852054411109e-10
1.9072697014638901e-10
6.459532228629601e-10
1.0248455884025752e-10
2.917038441427598e-10
-1.6027295146497162e-10
4.6158847563334664e-10
-2.083712523799782e-10
1.2338106949400812e-10
1.6100859238491444e-11
2.470094210548566e-11
4.86905491007178e-10
-6.02722745387539e-11
1.8995166095547183e-10
5.6370814486329066e-11
3.9682529980087065e-10
1.904586423049096e-10
7.049001361136279e-11
-1.976881477978434e-10
-6.074469092139214e-11
-8.430798921733657e-11
2.475220644654583e-10
-2.9778735333262734e-10
2.3804514240795444e-10
-1.510568166161475e-10
2.6218476565106807e-10
-2.3560997457066924e-10
-3.8219778607427305e-10
-3.8841497599193595e-10
-1.420315464517584e-10
-6.759387763178201e-10
-1.861464027359076e-10
-2.836321672850948e-10
2.019328818235493e-10
1.581465619022609e-10
-8.583592478147455e-11
3.8640870840889964e-10
