[0.0, 31.0]
-1.5429734875564296
0.002008566793012914
0.0009341084348052782
-1.5917172958534356e-05
-1.2191255792947916e-07
8.042105801972901e-07
-4.7414464850114133e-07
-1.1335074348965917e-07
1.8134049669551237e-07
-8.450313093332418e-08
3.085281035318008e-07
8.407259447020074e-08
2.6274737382746684e-08
9.572795455322493e-08
-3.661251097408045e-07
-1.3886519514808514e-07
2.991959637702993e-07
7.888159817947903e-08
-1.2987748266019518e-07
-2.7296407371560345e-08
3.773427753916345e-08
7.134785059312028e-09
-7.703121677654528e-09
-8.053910619019482e-10
1.5315740384911402e-09
1.5510607305787684e-10
-3.5092878780592766e-10
-7.99762752196489e-11
1.6798404574203273e-10
1.1078833749341501e-10
2.992422938604069e-10
3.017128063557527e-10
-8.341389137412864e-11
-3.8958065476704333e-10
-1.95458316105327e-10
-1.274486374041054e-10
-7.187477616037786e-11
1.800977692200311e-10
-9.590033949109688e-11
-1.2432787825185734e-10
-2.610885741011811e-10
-5.403487164447285e-10
-4.2048091684008413e-10
-7.806723469653327e-12
1.5842729831906466e-11
-2.0920257782269649e-10
9.300142641412181e-12
-2.7267487722980927e-10
-4.707134930307135e-11
-3.434081510210798e-10
-2.7312413124949656e-10
2.4413617812500503e-10
1.9848720502126093e-10
8.141890855959906e-12
1.7536193412326272e-11
-2.681866032790128e-11
-1.296666279065861e-10
-2.4083919520539944e-10
2.562690887452375e-10
3.0133795615585975e-10
6.547984646464728e-10
2.4465417743100613e-10
-2.9189927615698933e-10
-5.554448795183887e-11
-2.187775754263045e-10
