[0.0, 31.0]
-0.8771724061634352
-0.002465860256437057
-0.00036431961236438304
7.126604052212295e-06
-4.789612818368532e-07
6.564092223224362e-07
3.179359856186334e-08
-1.2552973051597545e-07
8.422530528009115e-08
-7.145521858216202e-08
2.4073671805206714e-07
8.285836765574179e-08
2.229301546277662e-08
9.501411534027443e-08
-2.8266642035630723e-07
-1.402691736494659e-07
2.29488790098109e-07
8.00684015972588e-08
-9.979152561886876e-08
-2.7963074197464325e-08
2.8918030476603063e-08
7.337845806919459e-09
-6.198896878526957e-09
-1.3533377923454831e-09
8.95317317604319e-10
2.590263505036811e-10
7.397830985270094e-12
-1.7959086551364504e-10
3.7990042990829696e-11
2.6571986850004525e-10
-2.8664895478306246e-10
-2.420333494570784e-11
9.613660121811886e-12
1.9544046037680104e-10
-1.635909165626052e-10
1.0353477618977861e-10
1.204909196054807e-10
5.5434982831694204e-11
-1.9551775674414058e-10
1.2055993135679372e-10
-2.851290616109529e-12
1.68098179325676e-10
-5.659231200566946e-11
1.9412041809731702e-10
-1.4352921021058035e-10
7.804708210770096e-11
-1.0245819579854412e-10
3.2593981041113145e-10
-4.735889468116302e-11
-3.792568109643538e-11
1.5821415129703874e-10
1.696131088168305e-11
-1.8712118645102506e-10
-2.7712090609823347e-11
1.9924275996392789e-10
-6.40689288720695e-12
-3.6518631482184884e-11
1.5372406053084792e-10
-7.355275485605668e-11
5.5878774616250884e-12
-1.8654710955932658e-10
2.2099937156521964e-10
1.0458391134264123e-10
-5.2752592817795165e-11
2.3370834205256603e-11
