[0.0, 31.0]
-1.0560177583352857
0.003355355018211658
0.000521379861309723
-2.168599014113641e-05
-2.294812497271528e-06
5.841131420859079e-07
2.786194763601987e-07
2.685369864649605e-07
-9.46677963289551e-08
1.311564274297811e-07
-1.8984064933193065e-07
-1.8116125607240516e-07
-1.641168510806009e-08
-2.180795782054105e-07
2.2315539498049266e-07
3.1650519856530674e-07
-1.8262664174771016e-07
-1.8015107575104015e-07
7.923844033414883e-08
6.279742796413447e-08
-2.338915656519193e-08
-1.6282203586997603e-08
4.464867701826027e-09
2.5543707800417146e-09
-1.1430469637860214e-09
-1.9025517767046178e-10
-6.277047124924898e-11
-5.566210360750349e-10
-4.723985287435101e-10
-3.119185516969902e-10
-1.3410895955626411e-10
3.169576642946279e-10
-1.8420206696434837e-10
-3.0183594905109693e-10
-3.3939363972435606e-10
-3.3022004134202945e-10
9.700703386015117e-11
2.2521669793759064e-10
6.295831539232385e-11
-1.5349390225591652e-10
-3.051506980892288e-10
-3.862475459857656e-10
3.7027668120091256e-11
2.563375790627335e-10
9.342103347650228e-11
-8.81141040294115e-11
-1.8982276528116966e-10
-4.679781090876049e-10
5.135614013646785e-11
3.438713752054611e-10
1.1236646961431679e-10
-1.913321225838471e-10
-2.510324234542644e-10
-5.558628307124496e-10
-5.339576549797829e-11
1.1564920394416742e-10
-4.695820806737094e-11
2.4822735907903206e-12
-2.1442244236890577e-10
-5.682187536137613e-10
-1.6228314011677318e-10
1.977172954598174e-10
-2.100019527171082e-11
1.1762227788696084e-10
-2.8825167734172906e-10
