[0.0, 30.0]
116.24439900979601
1.7472960350067503
0.036662382502615005
-0.0025217528881923473
4.9963894139464735e-05
-4.742613088923547e-05
1.5247796414002151e-05
3.251063553577507e-05
-1.2202311254239833e-06
-8.439522337580657e-06
-3.640083093504082e-06
5.138204174200043e-07
1.7404749029682899e-06
6.046405537611178e-07
-3.643616014938836e-07
-3.379135413902493e-07
-4.183741764147779e-08
8.328405161307691e-08
8.684648365534578e-08
4.274482844205437e-09
-5.200760274305538e-08
-1.8256411422411456e-09
1.6794212745263235e-08
5.440965998752111e-10
-6.400322541555826e-09
-3.5838666635354113e-09
1.270904426523697e-09
8.006573510193077e-09
-1.145052657011002e-09
1.2889743636076727e-09
-1.5741919297206146e-09
-1.1753594296151617e-08
1.3783075847337288e-09
1.2908186782750724e-08
-1.9235348359248955e-09
-2.9844788852983693e-09
1.1228820664179119e-10
9.88524104881797e-10
-1.2693366073439686e-09
-2.7319934458275034e-09
-6.480998534610351e-10
3.970243911144791e-09
-3.3040737455466854e-10
3.3157623665213175e-10
-7.191216656371625e-10
-2.629451985180813e-09
-8.278034154018649e-10
4.5508389079256505e-09
-8.813492540753561e-10
-3.919146829879043e-09
-4.090648783222053e-10
1.7582064175520676e-09
-9.956485160412675e-11
-7.505574477353831e-10
-8.736365511875357e-10
3.79810887040024e-10
-4.822573835929475e-10
-3.0176883244498277e-10
-2.0483336768951213e-10
8.403556400812098e-12
-2.7361846455576345e-10
-2.221790218971504e-10
2.9064194219969767e-10
-5.807740892622999e-10
3.465954840624978e-10
