[0.0, 31.0]
-1.1484215620874283
0.022315251801087652
0.0027754641126700066
-8.223059662454126e-06
-1.6636934511121706e-05
-2.769914679810044e-06
-2.2854701681975192e-07
1.1664700728751615e-06
2.1591531051658528e-07
-1.3038136318193585e-07
1.9787913217522528e-08
-1.962274208551999e-08
-2.939228435857018e-08
3.138830786927142e-08
-3.395295842162253e-09
-2.028488749177221e-08
1.343498957636321e-09
-9.37707868190231e-09
1.299676423730273e-08
1.498052295760249e-08
-9.698011670122169e-09
-1.3579874021319534e-08
8.30765571183261e-09
1.043660929258826e-08
-6.206037953414388e-09
-1.746473270199477e-09
-1.7492364566300788e-09
-2.9829662223922318e-09
3.108765287081429e-09
1.4959093172097938e-09
2.7218187361844013e-09
2.940567346095462e-09
-2.5996054808650895e-09
-6.118120651202635e-09
1.976212750371861e-09
4.654073273680109e-09
-2.594741244222789e-09
-1.1702994410631787e-09
2.694841767395083e-09
5.35317027778227e-10
1.4150026027056338e-10
-1.1739532346824734e-09
-1.444907558106302e-09
6.716392871321022e-10
1.0503107307768543e-09
1.7500004651527208e-10
1.1119603550538798e-09
-8.44833016638786e-10
-1.9507407280725207e-09
1.287430857169555e-09
2.1378341790676395e-09
-1.0572017741210306e-09
-9.97951835771629e-10
7.87570389256785e-10
6.535600796182645e-10
5.0751700076562695e-12
-3.218586828975776e-10
-1.126235070404042e-10
5.010236994988852e-10
-5.7462692290249254e-11
2.3001670916844376e-10
4.4655664023173747e-10
2.513223282485317e-10
7.434028774176905e-11
1.1449929607397766e-10
