[0.0, 28.0]
227.81969638895106
0.24292372819215757
-0.08399567444109414
-0.00029266368029210203
7.201762949095143e-05
4.503675494814401e-05
6.45429860400307e-06
-2.0503100994189205e-05
-7.322359911792998e-08
5.063927960113573e-07
4.3364524107131945e-08
1.0012679581745757e-06
-1.7653218429617652e-07
-2.0994107843896355e-07
4.5331488960334835e-08
-2.0484483171124126e-08
1.8420650688583147e-08
3.26628625390444e-08
-1.3375143845585325e-08
-3.2522687480568684e-08
-2.969867207517408e-09
1.7221103464288142e-08
-1.0614768967912708e-09
3.6331794069116613e-09
6.516023062513185e-09
-2.616310079354072e-09
-2.2000366904738365e-09
-5.29916802638074e-09
-7.1042140704923085e-09
5.104106443795341e-09
8.713748231571448e-09
-6.6476552302159585e-09
-5.946233903035327e-09
7.775390244664736e-09
2.5338947805120058e-09
-1.7486895829002475e-09
-1.973171483811009e-09
-3.244294911626674e-09
-2.598913551849578e-10
1.7886208604172122e-09
-1.016006076402664e-09
2.2027899287057542e-09
-5.555571387986351e-10
-4.385847171921581e-09
5.855362045031168e-10
4.414927291703882e-09
-1.117859535532553e-09
-2.570174526559736e-09
-2.189998371608286e-10
1.6441200643266838e-09
-3.6769439656084224e-10
-6.035739839832599e-10
1.3653784748632185e-10
-8.493714802505096e-12
-2.375104864215923e-10
3.3312869021532144e-10
-1.2956535876179247e-10
2.5363788331177137e-10
-2.4108191120269537e-10
1.1872438628054217e-10
-1.1213291574680902e-09
4.3911779899480045e-10
5.510359948905504e-10
-6.047537291792903e-10
-4.789796929331323e-10
