[0.0, 29.0]
220.7838111614647
0.08281724818032189
-0.0913139972291434
0.0001676801376070105
9.736205501014735e-05
2.1952256865177812e-05
2.642456592926954e-05
-1.8561204406056657e-05
-1.3192936433371572e-05
3.4009179721614325e-06
4.983763167959516e-06
6.327285493287588e-07
-1.306721545601897e-06
-6.620581514372298e-07
1.393948188865523e-07
2.77753975863443e-07
6.265358207082624e-08
-9.968034368614682e-08
-4.6116353311647195e-08
3.919990027079141e-08
2.5230129924026832e-08
-2.0551492643481905e-08
-1.1380551820378076e-08
4.809461828650438e-09
-2.307951670610232e-09
2.542353148645517e-09
7.3504689454620584e-09
1.1281555973884492e-09
1.1630208728626237e-09
-2.751339741475073e-09
-1.3511428994244221e-08
1.2510354409737444e-09
1.0908429176398226e-08
-3.0810280727534803e-09
-3.714751691169405e-09
2.2994787486999794e-09
1.2613456588447375e-09
3.2013741231525355e-10
-3.6845665238986855e-09
-1.381993677485557e-09
2.834415137510894e-09
4.1874541603581254e-10
6.646364450019064e-10
5.991683445984384e-10
-4.069638976980168e-09
-2.3048508355464864e-09
3.476028158443012e-09
2.028528216901498e-09
-2.794449807097087e-09
-1.2059707570120249e-09
1.8915442536467444e-09
-2.815196519149316e-10
-5.98982965120788e-10
-4.1785431108833154e-10
5.705655299281117e-10
4.6296486511579363e-10
3.331960866147872e-10
-6.342516065446277e-10
5.464824677810001e-10
-2.608503184228339e-10
5.26491242382409e-10
3.629402454167416e-10
1.4286226512752953e-11
-6.66373493923789e-10
-9.338281499703232e-11
