[0.0, 31.0]
2.1947101730690446
0.016869236686189018
0.003093484806437367
-1.824711985304616e-05
-4.228077107363925e-06
1.0151437067281516e-05
-4.689519856633819e-06
1.9514182991055742e-06
-1.5667714496437354e-06
6.214888861700354e-07
3.9523652799517984e-07
-8.109586593193753e-07
7.190080295127903e-07
-4.594424682529817e-07
2.322252828640467e-07
-2.250477742546598e-08
-1.0214484098853422e-07
1.3137311506997362e-07
-1.252200598967951e-07
6.405901805712714e-08
-7.731685781126574e-09
-2.0991993594619227e-09
1.0673592861590864e-08
-2.0883243094471147e-08
1.857446465651744e-08
-9.172352281042267e-09
-3.136859157757708e-10
-7.23693809562924e-10
-5.370018422299972e-10
5.057276429242469e-09
-8.862171922847254e-10
3.073800022207411e-09
-2.9932124814505846e-09
-4.792161269760767e-09
3.1046429824700173e-09
3.1794462626229026e-09
-1.6503081834911274e-09
-1.6836596955425408e-10
2.2908341677820862e-09
1.1160209982781486e-09
1.3945690039494108e-10
-5.418276304621036e-10
-6.622088902516214e-10
1.2242148667190642e-09
9.355536306036698e-10
6.845310611499318e-10
1.5091453103556381e-09
-3.237891775378199e-10
-8.510818825616363e-10
1.8690049290043813e-09
1.6666806046782557e-09
-6.718619456996432e-10
-6.160904481319562e-10
1.1538375760599297e-09
7.247609910355384e-10
4.6581834451744886e-11
-1.1893815973373723e-11
1.0511609591503082e-10
-2.3805563436739178e-12
6.272029642777422e-11
-1.1138685353075623e-10
2.647846098563894e-10
-9.904158381563507e-12
1.4272469909873975e-10
-2.1099832643021589e-10
