[0.0, 31.0]
90.99028501079206
-1.072929885882057
0.06095270602808143
0.0059573249244508405
-0.00013589291309531302
-3.8254859855889774e-05
-2.0338560428921546e-05
2.7609400093211128e-05
9.079762347953598e-06
-8.963475455647538e-06
-3.989507122290861e-06
1.9753082586593796e-06
1.18578898674505e-06
-3.471130485270086e-07
-1.8713068638524343e-07
5.443453453013127e-08
2.576895388599424e-10
-8.931438697304407e-09
-2.925644185648738e-08
3.6144889258393357e-09
5.646141727966142e-08
-1.2437450255226607e-09
-2.450787687150754e-08
-7.596461869039916e-10
-5.147703523937104e-10
1.8143050612992934e-12
-1.3131514714497759e-08
1.6280783839915963e-09
1.14537105408714e-08
-3.1305789990419863e-10
6.628497538893109e-09
-1.1799639222096492e-09
-1.2026741853574107e-08
2.1345779738170354e-09
9.710152691390449e-09
-1.4908897207166265e-09
-9.647953697653293e-09
6.50851454041533e-10
7.161366467101048e-09
-2.524812868712934e-10
-9.779194379206094e-10
-1.4596718745110447e-10
-4.175936573059713e-09
-7.988484537416575e-10
2.0750679908294313e-09
-5.033602745136232e-10
3.033554858997538e-09
5.652799823200715e-11
-5.8677679552625e-09
-6.667785329734269e-10
4.135654633296714e-09
-1.9550621130130922e-10
-3.152521325357943e-09
-4.039813439840308e-10
1.5426086996315701e-09
-1.1751769721592573e-10
-1.6191050749270967e-09
-2.971428293300777e-10
-2.0933899313757343e-10
-1.5466839779022877e-10
3.317147265322769e-11
-5.894143629683655e-11
-6.067462201980849e-10
-1.2091922446336202e-10
-4.4615235001449425e-10
