[0.0, 28.0]
210.19858519835273
-0.17397681185151773
-0.0840283204240863
0.0007358760454196262
9.560213508658632e-05
-1.2392207689446717e-05
2.3434222538712565e-05
1.2653988339395052e-05
-1.2102913984630954e-06
-8.506972422475447e-07
-8.985968394391993e-07
-6.932790823898732e-07
-1.7772612142043003e-08
1.8045668973134746e-07
7.671036863899769e-08
3.540311440780149e-08
-1.688001249364652e-08
-3.639732551358361e-08
6.56034151851478e-09
3.106936767433693e-08
-4.94130630249441e-09
-1.763672527711264e-08
1.0480089847149595e-09
-6.608938594806066e-09
-2.9672394948531094e-09
4.518668392960182e-09
2.430485359501096e-09
5.426553779627018e-09
3.3155817262589225e-09
-9.40287138711614e-09
-5.134940802359826e-09
9.739574812890736e-09
7.691481510697055e-10
-8.554360464442999e-09
-4.352538330250221e-12
3.0388764553205596e-09
1.6660215978755964e-09
2.6332612601120175e-09
-2.3221995276683882e-09
-1.5830089742668133e-09
6.605578899820252e-11
-2.182330201501728e-09
1.8692044247189086e-09
4.014514236207215e-09
-3.058236250834869e-09
-3.039739443912351e-09
2.4063291067628943e-09
2.634571004188204e-09
-1.0661635400039972e-09
-1.3183131704774433e-09
3.1152396115681993e-10
5.856303352091233e-10
-7.570012174733894e-10
2.972512509330357e-10
-2.8920686245867267e-10
-2.8300303470368543e-10
-3.0635637084588604e-10
2.2531569285227898e-10
-1.6231528800839897e-10
8.525691194588743e-10
7.554345272192704e-11
-6.651220365935967e-10
-6.244802219425476e-10
5.972394300162967e-10
-1.8494665837205893e-11
