[0.0, 31.0]
-2.239874676775271
-0.027325012813406033
0.0035518223593494764
0.00021068173462949813
-1.543393431600578e-05
4.899729200303119e-06
2.611846925146559e-06
-1.5457171199639053e-06
-5.088778881599825e-07
2.3536463320524652e-07
1.2142742379199036e-07
-2.1848579938462485e-08
-4.1665675159779004e-08
1.067442496110283e-08
-8.859322359397843e-10
-1.2835631860174708e-08
2.1081888592993947e-10
-1.7683421273037015e-09
1.2726619470239147e-08
1.8933453087682624e-08
-9.808142205905146e-09
-1.5204180636217537e-08
7.868674362334234e-09
1.896711929914863e-09
-5.71598401568112e-09
-1.4132539340899048e-09
-1.5022648972410953e-09
5.511847732255059e-09
2.6425559441982966e-09
-1.082563825184565e-09
2.004436304608236e-09
-4.314799427425748e-09
-2.6211726653346915e-09
4.1697657991040965e-09
1.513383447045261e-09
-3.1640936816987273e-09
-2.612206283866609e-09
3.351941677247645e-09
2.2025555979849377e-09
-1.0734939503685284e-09
2.2334538326760463e-10
-5.141509854579592e-10
-1.3328718185504863e-09
2.9882314651664745e-10
1.0720399705196705e-09
3.793728732203918e-10
1.0290461831919068e-09
-5.729339667653452e-10
-2.0476696880061985e-09
1.0885715306694783e-09
1.915120934430643e-09
-7.403479385459241e-10
-1.2874794406356883e-09
5.640811564967053e-10
9.227437077271518e-10
-1.178708463467335e-10
-2.1001894548738476e-10
2.5225999859491753e-10
-2.947592867974469e-10
2.006929350175856e-11
-4.909023393849334e-10
4.453267922550521e-10
-1.9917534495054385e-10
1.0785160815234642e-10
6.91560303830268e-11
