[0.0, 31.0]
174.7611484165526
1.233878557283293
0.07245846095514742
-0.0022978163577292306
-0.00011018959877828557
9.363053776674327e-06
5.263326465799759e-05
-1.433426822434231e-05
-1.1886762493864366e-05
4.180718477380117e-06
-1.5379924121856077e-06
-5.765633906093328e-09
1.0001524216296911e-06
-4.274792107393458e-07
1.3470823165453245e-08
1.0905630454161746e-07
-6.637144824655574e-08
2.9148594394710565e-08
-2.0820303675326592e-08
-2.721647919751652e-08
3.554900297645527e-08
1.6717458157068496e-08
-2.7235665350141777e-08
-4.05416915366901e-09
1.6068392756486407e-08
7.584219763829176e-10
3.982302967719063e-09
-7.25952391201654e-10
-4.99196481591796e-09
-5.391579570904631e-10
-2.052489230733649e-09
1.9626886929667864e-09
1.0149614648460553e-08
4.978851484879127e-09
-8.556497602824809e-09
-1.3979861864984407e-09
6.505144441420697e-09
-1.725577510845233e-09
-1.8588314341231972e-09
1.4790005001824056e-09
1.7934695406951099e-09
3.0250389717518865e-09
4.779447741617498e-10
-1.9853331107907497e-09
7.031855845504855e-10
-3.0491269385943704e-10
5.772355716420906e-10
3.8706546712598995e-09
5.430110867608138e-10
-3.489395848643955e-09
5.394430975407217e-10
3.831889396242716e-09
2.044911674171664e-10
-1.491955918759651e-09
4.0369290151343164e-10
7.383922030554124e-10
4.670623163817102e-10
1.662165885343533e-10
4.916645318227493e-10
3.4265665529517493e-10
1.1707919061915046e-10
-3.894653735880977e-10
6.214614985862771e-10
2.8700037470910545e-10
1.3558968521625015e-10
