[0.0, 31.0]
2.2650968002692227
0.07059860878830869
-0.0012259824160417033
-0.00024192608667860144
-3.0260578002694987e-06
-1.2730560429824036e-06
2.068569012539892e-06
5.079208738023577e-07
-5.882125905154766e-07
-1.1716863648523164e-07
4.3008588767693144e-08
2.6646118962998544e-08
2.262450177048277e-08
-2.2930990124006936e-08
6.81002538430274e-09
1.566113061039425e-08
1.4782977537769427e-09
8.040776385419303e-09
-1.1718052289731135e-08
-1.2126250877540401e-08
1.2011492695297919e-08
1.1244683508441953e-08
-1.0055785133010295e-08
-8.955161564933999e-09
3.875142656064308e-09
1.324726847013316e-09
3.251039154257068e-10
2.6165506132094315e-09
-1.3203100472802078e-09
-1.643603663526124e-09
3.2036172730594065e-10
-2.511638877575187e-09
3.2578310434765e-09
5.945093184512313e-09
-4.132700419136357e-09
-4.288429566013944e-09
1.5747664433357657e-09
9.830240658951184e-10
3.863727664045159e-10
-3.3956959764692125e-10
8.607340402526548e-10
1.425803469226661e-09
-1.3367676277748876e-09
-1.0397346690048864e-09
7.607672070253275e-10
-2.0324769681662588e-10
1.1216386696683586e-09
1.2817368447499674e-09
-1.6821898964472424e-09
-1.4123780589035048e-09
1.9604753818899194e-09
1.5678876753506186e-09
-8.700312992435256e-10
-6.615788276490676e-10
5.582537634913798e-10
1.6095908963126753e-10
-3.529119609871124e-10
-1.5244389793798237e-10
-1.864528198381884e-11
3.538839816274897e-10
-5.236648229988091e-11
-2.8858936750703244e-10
-2.125227218565392e-10
9.462975151244323e-11
5.435380797377163e-11
