[0.0, 30.0]
203.13305459001103
1.6603152524567748
-0.036332771862322914
-0.00285297684146219
-3.1848323644467275e-05
-2.2061768390583397e-05
-8.678046375859793e-06
2.852962312834754e-05
4.919361155912684e-07
-9.920459297834101e-06
2.490868748604612e-06
1.8605711073280655e-06
-1.2350051664681303e-06
3.108167562614655e-08
3.0510011764022064e-07
-1.400027905247307e-07
-3.998989246761256e-09
6.810744263244204e-08
-3.794178082058533e-08
-3.383486917864576e-08
2.6255036248870907e-08
8.224747575767343e-09
-1.7536323633298407e-08
-2.7852624542522166e-09
3.6503382256834876e-09
3.474640611591227e-09
4.219614908903858e-09
-5.549178452944783e-09
-1.0835046727253613e-09
-3.197564877290827e-10
-5.043781834217438e-09
9.102136124937953e-09
5.068462384834846e-09
-9.60175211312555e-09
-5.073893474090399e-09
2.054248730545696e-09
2.9211046912864815e-09
-1.3390917986220812e-10
-6.420941597077596e-10
2.8183405903877313e-09
-6.753588411425914e-10
-2.802786963063492e-09
-7.431768079333206e-10
2.682568274089952e-10
-4.530978791878702e-10
2.6854012009599466e-09
-1.333262910536226e-09
-3.912548885597652e-09
-6.746997120714906e-11
3.2880952949974615e-09
-6.177174002640059e-10
-2.472694362232273e-09
2.478251832378532e-10
1.868627110106247e-10
3.358143004826558e-11
-1.0251951598520853e-10
5.898640592547167e-10
2.436083392978658e-10
-8.377111053842323e-11
-6.35246235597126e-10
3.126268924563778e-10
-4.916286574655505e-10
6.454172757805542e-11
2.897412330795785e-10
-3.578392583245441e-10
