[0.0, 30.0]
-1.413406261286583
-0.05189055250117563
0.00030611917384916785
0.00011880034484859779
9.252827377321265e-06
3.2905404630744724e-06
-3.139597104829985e-07
-1.47570293012086e-06
-1.1810680677455114e-07
2.745996319164997e-07
6.408706301652744e-08
-4.6084333758481504e-08
-2.223835642636264e-08
1.912481941427613e-08
-8.442688300092927e-09
-6.77366281863036e-09
-2.093221226681771e-11
-2.5170293254729117e-09
2.2156401525250228e-08
8.916327045435089e-09
-1.68301062508435e-08
-5.249360040518544e-09
4.189748336000419e-09
9.338804658501911e-10
-2.828866745669221e-09
-2.1184670487539214e-09
5.0584666340418285e-09
8.375050506725359e-11
-2.195915464973789e-09
9.274658207979024e-10
-4.701242048128501e-09
8.379384381978469e-10
5.81492674823295e-09
-1.3394704882507854e-09
-4.488075641753971e-09
-1.1549767603926975e-09
2.557010178591233e-09
1.6477906351139631e-09
-4.785704911441019e-10
1.5497666792246658e-09
8.826704758416573e-10
-1.2122271872682254e-09
-1.1890351557164448e-10
1.0518797762090246e-10
-5.247342475265239e-10
1.30533812324344e-09
1.2510984404554832e-10
-2.6478593148300594e-09
-8.587331089703122e-10
1.5743661034219575e-09
-7.045583051079636e-11
-1.0871579851200558e-09
-3.4201928013793715e-10
5.282423628136328e-10
2.7170072628760017e-10
4.0411908852483223e-10
5.613244405525969e-10
9.50768648548133e-10
2.4384331108110626e-10
3.324872492592557e-10
5.431093536959943e-10
4.370342552440329e-10
1.383635506304847e-10
5.888328319192204e-12
-5.620447611150699e-10
