[0.0, 31.0]
233.22114544763352
-0.2657526427637132
0.09382752780216642
0.001357029320658067
-0.0001985241093062371
-3.294195080334725e-05
5.6304766165724575e-05
-4.493581944371367e-06
-2.016692056371656e-05
8.328088755401334e-06
1.4228948556670588e-06
-3.1929376774618715e-06
1.269232403691851e-06
3.1631167236389767e-07
-5.082896849622074e-07
1.8008525145167852e-07
4.451396610493116e-08
-1.0778497459788213e-07
3.9888416699117264e-09
3.031669703402208e-08
2.2049736200330542e-08
-6.947910644969483e-09
-1.558114986860125e-08
1.3268607784086542e-08
1.538705950564481e-09
-2.3961701632609212e-09
-6.696896264018363e-09
-1.060441439095318e-08
4.597293087531972e-09
1.754612781513639e-09
2.3573796661543025e-09
9.412947055720341e-09
-4.8250855790391856e-09
-8.173390089869959e-09
2.8906300621374887e-09
7.52007330838716e-09
-3.864934941732247e-09
-6.763096039319233e-09
2.8285465137365734e-09
3.2950468257016373e-09
-7.024629967296002e-10
1.7212462557353085e-09
-2.168797163624799e-09
-1.979814284230355e-09
1.2880422909556117e-09
-4.05739436511938e-10
1.1979813055484155e-09
3.1805120943673658e-09
-3.4636431271465374e-09
-3.5187683705196504e-09
1.703873092578194e-09
2.8143008683457397e-09
-2.0057308053145644e-09
-1.2602022696980164e-09
8.024916564353123e-10
5.940857695460826e-10
-1.089333873518628e-09
-3.9179413919776533e-10
-4.248161933037179e-10
5.645901614991126e-10
-9.377260291476606e-11
3.5152279815638606e-11
-7.973946968149627e-10
2.0141638903752494e-10
-5.142823511789159e-10
