[0.0, 31.0]
154.28215799515667
0.28707482790858596
0.10360243228604536
-0.0009088177086648648
-0.0002140010354409759
6.094265063332267e-05
3.761334048376556e-06
-2.96404399485296e-05
3.5224716845037677e-06
3.7579189604355403e-06
-2.1026119854961137e-06
9.045775266776814e-07
7.452390188463358e-07
-2.780783930080513e-07
-1.5204431033643553e-07
5.796950174765103e-10
-5.980134482222551e-09
-2.0515878788998687e-08
2.994490873249247e-08
3.2159371632046734e-08
-1.4593683385831178e-08
-2.1359195524224296e-08
1.549938779373463e-08
1.3644374181181133e-08
-1.2391017404849034e-08
-3.978346965844255e-09
-5.020679780906884e-09
-4.4142748933942885e-09
8.090144573093591e-09
-3.6336756434032596e-10
5.728871946356893e-09
3.6293882733993855e-09
-9.042209232278438e-09
-3.086130700418437e-09
7.4429873045357135e-09
2.4744214735339724e-09
-6.9705408709506826e-09
-3.287279387757989e-09
6.051217608518716e-09
1.084053028528323e-09
7.062296763041243e-10
9.696105166888202e-10
-2.0140287896676944e-09
-1.918716538706198e-09
1.3494365132457248e-09
-8.85330985375661e-10
2.593402714933344e-09
1.8180001873674712e-09
-2.742661462560537e-09
-2.428937193898913e-09
4.43455520307922e-09
1.0545422602991113e-09
-1.8348781016522118e-09
-1.1476590067366907e-09
1.225538585281777e-09
7.217916859476924e-10
2.3686899165299625e-10
-2.76628804984388e-10
8.07833042220295e-10
2.1759469727666977e-10
7.553246283698138e-11
4.972948170555771e-10
7.373116321289234e-10
3.283806476657212e-10
4.154362359391871e-10
