[0.0, 31.0]
-1.6034165061486958
0.022063187265685184
-0.0012918701960248171
-8.257201398755192e-05
-3.5722047820369044e-06
1.031034019435816e-06
3.294607100603969e-06
1.250066593057974e-08
-8.020824699030741e-07
-4.7140024153831836e-08
1.277629770051241e-07
5.671156094879921e-08
-1.7133390060041478e-08
-1.7555940433833758e-08
2.053358142722034e-08
1.288681296097179e-09
-3.77820831707602e-09
-7.243741701119884e-09
-1.4913354147427662e-08
3.984965174887474e-09
1.5150556151761168e-08
-5.684797323115421e-09
-1.0803630313726884e-08
5.523332374172943e-09
5.802891195887329e-09
-6.141669150783794e-10
6.395943230721027e-10
-2.0917103502312298e-09
-1.4101884731712842e-09
1.947658365750121e-09
-1.3727174366151525e-09
2.4646125434348654e-09
2.2540172985192326e-09
-6.025881601293554e-09
-2.1026698059650865e-09
3.8985766715404025e-09
1.8248109330058532e-09
-6.3747235275349e-10
-1.0040079126380925e-09
2.9596336604948036e-10
2.43092176457087e-10
-1.3968346244012962e-09
3.9678632073929834e-10
1.6754528281377197e-09
-6.510506370701082e-11
1.2863367759102817e-10
-5.774736989578664e-10
-2.0898380404833703e-09
5.390596756205388e-10
2.1149315856147174e-09
-4.990512218659367e-10
-1.2162429074704873e-09
6.405110211058745e-10
9.495994302926717e-10
2.8866323653372708e-11
-3.4758466083368523e-10
2.0183578888560797e-10
3.5661777951532835e-10
-1.2541797450754308e-10
1.342877090541011e-10
1.1362090885764695e-10
-1.2745305964189228e-10
-1.8740529259919115e-10
4.568453815118102e-11
-8.101187045196522e-12
