[0.0, 31.0]
183.47177619317173
-0.07789991171010922
-0.10782242919123673
0.0007298599370091235
0.0002489941057468656
-6.74616413191584e-05
-2.0948193931144618e-05
3.54740679744519e-05
1.2812122724786919e-05
-1.0131133435008216e-05
-5.398046892215959e-06
1.919419607181216e-06
1.5164866234759013e-06
-3.044158742985121e-07
-2.8287798413576355e-07
7.895549779834852e-08
1.39430070429515e-08
-4.771305320828295e-10
9.909660978684292e-09
-2.5990487003848097e-08
3.02340281431859e-10
2.8231057477210615e-08
7.063916820186709e-09
-1.649112657657722e-08
-4.976429278441727e-09
3.063447669821796e-09
-4.7034169607578666e-09
8.412281211596406e-10
5.8340938980245526e-09
-2.148695576643448e-09
1.387652834750052e-09
-1.8114131413330414e-09
-8.90833985084077e-09
8.76063364409013e-09
1.0142944934477168e-08
-5.454488455984564e-09
-5.010525579089398e-09
-5.706091320112425e-10
1.971987178896468e-09
3.6561882953601783e-10
-5.225761172993456e-10
3.1435947883768242e-09
1.8236514309634505e-09
-2.088003177803354e-09
-3.4197033762684666e-10
-5.602983962578177e-10
-6.255492250287553e-10
3.107342641267657e-09
2.136104005127634e-09
-4.246606466498236e-09
-9.159986402720442e-10
3.6818787712906518e-09
1.6350643076001339e-09
-2.1254659165464756e-09
1.5278896928290085e-10
7.939980882441453e-10
8.926145354790348e-10
-3.019408044074337e-10
5.27847113757085e-10
5.419135276014626e-10
3.8334895588341237e-10
-5.9162055854016e-10
7.350577276050356e-10
2.0088843976667545e-10
8.424314053766279e-10
