[0.0, 30.0]
193.79770698723556
1.5596246797624926
-0.047819655255901185
-0.0027085396686457697
9.453552943975974e-05
1.9630143144635478e-05
-4.7739079810100773e-05
-1.4442319428060813e-05
1.7656145967089413e-05
5.296090946168454e-06
-5.127255390942346e-06
-1.283904022009442e-06
1.3862434551493518e-06
2.0287735082055358e-07
-3.6317631471306206e-07
1.485478948396355e-08
9.003250008936427e-08
-5.929495101572071e-08
-2.6214517431535482e-08
4.2322797333319706e-08
9.349389119234388e-09
-3.1232851997349414e-08
-1.2620890100548368e-09
1.80614958186635e-08
1.317093624588519e-09
4.522875323548941e-09
-1.9436452802820546e-09
-6.02911366693025e-09
-1.8009852151807565e-10
-6.159847900072579e-09
1.349360264330948e-09
8.311741749371806e-09
-7.2454624851232e-10
-7.100194395384944e-09
1.2930405451372983e-09
8.011534506513485e-09
-1.5979456890088876e-09
-4.403535180348529e-09
2.803366719895222e-10
-1.3642950228658928e-09
9.019201396848701e-10
2.08985239150333e-09
-1.1714763874747194e-09
-3.6980467345635715e-10
-6.862888811804961e-10
-2.9632182003913556e-09
1.5625560568126273e-09
3.6052561643732157e-09
-1.1218617582403752e-09
-3.555497653059186e-09
6.652856023606634e-10
2.197441820804041e-09
-4.778690707685516e-10
-3.8003455421450826e-10
3.9754983543422074e-10
3.434230949025313e-10
9.202123827560477e-11
-3.8499098357908623e-10
1.2965679401373077e-12
4.026747378538486e-10
8.031371591171124e-11
-1.0960591499333096e-10
-2.0608343742862686e-10
-2.5037731287992823e-10
-4.347394493617521e-10
