[0.0, 30.0]
-0.2279984998568299
0.02389504140924492
-0.00038682396391989573
1.1641910061846433e-07
-4.159989355434287e-06
5.013889741936369e-06
1.594043333990609e-06
-1.0032620710245385e-06
-2.963051276494258e-07
1.2530890337622103e-07
7.729695911215902e-08
-2.4647430160243358e-08
-2.8772815512492702e-08
-1.245236175076649e-08
-1.119160421413091e-09
6.207270070545895e-09
-4.621310146044948e-09
1.1303043187811098e-08
1.1494041385793109e-08
-1.106806246192704e-08
-8.087680662899764e-09
1.1354886380494672e-08
6.298348874576598e-09
-7.842757260988586e-09
-1.8095303812621257e-09
-2.681890874594141e-09
-1.6058669175266897e-09
3.181409919231486e-09
-8.473856316396286e-10
2.195589806126903e-09
1.2358147298917734e-09
-4.762530263148547e-09
3.6132748976692156e-10
4.0296699198533895e-09
9.416470589738248e-10
-3.808169312790784e-09
-1.5817362600243851e-09
2.034103889630653e-09
1.306879075037778e-10
1.7874449812856294e-10
1.396210283088925e-09
-1.038863679108912e-09
-4.297145288764749e-10
-2.645853490451607e-10
-4.998506415889934e-10
8.818189414956608e-10
1.7488271718430375e-09
-1.5523747324194874e-09
-1.6469039064936914e-09
9.136313175813886e-10
1.4801759679112294e-09
-9.081116055735289e-10
-2.822022938997864e-10
1.077123739910132e-10
2.3819911219955677e-10
-1.1741934344738879e-10
-2.008610981424416e-11
5.7720829415115404e-11
3.617799271899153e-10
1.0123445560720855e-10
-4.948019825079596e-11
1.7108585865529447e-10
2.4503016733583536e-10
-3.4393690604345465e-11
5.41750810928073e-10
