[0.0, 31.0]
1.4483668816856667
0.01118378233524009
0.0019477295480712067
1.2569773799115469e-05
-9.285240822297308e-06
-1.0532538016306714e-05
-3.3651387100062786e-07
4.976474918245378e-06
6.43700139249889e-06
4.7770686399294245e-06
9.218920439283287e-07
-2.4403489336032455e-06
-3.6286460293253685e-06
-2.617038326831243e-06
-4.808504214981993e-07
1.3135060607973021e-06
1.9260809193683344e-06
1.392264448280729e-06
2.6142745546175965e-07
-6.924575026395087e-07
-1.010376012656247e-06
-7.320248431208495e-07
-1.5811987972943293e-07
3.4928131424973296e-07
5.441186992789289e-07
3.974639197115698e-07
8.099922718938397e-08
-1.833507850384385e-07
-2.8729605095522855e-07
-2.1200574633381767e-07
-4.4250684344407437e-08
9.457828579939521e-08
1.5336561710731236e-07
1.1762282496648782e-07
2.3810132814101863e-08
-5.517313112497297e-08
-8.129493920202644e-08
-5.687506946672176e-08
-1.2551717173978018e-08
2.64088740328784e-08
4.330665532053899e-08
3.1544745928058144e-08
6.531504361980207e-09
-1.3865714295645721e-08
-2.2299789112286986e-08
-1.721914078687748e-08
-3.211863784944908e-09
6.908831065930285e-09
1.0211252562379069e-08
1.0559234001847649e-08
3.500586810773142e-09
-5.165559652144263e-09
-7.866417258191565e-09
-4.400505727684999e-09
-1.0383310954042342e-09
1.6674505024275253e-09
3.045992353485418e-09
2.255684385175624e-09
6.299238124850368e-10
-1.2523810500824431e-09
-2.1003490455733295e-09
-1.0360312316896203e-09
-5.936911812312481e-10
4.57098692160618e-10
8.072909034090453e-10
