[0.0, 31.0]
261.37777445012404
1.2114933707254576
0.07017251808670724
-0.002481093063369277
-5.532153586411903e-05
6.175769930185316e-05
1.636281482958371e-05
-2.7375762545664323e-05
-7.011042029134486e-06
1.1111850090711627e-05
9.024316081646911e-07
-4.165181696874835e-06
5.677368451877224e-07
1.4446194770792731e-06
-5.348125793581317e-07
-4.4662819628907905e-07
3.1181502092184103e-07
9.884720923287863e-08
-1.748155754676175e-07
1.7330379897987086e-08
8.546255801911601e-08
-1.998838077072986e-08
-3.2850459030304924e-08
2.8414177997031377e-09
1.2697087073192195e-08
-3.826666390448772e-09
-2.2704855666253484e-09
7.996352410533127e-09
3.471960217321425e-10
-3.792987000171081e-09
-2.0743393366251292e-09
-6.628628245383152e-09
-2.0149889939803275e-09
1.2231667561293845e-08
3.5133109983336207e-09
-9.037004941256806e-09
6.178927106832578e-10
3.0863567920791653e-09
-1.4807311578455462e-09
-1.6265157129551439e-09
-7.092637822992306e-10
1.517084951374702e-09
3.0391408560640563e-09
-1.6778330183280122e-09
-8.926219149003313e-10
-5.332999325761463e-11
-2.007761442561642e-09
2.2034105274165756e-09
3.718432270793948e-09
-2.243564690799519e-09
-3.3827829363079613e-09
1.8768607277535175e-09
1.9724841034005112e-09
-7.641368899342369e-10
-1.515467418794359e-09
1.1145088908950197e-09
1.6611762361098126e-10
-1.1517509905062819e-10
-5.562850398588818e-10
-1.1703304430763936e-10
-4.267473125857118e-10
4.34233780356658e-10
6.935497028193143e-11
1.9990335347969038e-10
2.6662398208559483e-10
