[0.0, 28.0]
-2.3371091491845477
0.04224926698558112
-0.0022636738119738466
-5.014911976758888e-05
5.054166297855719e-06
-1.4871399423511008e-06
-1.0754147249859505e-06
7.390685653858236e-07
1.773238180822423e-07
-7.960556819362346e-08
2.0075476685719922e-08
-1.5790433854512305e-08
1.7726490094531869e-09
2.5025560946106082e-09
-5.0966398110066044e-09
-4.1803126574035193e-10
-1.6612003537681064e-08
4.100346127117037e-09
1.8090635797364936e-08
-5.128560986725667e-10
-8.493422398086322e-09
-1.5795236297922753e-09
3.2102541759618955e-09
-2.8186851826741582e-09
-3.4788569071883893e-09
2.438079518543252e-09
1.926668460621722e-09
1.2223303377958744e-09
3.146436911507055e-09
-4.147432640912619e-09
-4.956285898879093e-09
3.4051217159303046e-09
1.316579896150688e-09
-2.325717561399948e-09
-2.4790476301637468e-11
1.0433552055816846e-09
1.848848767085235e-09
-1.0195503885137918e-10
-1.572793600774592e-09
-3.322656725557589e-10
1.6257493381993967e-10
-5.851884166395915e-10
2.14931838869478e-09
3.658997950752369e-11
-1.8670852064511813e-09
-5.881207599651639e-11
1.7120584333285944e-09
1.7265497677486454e-10
-1.0595303722622256e-09
-1.4942142540969168e-10
2.833647840949857e-10
-4.930413952384506e-10
-2.2088496140438785e-10
3.3637312791521405e-11
-1.3968194472432912e-10
-2.8715960666858684e-10
1.4995495909172997e-10
-2.8500302241129503e-10
2.3864826564218815e-10
-2.7396139185663733e-11
2.473750864530792e-10
-6.04144521429834e-10
-4.551573680579122e-12
-3.7182264515094103e-10
7.39163343105182e-11
