[0.0, 30.0]
-0.6619016714470204
0.006239672693294302
-0.0002675177391944991
2.1369678739509094e-05
-6.9614969754412295e-06
2.79846200379721e-06
2.945320759631588e-06
-2.1230398291509586e-07
-5.841187151322513e-07
-4.3199616578525905e-08
6.965007186317177e-08
5.316975851376471e-08
-5.163447350267261e-09
-5.09299234051502e-09
6.259011588381052e-09
-4.960816472380214e-09
6.068121994119744e-09
-1.3491160875168829e-08
-1.0421590286224124e-09
2.0694324812154973e-08
9.329586293036837e-10
-1.1959592496850892e-08
-6.334943414745816e-09
4.224993024275396e-09
1.3137535808295633e-09
-1.6721863476741485e-09
6.2499149172945805e-09
1.033243810944075e-09
7.387567426888663e-10
6.888090108965468e-10
-3.927029011074189e-09
-4.586983738250209e-10
5.091690285148661e-09
8.231520021923825e-10
-3.672177111033001e-09
-7.711987537929337e-11
4.2389422469205205e-09
2.933587905116511e-10
-4.962854943107606e-10
-1.9422100179852636e-11
-1.044657796345962e-09
-1.6567682023414812e-10
2.0941087479355887e-09
-8.64655611559667e-11
1.7468774966519233e-09
5.634157459151566e-10
-1.6114277262880083e-09
-2.8813795904679967e-10
2.8766305137107047e-09
-3.9266839740590805e-11
-1.0048829129244066e-09
-2.739715630178629e-10
1.4522809156417045e-09
-1.707357729071242e-10
-1.4914457941567157e-10
1.7294594186006976e-10
3.845698064442966e-10
-1.8938008942777665e-10
5.88177956794642e-10
2.49777642195633e-10
1.5770706126101097e-10
-2.409701474312886e-11
3.077603966108298e-10
-4.653777855462038e-10
1.02372258734856e-10
