[0.0, 28.0]
125.09795321380302
-1.0133554761614996
0.0426087633415525
0.004588345653251556
-9.063740044179632e-05
-1.5811150847355604e-05
3.177062081014752e-05
3.4881282394598374e-06
-1.6058374906182397e-05
1.0561100601557647e-06
4.703384084675392e-06
-1.304609819458362e-06
-8.889918779442142e-07
5.897946179096199e-07
4.420856130768395e-08
-1.9141723033278777e-07
1.510655922735345e-08
7.221782425982308e-08
1.090846196784732e-08
-1.7073972292445562e-08
-1.7224930580895286e-08
5.250837367450034e-10
3.726531900592211e-09
-1.0475342074257953e-08
-4.152280350587315e-10
9.136422142178201e-09
3.974484288156683e-09
5.19891417911503e-09
9.151850447201608e-10
-1.3707175383249888e-08
-3.102626191648523e-09
1.1934812815274175e-08
-3.5097310581393786e-09
-6.975216258527487e-09
2.097011443868166e-09
3.57717665006899e-09
2.2078370018475815e-09
1.5706248202393268e-10
-4.157201678426129e-09
5.053691833383782e-10
1.4061209218114427e-10
-3.541112807469867e-10
3.961497558875369e-09
2.7874574622512703e-10
-5.272876079022001e-09
7.279430212848425e-10
3.719352123526892e-09
3.8635828800322987e-10
-2.3471510383840028e-09
-1.0354634916844525e-10
8.107026795540699e-10
7.708644893742399e-10
-3.969898425360188e-10
5.194225623373818e-10
6.809749864553013e-12
-1.8442105593161334e-10
-2.41752469295505e-10
-3.917430727458729e-11
1.536382674902681e-11
5.843972815595547e-10
-8.756830604496155e-12
-8.399346329098123e-10
3.231246608223929e-10
3.7877469470218464e-10
-1.7658759869752275e-11
