[0.0, 31.0]
168.82495720396147
-1.1968822815260873
0.016344914691194347
0.006432314030360895
-6.167403401673602e-05
-1.9318027605624673e-06
1.059759982183197e-05
2.2427149518845514e-05
-3.462118560743768e-06
-1.0866070442153052e-05
-7.485284252306278e-07
3.8664704718678525e-06
7.546700169649637e-07
-1.2424832584197813e-06
-3.506620212296895e-07
3.6594005587316073e-07
1.2611163770570007e-07
-1.249226013473238e-07
-1.4106597070514559e-08
7.21788570693021e-08
-9.416940478320514e-09
-3.85336828133263e-08
1.4000806775570692e-08
6.15174897920982e-09
-1.1531747502000335e-08
-4.015911698836151e-09
-2.6195582118157314e-09
9.726186187587254e-09
6.063462631004571e-09
-3.0666689741743875e-09
5.27396030270403e-09
-7.51932207251215e-09
-5.0512578647477745e-09
9.156727367656912e-09
3.014209490760341e-09
-7.616706335311656e-09
-4.461704535525065e-09
4.685177698199543e-09
5.5760053886755225e-09
-2.434985873143826e-09
1.3384876851883705e-09
-3.0705735312163085e-10
-2.769223386342145e-09
2.885556462547624e-10
1.2435347116408824e-09
-4.1462532398638244e-10
2.265546570003722e-09
-1.1061020230614352e-09
-3.800568620737614e-09
8.819704470210371e-10
4.8453821374146024e-09
-8.652370813011633e-10
-2.4948896478857976e-09
2.6308149257903945e-10
1.415284826217336e-09
-6.413215358674638e-10
1.2329228299233245e-10
-1.6278863572919636e-11
6.334217872193596e-10
-5.04172122525788e-11
2.1292149703045907e-11
8.926718945800415e-11
6.807619587424476e-10
-4.862192641146029e-10
6.65489773540295e-10
