[0.0, 30.0]
205.20527699602692
-0.290315350669816
0.08945796910668326
0.0011764720781081098
-7.722711949558366e-05
2.2818713548925452e-05
-4.005078616890269e-05
-1.3092783846758318e-05
6.020487158774855e-06
2.234140151969824e-06
1.0905993559376774e-06
3.618224976632947e-07
-2.0573089862488975e-07
-1.5843739596268906e-07
-1.334014246800965e-07
-3.3434298114176e-08
1.826749615186691e-08
1.2690564453705436e-09
3.973319438714138e-08
2.0553475386817416e-08
-3.00623439774243e-08
-2.754123287719402e-08
1.4238755654943673e-08
1.9163940963837834e-08
-4.664610295086494e-09
5.731641937162003e-09
5.006470788353868e-10
-6.834297992740422e-09
-1.3647915611507486e-09
-5.789045682907556e-09
-2.501219067492147e-10
9.764275250148236e-09
1.6130373443439793e-09
-8.41426165682307e-09
-9.96522495241158e-10
8.571056291480282e-09
-1.517294454799799e-09
-5.044286751099664e-09
-3.307184338905831e-10
-7.645999646277882e-10
1.0323329157572625e-09
2.7465409306863474e-09
-1.6083976078299926e-09
-1.6034269556528804e-10
-9.768240243028054e-10
-2.850413051776954e-09
1.9687842825828164e-09
4.269908881170809e-09
-2.354511269507014e-09
-2.728149261920746e-09
5.226276393838721e-10
2.5985508829277012e-09
-9.357164041179632e-10
-5.099638663980194e-10
7.501845331079178e-10
6.765382289180561e-10
1.4515466559699215e-10
4.203707324910677e-10
-2.1360617176586385e-10
1.7204561352742717e-10
4.696041040855906e-10
2.119587501168899e-10
1.8253826092839648e-10
8.305681043129806e-11
-7.405914929884728e-10
