[0.0, 31.0]
31.66215895391165
0.390196782640019
0.10884267363606606
-0.0011381686318983136
-0.00010359789169619601
7.027878081872965e-05
-1.2540234554077363e-05
-4.050827027773219e-05
-9.591091477954866e-07
1.4444998188202396e-05
3.6327181391771686e-06
-4.159832374460429e-06
-2.2686326592982545e-06
1.0168263629255979e-06
9.343966538144463e-07
-1.484745745127477e-07
-3.5670715280567044e-07
-3.50917591446295e-09
1.4599196988436131e-07
-1.3652179268922195e-08
-6.09332045074814e-08
1.1068823486155448e-08
3.16006578430319e-08
-3.5177108234939143e-09
-1.2677875050753092e-08
3.5247280686071585e-09
-1.6620511560964564e-09
-3.88333435791322e-09
4.14629712882348e-09
3.44525194356037e-09
-1.177615005044761e-10
3.918711591946815e-09
-9.016876328206142e-09
-9.114261251503332e-09
1.1005229389779236e-08
5.9636755653076055e-09
-4.593627707892851e-09
-5.811479960471301e-10
7.143749652344091e-10
-2.1014405678241704e-10
-1.750203715843597e-09
-2.6785092656572926e-09
2.3216125772335537e-09
2.5904895400238156e-09
-1.0682693821704977e-09
5.195721964629182e-10
-1.934003216497199e-09
-3.2903213926734267e-09
2.2531673907944116e-09
3.780763611249895e-09
-3.2790466705775834e-09
-2.026048518505124e-09
1.5271091172897873e-09
1.3456616087378204e-09
-1.4132759359900478e-09
-1.2642850467317511e-09
-2.481806628616504e-10
1.354692611001149e-10
-9.227447304360006e-10
-2.1432031150532256e-10
1.339937257277949e-10
-4.353692475974865e-10
-4.649144149839239e-10
1.3116950967324078e-11
-1.8357369413063637e-10
