[0.0, 30.0]
-2.730091898223826
-0.037513566235011696
0.004618883231263367
0.00020033093214873914
-3.820942732349014e-06
-4.439764835853435e-06
-2.4240066764643313e-06
1.012513844664888e-06
4.7214982541940186e-07
-1.741698438444554e-07
-8.291505344075795e-09
4.8584505179705947e-08
-2.4315329280455367e-08
5.230755573864448e-09
1.1740011364851089e-08
-8.930412630859444e-09
-5.125589717015339e-09
-1.5076280936529034e-08
-8.27356334223064e-09
1.7473884806675785e-08
7.554313718489942e-09
-1.3470692757857854e-08
1.7428223631184735e-09
8.106081707069692e-09
9.727487315652897e-10
1.0155714328465436e-09
-5.5897800202683595e-09
-2.194263920619946e-09
5.181034474952458e-10
-2.284033651195669e-09
4.313072028272437e-09
1.931750921983505e-09
-4.260606448808091e-09
-1.8230210309451424e-09
3.972222953325117e-09
2.5345517638716115e-09
-3.1358306155047037e-09
-1.5515483264405871e-09
1.1586183131607684e-09
-1.1192554464160805e-09
6.424765906373044e-10
1.0267962267851762e-09
-7.520054169588008e-10
-4.791950589034382e-10
-5.180822148061673e-10
-1.1943046924408573e-09
1.3846253044384832e-09
1.4940088468886252e-09
-1.4477875639125849e-09
-1.990102755027243e-09
1.4027962191832444e-09
6.312621526434631e-10
-3.191726250107046e-12
-2.91363741831206e-11
1.0530596335629844e-10
-7.407300752968093e-12
7.271052631446444e-11
-3.3081399360698176e-10
-1.39053764496821e-10
-8.06223769181433e-11
8.655926825155166e-11
2.0452150014748e-11
-1.5607615298399397e-10
-2.1038881509659766e-10
1.3819525390415046e-10
