[0.0, 30.0]
17.4424933478878
1.0599928916495343
-0.07460832408613631
-0.0019473706349379357
-3.199043518281905e-05
2.822447573145276e-05
1.7199002357965947e-05
-2.496384512827239e-05
-5.621188252939106e-07
8.626101185849684e-06
-1.9278482840777655e-06
-2.3125063107427332e-06
1.0313289320133307e-06
5.671191666453002e-07
-3.640519633533621e-07
-1.3825994328294053e-07
1.47218989552222e-07
2.9775111325563032e-08
-8.51661039079151e-08
9.624859379123804e-09
4.8506967865105684e-08
9.52263608518421e-10
-1.9761946187076538e-08
-6.1974649418010645e-09
5.643422697745001e-09
-8.797677634209184e-09
-3.0132897827178197e-09
6.954404042460852e-09
-7.245980404648719e-10
5.339878124155725e-09
1.7059171948205253e-11
-9.146139169508203e-09
1.655498310847557e-09
7.734901897560955e-09
-2.0329060996491938e-10
-8.183775789075656e-09
-1.5864778461135688e-09
4.408174834216267e-09
-4.189164900381262e-10
6.500151024812534e-10
1.1339071805193533e-09
-2.6661558985597733e-09
-5.255748082159647e-10
2.61633618635694e-10
-6.577193029236585e-10
2.8735360610938974e-09
1.278304711934363e-09
-3.932239030009059e-09
-2.384161869919375e-09
3.0897691672631393e-09
1.331268086520958e-09
-1.7518478539638886e-09
4.5011409757304686e-13
9.936160197047922e-10
1.6060579043695944e-10
-5.587367121832552e-10
-3.893343879756667e-10
9.164350070217821e-11
5.893007167698428e-10
1.3227194170015007e-10
3.0550591541581797e-10
-8.641721050902201e-11
2.5784495757492795e-10
6.709048991963813e-11
7.333520979947433e-10
