[0.0, 31.0]
265.6036810941027
-0.33645289059138395
0.09151590901197837
0.0014807983688079702
-0.0002511828042482853
3.626613738556915e-05
5.733372449207255e-05
-1.0565068526797543e-05
-2.441892282742389e-05
5.963439932536306e-06
6.756161067067361e-06
-2.8038237903517155e-06
-1.219144682370901e-06
1.0457360898206906e-06
1.7861488539973452e-08
-3.058295658219245e-07
1.0715741434400834e-07
2.595671078287453e-08
-7.496439360776253e-08
3.0385864537503274e-08
3.590404829079598e-08
-3.2130822371650914e-08
-1.8083011252926057e-08
2.1944966283142075e-08
9.86697053410101e-09
-4.001151874664754e-09
1.1340883437072448e-09
-5.4040788933833205e-09
-4.32891844459208e-09
4.007913048607302e-09
-3.928237607930786e-09
6.069671592969748e-09
3.849133567274447e-09
-1.333892197104626e-08
-1.5392414606629138e-09
9.437020495290813e-09
3.6408644956738826e-09
-2.2641526247346375e-09
-3.398870069229933e-09
7.850685240827726e-10
-4.112828884555893e-10
-2.761951814998983e-09
2.4533993508146662e-09
2.3144936811306477e-09
-3.215966039947557e-10
2.1677618819114445e-10
-1.4086318913521298e-09
-2.728329499106301e-09
2.9768178001273264e-09
3.275100588726507e-09
-3.4138404784955234e-09
-2.56952171593782e-09
2.1471329659826915e-09
1.400744362084372e-09
-7.786758274584326e-10
-8.781099470253272e-10
-1.7567542722760574e-10
5.115201659158562e-10
-3.3841780314661633e-10
1.788034071141017e-10
4.886435614287607e-10
-3.6641601350112565e-11
-8.82717374018694e-10
7.402751521263104e-11
-6.031462156498657e-10
