[0.0, 31.0]
183.04483828050653
1.8378424075042865
-0.026115647720676552
-0.0028838479484843576
6.283392564962429e-05
1.574546961892163e-05
-3.767105993434466e-05
-2.2596686782461825e-05
7.778363953906744e-06
9.782906392067723e-06
1.9946394729493837e-06
-2.224977940302888e-06
-1.855652977827982e-06
-8.71523600552107e-08
6.338410000561221e-07
2.932974985430635e-07
-6.807189070054171e-08
-1.5110150896435616e-07
-6.053723989696342e-08
5.289877618616577e-08
3.828510803247703e-08
-1.6705549711031355e-08
-2.0837888300125517e-08
1.045593464910943e-08
1.0947925193309408e-08
-2.323607672921793e-09
5.081407127277855e-09
-5.939165174189771e-09
-6.560072907442554e-09
-2.8207086359541197e-10
-4.158134820735687e-09
3.9009887592543604e-09
6.942765474220418e-09
-4.707578686165656e-09
-5.218840834128542e-09
3.533950607989871e-09
5.483330918900669e-09
-3.4808151028423072e-09
-4.2740867240660385e-09
1.8539128426540376e-09
3.5728273044832036e-10
7.191775755083452e-10
2.024633103717197e-09
-1.885100786067181e-09
-7.849656896200206e-10
-5.821598966654106e-10
-1.787753169945554e-09
1.7380177658616683e-09
3.442115328854259e-09
-2.360885496480404e-09
-2.6502026971914855e-09
1.0790936839711995e-09
2.004046971354461e-09
-1.1273260254120431e-09
-8.088162258505755e-10
6.031893662946855e-10
4.047803091804616e-10
-5.054671513827755e-10
1.865655567380886e-10
-6.249216406951927e-10
3.7982343522875503e-10
3.234330937683422e-10
-3.2858507804215753e-11
-1.1167424799896142e-10
5.7227312827882176e-11
