[0.0, 31.0]
219.80691866852777
0.08138352820204615
0.09752223615057765
6.821200542677788e-06
-5.287693595190701e-05
-2.4189227024003212e-05
-5.72447170229192e-05
1.1812715487200692e-05
1.3230840854186879e-05
-2.4811126996126545e-06
8.937351186025583e-07
6.586199102096741e-07
-8.350998343488787e-07
-2.6091364277487167e-07
1.1554612776763231e-07
2.4678879510377942e-08
5.685366857468554e-10
-3.229269274813723e-09
-2.485303165735666e-08
1.3552170717974475e-08
2.604339051665467e-08
-1.1918703706007572e-08
-1.8541079722754347e-08
1.805372141064608e-08
1.148885852592415e-08
-4.096404158646071e-09
1.88827304734305e-09
-1.0940368971817631e-08
-2.4562315187797134e-09
1.2726005734150555e-09
-2.662913226453686e-09
8.974794519341638e-09
4.135961497037123e-09
-8.536031763452472e-09
-2.5032092444234716e-09
7.272840306002473e-09
3.0695007437378714e-09
-6.994149678480823e-09
-2.404620452456338e-09
3.3199653209048883e-09
-4.710042405280643e-12
1.3441055343959746e-09
1.5083694553690005e-09
-3.0539712623940776e-09
-6.53434086044224e-10
-8.998780491850046e-10
-8.431551664783601e-10
3.2792721073483022e-09
2.5604066736288303e-09
-4.25162474506801e-09
-1.1456801006038377e-09
2.3441390720204523e-09
1.8170496799534327e-09
-2.0188961814949454e-09
-8.225441700342818e-11
9.474614216458457e-10
1.0459235995512663e-09
-9.089079910659645e-10
2.2005175120862892e-10
-1.3106629571281835e-10
8.664463222636999e-11
2.1308902834364016e-10
-2.454927287017486e-11
-2.6583662070916135e-10
3.85168260291112e-11
