[0.0, 31.0]
-1.001761387271338
0.010050647172202934
-0.001250221875574778
9.228088593207274e-06
-3.622507555728809e-06
2.645625374459988e-06
2.9059451103527845e-06
-2.7815909583367815e-07
-7.46794309811276e-07
-2.998573334706046e-08
1.0263322876970045e-07
6.288516901645011e-08
-3.4877087265109353e-09
-1.7882772884064e-08
1.22955736529424e-08
-5.80620551330202e-09
1.14443688412132e-09
-7.537895237081154e-09
-8.60945076514292e-09
1.4462541081724819e-08
7.9327330123084e-09
-9.474628973630785e-09
-8.26666467295317e-09
8.429758182512263e-09
4.463831488441502e-09
-2.2352198813696125e-09
1.47769069426349e-09
-3.193310954987464e-09
-2.548319535789964e-09
9.50855264852987e-11
-2.911610185689792e-10
3.033523080012215e-09
4.5580556842560635e-09
-2.2377979132883617e-09
-4.205392064279448e-09
1.8362068503278977e-09
2.495696993800824e-09
-2.0865181259981603e-09
-6.197473915926851e-10
1.177591620928742e-09
6.587981217757716e-10
6.36077928937043e-10
-7.983808821392196e-10
-1.522318450015701e-09
2.795753872916595e-10
6.640562979462742e-11
4.798703215988184e-10
1.7010232224629944e-09
-9.67008897606332e-10
-1.866947734501679e-09
5.789118322305246e-10
1.416407384278384e-09
-5.45149228924779e-10
-5.963120409046773e-10
4.174682887888438e-10
2.863899219779322e-10
-1.152337967496865e-11
-4.757758679554259e-10
6.708246763888371e-11
3.4703945200648224e-10
1.1027276236693838e-10
7.657594575469638e-11
-7.073041178468749e-11
-1.92204153181348e-10
-1.4108086089757112e-10
