[0.0, 28.0]
313.06231159005046
1.642188620742414
-0.013843366799345783
-0.0022260062348730568
3.809947600066667e-05
-9.754269811094624e-06
8.882092359132443e-06
1.5405309339174975e-05
-7.65169384478431e-06
-5.471507253092076e-06
3.7651639169400036e-06
6.826315770491835e-07
-8.467494221311012e-07
-4.164176224661526e-07
7.021952317833025e-07
-2.587999116290425e-07
3.618487836612739e-08
-1.100454298493679e-07
1.111632993655059e-07
-5.3432330393080705e-08
2.8617101310572386e-08
-2.8450123886943207e-08
1.6593332836278168e-08
-5.29416665441981e-09
1.0264944733160303e-08
-1.1763854737482973e-08
2.909714137067822e-09
-3.831340937834224e-09
-2.567288124786641e-09
1.0973271652099515e-08
2.1144907712773556e-09
-7.683944877446472e-09
-4.783894809533093e-09
2.4676232760450083e-09
2.6085140273869117e-09
-1.982531440440525e-09
6.250190589621359e-10
2.9516662387353813e-09
-2.358402511953289e-09
-8.687062718397304e-10
-3.0430166373305186e-10
-7.244161828973284e-10
2.6870408243074597e-09
3.3236798975394237e-09
-2.4117419873310407e-09
-2.8213927821428613e-09
1.7855577521667244e-09
1.9946222252472254e-09
-1.7102301632503104e-09
-5.184423402079158e-10
2.932393344970703e-10
3.747439732959272e-10
-3.7594800726836156e-10
-1.8338566703608546e-10
-6.894273393072161e-10
2.373148020048822e-10
-1.9412011253620216e-10
-7.432277205596337e-12
1.450538654132064e-10
-2.1352598407886553e-11
-7.913332589736292e-10
3.023713816089313e-10
2.2692041349733844e-10
-3.6963014970430955e-10
-4.612625074092479e-10
