[0.0, 30.0]
2.14172491064805
0.6985939888832075
-0.08545345087981608
-0.0014767247827302034
1.4077357523148373e-06
5.720677259562014e-05
6.2508473295786256e-06
-3.3125048328164935e-05
5.716134252900587e-06
7.311377996343636e-06
-4.1255641068761e-06
-7.259913258555252e-07
1.4538662314878266e-06
-1.1729741888367987e-07
-3.656277405813263e-07
9.158341553156564e-08
8.736028889855695e-08
-9.967726718947767e-09
-1.5126680635077763e-08
-1.8714171857303738e-08
-2.610101265954115e-09
2.362283454558148e-08
-2.071170504830239e-09
-1.2262028773392925e-08
-8.606725774006078e-10
-1.330820556887612e-09
4.547628886371089e-09
6.809266804653813e-09
1.2753504467159895e-09
1.806283663775662e-09
-2.6635205441603676e-09
-1.0259761616562617e-08
1.688621227900352e-09
1.1120570384287264e-08
-2.3118668743383503e-09
-3.820151474470082e-09
3.542814047361601e-09
2.0026866983846875e-09
-3.06999369149751e-10
-1.9086589191320618e-09
-2.07002504566442e-09
2.8755708005744352e-09
1.6958909988350424e-09
8.300442275860352e-11
1.2232073981462882e-09
-2.6104571366813387e-09
-2.6877607990187757e-09
3.2629049501626695e-09
2.767988422898714e-09
-1.4201508043353342e-09
-1.286903780851244e-09
2.166086913087197e-09
1.42209947248476e-09
-7.795089670568068e-10
-2.7257396457862293e-10
5.984261189166901e-10
4.761899177741731e-10
2.949289786003644e-10
-2.3101806439986957e-11
6.257760634692074e-11
-3.4082710155470555e-11
4.284120411531981e-10
2.8170808310166527e-10
6.73082450105549e-10
6.388647209775238e-10
