[0.0, 31.0]
1.4692793304480785
0.047266548483980625
-0.00236536313917611
-0.00013926294436330215
5.307598095340242e-06
-7.525702141512942e-06
-8.478737807975461e-07
1.8550159638068089e-06
1.375734921438596e-07
-1.887262726668014e-07
-9.936184065493896e-09
-4.6386693299327205e-08
4.017090255389938e-09
2.467410132842893e-08
1.7196324914094532e-08
-2.009996648197726e-09
-6.247154794750521e-09
-1.2373447355712e-09
-1.641683267878131e-08
-9.018477746420622e-09
2.2274460880918887e-08
8.347691557800798e-09
-1.1392439747929283e-08
2.8216526750008645e-09
2.8294215671312794e-09
1.8819826008527951e-10
-3.194133545768396e-09
-7.018688938286543e-09
1.938328729469557e-09
7.515805203112978e-10
1.042914600421094e-09
5.590914589359335e-09
-1.7145154337082378e-09
-4.819346835710931e-09
1.409117070448928e-09
3.99446354435124e-09
-1.2135370852962474e-09
-4.426436423229476e-09
1.2486605675737992e-09
1.7509983587621352e-09
-3.81871766745188e-10
1.3420699976767724e-09
-5.327539153751975e-10
-1.9045688986951894e-09
5.031948600715097e-10
-7.056945091923396e-10
5.455972125653686e-10
2.2534536136206246e-09
-1.138040752345483e-09
-2.2707213966548636e-09
7.099743716237205e-10
1.9279725913414107e-09
-2.457962961298158e-10
-1.2723677290814156e-09
4.960337816800615e-10
5.542729475726057e-10
-4.514733431095247e-10
-9.873984281223651e-11
-2.539493435120357e-10
-1.418034897261527e-10
4.5282742586033694e-10
-1.8476941888571066e-10
-1.2917204752889838e-10
2.139978277075802e-10
-2.7048530876062925e-10
