[0.0, 31.0]
232.62414022278372
-1.143230741303291
0.004931856694801206
0.006080162115151566
-9.339023484801098e-05
4.33067309843226e-06
-1.1893864703614807e-06
-2.597046145719172e-05
5.6235265621843635e-06
3.937739793305262e-06
-2.4413210901975225e-06
1.1427489849656928e-06
6.935498739070929e-07
-5.783020623117877e-07
-4.005062982140396e-08
1.2683171946261895e-07
-5.996730688062759e-08
-2.735685333980747e-08
-8.012453704933092e-09
7.706654756464965e-10
4.2325843330902656e-08
-3.725920049795377e-09
-1.9108439804123306e-08
5.593956896542767e-09
4.177145264534959e-09
8.021550955513887e-10
-8.486468569199645e-09
-2.3337084012429966e-09
6.933047719588783e-09
4.000368354249178e-09
1.6045166525370681e-09
3.1123838508648454e-09
-9.263460106327766e-09
-1.0134708431990208e-08
1.0636945648447028e-08
6.6897533320989776e-09
-5.240703056155188e-09
-1.7960077003534444e-10
2.0874645383782563e-09
-6.191553177275688e-10
-1.20320279944361e-09
-3.1907937188860515e-09
1.4019879558491554e-09
3.7418796022532815e-09
1.2961636644979773e-10
6.315192763755627e-10
-1.786674181835014e-10
-4.410983571182801e-09
9.423747947054622e-10
4.855640972067623e-09
-7.752273676768783e-10
-2.8668831534148436e-09
9.7777853105398e-10
2.507590747294423e-09
-1.1472935846736822e-10
-1.0353422374426317e-09
-1.4731927148717933e-10
5.17892171077571e-10
-1.0984496626170179e-10
-1.5533713280225883e-10
6.312899993273615e-10
-5.37419491363798e-10
-3.1461905680104994e-10
-3.608376854191051e-11
2.1357690070209684e-11
