[0.0, 31.0]
141.0049331547251
-1.0489699880678736
-0.06157768652205418
0.006008566452679784
0.00016602231944990125
-9.947028064927672e-05
-1.4314409743190324e-05
3.652323199796229e-05
1.252026583628914e-05
-3.582882750490699e-06
-4.234336309420887e-06
-1.9950023587584984e-06
3.565216590150739e-08
7.733875479084932e-07
4.596918823314186e-07
-2.279621300173696e-08
-1.6297116232725347e-07
-9.009388703368238e-08
2.8856303095304945e-08
6.534939864872326e-08
-4.52321152620117e-09
-3.483171069935045e-08
1.1637938037335857e-08
3.6258756894956286e-09
-8.917979850171347e-09
-1.7403719453447523e-09
-3.6773402136174006e-09
1.0991524298026085e-08
5.872736016645693e-09
-1.0024490904226368e-09
1.9694600985072636e-09
-8.190378352301934e-09
-8.596098731973935e-09
5.215208441371267e-09
9.494936772881355e-09
-4.816133001458551e-09
-4.905216846263049e-09
6.968921864362708e-09
1.8699295145702218e-09
-2.9321397417454866e-09
-1.007581456182961e-09
-2.5563409457831178e-09
8.933306079151961e-10
3.118137150052945e-09
-2.783068525925801e-11
9.82890845207142e-10
2.3536271194932285e-10
-3.73030715103855e-09
5.308997291082272e-10
5.13794560411764e-09
-4.506412338911288e-10
-3.948853451390299e-09
4.2934933711470756e-10
2.0127115034674988e-09
-2.5879807997243245e-10
-6.715910072533616e-10
-5.371881535576895e-11
-1.8420217770946659e-10
-1.7052629969578312e-10
-5.228562405754242e-10
-1.4053749090659346e-11
2.13870739105909e-10
-3.0910811977672315e-10
-2.7873253927949107e-10
8.39624262225807e-11
