[0.0, 31.0]
49.96806045127069
-0.12424782042898613
0.006919519836711443
0.00043132159074040557
-2.4646070115256365e-05
-4.3899948517654036e-05
-1.0478771424958379e-05
3.5089820485956875e-05
1.1691434743207065e-05
-1.0030399392931881e-05
-6.588880611638934e-06
8.380038471962001e-07
2.2614668581806066e-06
6.763040048987684e-07
-4.149385415461979e-07
-4.1709346622181825e-07
-3.938738904256353e-08
1.2480189288908876e-07
6.490392914170631e-08
-1.652232167750759e-08
-2.5966637652888175e-08
-7.180625985467328e-09
7.4078066593422974e-09
2.926267044492402e-09
1.028027313726843e-09
-2.3696839391138867e-09
1.0331197099966052e-09
-8.260989173625614e-10
1.424688411492011e-09
-8.629244351992041e-10
1.0763596239007565e-09
-1.0976858136317895e-09
1.6354303600701265e-09
-8.16395060759362e-10
1.0802862654205432e-09
-7.805104733756954e-10
7.043163378629127e-10
5.025891309548323e-11
4.694081295633372e-10
-6.19366372409142e-10
8.737372584457294e-10
-1.8242311915331136e-10
8.868899731286203e-10
-3.867465872907439e-10
6.280158106271692e-10
-4.666565393673333e-10
3.2688869530064497e-10
-7.763400714627992e-10
4.813489702376903e-10
-1.0245179573065768e-09
2.0771601616120334e-10
-1.0020793992828265e-09
7.278881435500608e-10
-9.851251500375935e-10
4.889596186614772e-10
-1.3523649725268642e-09
3.1878364195144174e-10
-1.1610560192948415e-09
2.942138745577065e-10
-3.790586737981797e-10
2.1574955239183422e-10
-5.059939035205626e-10
1.4782634245522431e-10
-4.784304996412075e-10
1.0358346395864663e-10
