[0.0, 30.0]
-10.018893534207987
-0.020961636541797907
-0.0006652937193606499
5.15158767059088e-05
6.196409521289978e-07
-2.798356800923806e-07
3.2507951854736924e-09
2.541073021804564e-09
3.418054244101558e-09
3.422983904321512e-09
-3.9758922669788073e-10
9.304075827388271e-10
-1.1486948259219726e-09
8.075851215302848e-10
-7.289210520700598e-10
8.928265442991557e-10
-8.18329019271026e-10
8.750318877197918e-10
-5.128168322505481e-10
6.509841802940748e-10
-7.490880971934226e-10
5.931085256987431e-10
-6.129247767823592e-10
8.54833556883399e-10
-6.110769226810634e-10
4.159696388494673e-10
-5.605214552267276e-10
6.961137637077856e-10
-8.459474784190817e-10
7.17179797194969e-10
-7.83569170995525e-10
6.925088876917748e-10
-4.2382618589180677e-10
7.885495330453606e-10
-8.419389312703443e-10
7.96580646886129e-10
-7.544294972013608e-10
8.494902834564124e-10
-6.22895094724927e-10
2.624260258435738e-10
-4.735816084470877e-10
7.371538195167187e-10
-5.197386246559007e-10
4.828004018239856e-10
-6.212944966745799e-10
5.451063437575969e-10
-4.3437309681415655e-10
5.259690621755915e-10
-7.774814001776938e-10
5.600255314535883e-10
-3.449970733101522e-10
3.1331150913063455e-10
-5.254123436184485e-10
5.670633104991013e-10
-4.2867542650862886e-10
6.24909780563667e-10
-4.617022033920883e-10
1.9507384094353352e-10
-3.383952745964108e-10
2.682627218060455e-10
-4.754542210916011e-10
3.3885487025197147e-10
-3.3822620032813765e-10
2.679458906179378e-10
1.370018423746428e-10
