[0.0, 30.0]
112.81156656622792
0.19345003694046575
0.005317023335592621
-0.0004578453614961233
2.936681342693378e-05
-2.6879551492868857e-05
-3.8746839132698106e-05
2.5547164186453998e-05
1.126719726891862e-05
-1.1765985725032347e-05
3.8930788233718235e-07
3.7216891391444348e-06
-1.63415818258755e-06
-6.315733240198084e-07
8.097080398960111e-07
-9.974245099703029e-08
-2.3268378813245202e-07
1.2158768846774745e-07
3.282041229900691e-08
-5.284703753999348e-08
5.613796776394837e-09
1.57758673484268e-08
-4.6292581408263826e-09
-3.3521423531226154e-09
2.138187456102815e-09
8.396809759402475e-10
8.888151153699461e-11
-4.1614096384409665e-10
4.2395419838910625e-10
-5.442460070632834e-10
1.8416923825364075e-10
6.346102369480723e-12
5.142661233672858e-10
-1.0949030825433205e-11
3.675141028978369e-10
-2.171907031478525e-11
4.8638012446735145e-11
-7.292296076676243e-11
6.441085719828115e-10
2.2331070980392845e-10
2.678647167167354e-10
2.6268548095902015e-10
-6.197679595477272e-11
-1.5204989849783693e-10
-4.7271768333974406e-11
1.397135860537105e-10
1.4497422842224052e-10
-2.049465765595998e-10
-1.044886598060043e-10
1.3110661776325302e-11
1.0461768800487605e-10
-3.50186851655665e-11
5.356753000941778e-11
1.0491237766753108e-10
-2.644856012913675e-10
5.181830494945467e-10
-1.372015917810392e-10
4.081944751618295e-10
-1.7985323471353165e-10
8.802896853579512e-11
-3.9029009136385854e-10
-2.1316063815048714e-10
-1.0148398815973087e-10
-1.550552406209257e-11
-2.7687623698540807e-10
