[0.0, 31.0]
75.45089927259798
-0.09307667681804209
-0.01063211818752333
0.0003960496496613047
2.8219025573118478e-05
4.221197501247302e-05
-9.076323407501296e-06
-3.332728565184768e-05
7.896477153525952e-06
5.849616371939061e-06
-4.335048581996778e-06
1.2537162514708516e-06
1.2184787663415983e-06
-1.0243086952380133e-06
-3.826394504543027e-08
3.1878052464844887e-07
-1.2600800256528237e-07
-4.4595778016298224e-08
6.616440513160643e-08
-1.1566622842286496e-08
-2.1697420330378134e-08
9.67775248711326e-09
5.10743027434301e-09
-3.8299173917734435e-09
-1.1888173216059793e-09
8.23124997674412e-10
-2.3154117743744222e-10
-2.846074337575805e-10
8.071218256800905e-11
4.383823429207608e-11
7.861132805449647e-11
-6.389772332998546e-11
-2.834662725680583e-11
1.0045981012786809e-10
6.146906621037511e-11
1.636298618462047e-10
1.6273599130535863e-10
4.0636979863491924e-10
7.866353140758825e-11
7.08486725294298e-10
3.174239972996427e-10
2.2978475698725881e-10
5.740612996317356e-10
-1.7786150059621163e-10
4.4615164815147013e-10
2.2863825541046354e-10
4.135312003896752e-10
3.6740985688348064e-10
5.470783150828442e-10
3.6884228732697935e-10
5.028431051800591e-10
3.234790759540537e-10
3.8453700178201357e-10
4.2911950171274654e-10
3.402002197753911e-10
7.771607128533424e-10
2.5716696853179355e-10
3.7339892726886837e-10
8.620765356692599e-11
3.1840995741043454e-10
4.26404025635457e-10
4.662420138369567e-10
-3.098494580908321e-12
3.5991230419689684e-10
3.8735708180140884e-11
