[0.0, 31.0]
107.47893025467918
0.22286142172523205
-0.0015532449055236546
-0.0005246761134035371
3.651885689210519e-06
-1.0923330296120253e-05
3.394321334169122e-05
2.977561979012172e-06
-1.531216434493745e-05
3.853279553599323e-06
2.7410633914542246e-06
-2.5518407783388854e-06
4.3022590340868686e-07
5.861954039764087e-07
-4.605912536736648e-07
6.864204714301704e-08
1.3213688637683487e-07
-9.826070487675116e-08
1.629918865735478e-09
3.514132320596631e-08
-1.7041035040157526e-08
-6.256180767933968e-09
9.403922340264232e-09
1.8741260007006577e-10
-2.2746829749843154e-09
8.24034688610149e-11
1.1912348891303487e-09
-6.824326515704808e-11
6.558096086231257e-11
-3.329440801307905e-14
4.2576393872823055e-10
-2.620306457366186e-10
3.471535093316415e-10
-7.899907910444394e-11
3.760728783186839e-10
-2.6942451586391373e-10
3.839123889984895e-10
4.980535539980427e-10
1.4960670452114622e-10
3.954010966792249e-10
2.1661164707479893e-10
2.5505959519965364e-10
3.683335250270666e-10
3.5460594542446283e-10
2.011315864879024e-10
1.342472611544747e-10
-1.6452012236342723e-11
2.993160037114673e-10
2.901969511441246e-10
3.285674072966307e-10
5.614807964129819e-10
3.732290334795179e-11
6.499516567267769e-11
-3.4337003634538634e-10
6.488535296605784e-11
1.8426285093710542e-10
8.49350187142711e-11
-8.038599363594732e-11
-1.871868670758397e-10
2.1910830120198034e-10
2.793445642257769e-10
1.2351812657425525e-10
1.7768167298265938e-10
1.7749313113913354e-10
1.0656741311670921e-10
