[0.0, 31.0]
8.953834820678619
0.12387499657587818
0.0019252533150346798
-0.00035234396279568223
-8.242688110021748e-07
-3.6070456650125345e-05
-1.2969334200584284e-05
2.1111482274691084e-05
4.718138423845569e-06
-1.2176975129399375e-06
-7.210547140968846e-07
-8.68474952265878e-07
8.703202271073352e-08
1.664237580843246e-08
-1.7113002570613598e-08
3.284645622323371e-08
1.3352459195105574e-08
1.233872082933775e-08
-8.58640599089806e-09
-5.785134353612732e-09
6.557644813705666e-09
-5.033987437266348e-09
-4.292610703517722e-10
1.4281279212592021e-09
1.5122338977245468e-09
-2.199693157487263e-09
4.814730326962495e-10
-5.324472247694221e-10
8.815536319638236e-10
-1.2478322612632071e-09
1.0186333074289395e-09
-8.953046468670463e-10
7.116580806813941e-10
-9.866147063406583e-10
1.1306984152726564e-09
-1.5367337946168336e-09
1.4432081955696073e-09
-1.5470263207568251e-09
1.0714325023040978e-09
-1.0687675408091872e-09
1.1375356827437665e-09
-1.353132930567345e-09
8.778687443569876e-10
-9.761025148012846e-10
7.347164000900811e-10
-6.500943902073927e-10
3.4383779425848094e-10
-7.184287862214298e-10
5.863202164892709e-10
-7.479954710481193e-10
6.039454793992825e-10
-1.0017823909316524e-09
8.810774332514382e-10
-9.933635012990537e-10
8.472391846275467e-10
-9.485223988393776e-10
9.561299686006891e-10
-1.3210187683452897e-09
9.39747117190453e-10
-1.0472785492009697e-09
7.111455543989643e-10
-4.99715960117171e-10
2.1319600547036285e-10
-2.827677466932555e-10
4.0846377154795524e-10
