[0.0, 31.0]
137.75220943764992
0.09733201907974928
-0.010648136884489604
-0.0002410758680170459
-1.8147024551825336e-05
1.7011736611783272e-05
4.679194275046733e-05
-7.910514147812738e-06
-2.0953243122772058e-05
-1.6642002664919502e-06
5.65512333301321e-06
1.7607036438099258e-06
-1.0650521823086283e-06
-5.163423450464697e-07
1.3969041707249681e-07
8.04348029221885e-08
-2.5714725229560633e-08
-7.682374129678771e-09
1.0128863749662182e-08
2.3411572088658965e-09
-3.6391517940546773e-09
-2.54036572845255e-09
5.771532258528765e-10
7.317529876980604e-10
-3.1095532475401116e-10
-8.247260681158405e-10
-1.5240341211758415e-10
-5.151524879955869e-10
-5.652618204316393e-11
-3.108807431796259e-12
-3.306074236226026e-10
-3.012344472694989e-10
1.233275835187226e-10
3.585461713891324e-11
1.7521834240076583e-10
4.7118668279272106e-11
-3.5017704891125404e-10
-4.276533743908337e-10
2.601522539825051e-10
-2.571321220485575e-10
-7.369261073905938e-11
-6.88769878788714e-12
-7.37165004764614e-11
-2.812419396776809e-10
3.827954649042473e-10
1.74616844962129e-10
4.670362058336172e-10
1.2188896855376912e-10
2.892038274264712e-10
-4.3942707831110015e-11
-9.624541477817048e-11
-4.567115584986937e-10
6.203798088187647e-11
9.173307893375107e-11
-2.800513127981437e-10
1.2748620209054633e-10
8.965078191647989e-11
1.2602103049023161e-12
-2.6825661208118896e-10
3.4886202855331903e-10
1.677072651395437e-11
2.8259150585088566e-11
-2.6471870804260807e-10
-1.0320307904429696e-10
1.3004390975615028e-11
