[0.0, 31.0]
11.033056953966575
0.09904984992511567
-0.005210918301942358
-0.0002301537094798013
3.958302501047199e-05
-6.019157979430919e-06
-5.0049262993288796e-05
8.302485558682449e-06
1.816315533565401e-05
-7.935953787189524e-06
-1.419726415483285e-06
3.419833878579233e-06
-1.3796434582162416e-06
-5.55842437273955e-07
7.43021725575524e-07
-1.6502782634837323e-07
-1.631988183554677e-07
1.3488044145697333e-07
-1.2550167692831327e-08
-4.3255041323699096e-08
2.503866808562422e-08
7.374293216576692e-09
-1.0950796464472506e-08
3.286165143293012e-10
3.716379456430151e-09
-4.605492727522167e-11
-3.766875834484427e-10
5.477942983674172e-10
4.740088416092966e-10
3.7802499340064047e-10
8.923430578842216e-10
1.6846355201067731e-10
6.791580537935895e-10
2.589022051284272e-10
8.82511368685843e-10
3.033990893824695e-10
7.57874121007747e-10
6.372454005779511e-10
7.382952909663601e-10
7.453923445204655e-10
9.509873201611626e-10
6.525620285053224e-10
8.090334646089632e-10
6.978413741854659e-10
1.2933026666383659e-09
8.988483108329392e-10
1.2154991788249242e-09
6.814144200786271e-10
1.0014333556227866e-09
5.400968447708338e-10
5.50342460821081e-10
8.310965530773372e-10
5.45380804547295e-10
5.608835262118468e-10
7.726531206941157e-10
6.133922638051943e-10
5.321518832682047e-10
3.4509522759804573e-10
5.223989186227301e-10
4.70270273731937e-10
6.262485686116718e-10
2.5939646259473913e-10
2.773010198609166e-10
1.0407189294120044e-10
2.0588499518892956e-10
