[0.0, 31.0]
-11.710403919627861
-0.03518381591609565
-0.0005923880191974158
0.00010355401436481755
1.7355138647508653e-06
-7.211752926264402e-07
-3.243567523847686e-08
4.111392537164533e-09
1.4241836827831892e-09
7.635069581912069e-09
-1.934908032212692e-09
6.417859379039032e-11
5.632346888523888e-10
-3.2917098661051554e-10
-8.968995856554883e-11
-2.463065658037595e-10
-4.357711897932281e-11
-1.1599963197718938e-10
3.799975100339313e-12
-5.1682685657509056e-11
-1.1239909961357709e-10
1.8027587525252622e-10
-2.658163821450204e-10
-3.368910247489189e-11
-1.1223899895160411e-10
-2.498709616336488e-10
5.849147890736599e-12
2.0362404317837367e-10
-1.7325833721711994e-10
6.625572900956929e-11
2.7030819287625508e-11
-2.348909454984536e-10
6.599754992406537e-11
-8.057131667414951e-11
-1.3870093690549132e-10
1.4677948092131637e-10
-4.4220902833672206e-10
1.0246853125411462e-10
-1.2026407954475883e-11
-1.8750525620866219e-10
1.0793277688987924e-10
-5.443187958755066e-11
-1.6391173409413244e-10
3.4030768930096726e-11
-2.426815321328873e-10
-5.5683290669741925e-11
-3.736642728001571e-11
-4.5887570160654303e-11
-1.6775138459875788e-10
-9.62811044792851e-12
-2.760392677846892e-10
9.145549168543703e-11
1.0142042760278125e-10
-1.697183875466145e-10
7.327318976924287e-11
-1.3981146694199014e-10
-8.291476157951409e-11
-1.8847183045680735e-10
-2.0672756707421443e-10
-1.565980804986686e-10
1.080303887536803e-10
-2.2035457179267563e-10
9.881124022834116e-12
4.7105693473091167e-11
-3.880398047625431e-10
