[0.0, 31.0]
-11.433910905174685
-0.02364334263271275
-0.0017485910191127774
6.435123916155904e-05
7.253106896496573e-07
9.145927397996624e-08
2.2767527920266824e-07
-4.7066087868410667e-08
-2.2171923214817234e-08
1.2242513999897421e-08
2.982016112884714e-09
-2.1234092976911056e-09
-5.090044038504771e-10
2.4406643019405744e-10
1.3393342645881434e-10
-1.363041936115409e-10
-1.2059336318262341e-10
-9.76860343968687e-11
-3.9746843819832436e-11
-1.83025701931011e-11
-1.1136796330692254e-11
5.514831956509598e-11
-1.1811426281361964e-10
7.042534981264956e-13
-8.725729181532131e-11
8.009063427467536e-12
-6.805202599914649e-11
1.5226585261315936e-10
-4.67348077901883e-11
-8.543096860224796e-11
1.8152578943350771e-10
2.0710084374946512e-10
2.7553765745511244e-10
1.8603408676640848e-11
-3.4486474031040765e-10
-1.6864709454596934e-10
-1.2247961216139124e-10
-8.769875498577564e-11
-9.640670180764302e-11
-7.753383976828652e-11
-1.5752986331288554e-10
-2.4926163276607966e-11
6.556681804267378e-11
-3.0732814476985547e-10
-2.674654486061763e-10
-1.4079684055002988e-10
-8.135103533922496e-11
-2.755257263976081e-10
1.266022851150233e-10
-2.6324131353660823e-10
1.8004171484310862e-10
-1.4285457463218343e-10
8.098310678892517e-11
7.96722096661725e-12
1.1448920592726259e-10
-2.2743364472696095e-10
-2.2525907056661213e-10
-1.0390900095559894e-10
-2.2545954939973527e-10
-7.935153462724046e-11
2.6154079029636047e-11
-8.281876374221495e-11
-1.8259339378841844e-10
-6.46405985930893e-11
-1.5940226189588566e-10
