[0.0, 30.0]
58.74958477605581
0.18216200558220755
-0.004647797330900829
-0.00041733342929609914
2.5684306308226965e-05
-2.9484203399099085e-05
-3.8346593025898524e-05
1.3614456134496441e-05
1.788120074570141e-05
1.2198133852886514e-06
-4.466692094522644e-06
-2.2447556993197774e-06
1.8987822167292843e-07
7.389701099348472e-07
3.3975294235920617e-07
-6.269040804848076e-08
-1.4179220663299694e-07
-4.7892019600498e-08
2.0975917266875205e-08
2.4483788291475338e-08
5.443118663916266e-09
-4.4426278727655905e-09
-4.1395908118671405e-09
-1.2172675234220706e-10
9.99642066640138e-10
1.0698985944971888e-09
-1.663059733975059e-11
1.7319727408063023e-11
1.58282673142655e-10
1.517433734228036e-10
4.464317771142407e-10
-1.8920838655403373e-10
5.11433579806798e-10
9.592322082774934e-11
5.176681643517825e-10
2.0883352648962674e-10
1.419603854268958e-10
1.6894866758460505e-10
3.4820385450515177e-10
4.307469880228217e-10
1.0198997499726323e-12
4.166366142232583e-10
-7.485531224021177e-11
5.553746946966514e-10
-9.999550617837198e-11
4.199188709583778e-10
7.433608112503866e-11
2.0873197023278424e-10
4.0932023898525967e-10
1.9128911282445403e-11
3.100610194613827e-10
-4.385707664379382e-10
3.25562148128682e-10
-7.83276702613867e-12
4.669109103382361e-10
-1.4022416966453879e-11
5.350358641488281e-10
-5.4316132067558435e-11
5.594113520228339e-10
-2.418194094109023e-11
3.208441877375038e-10
2.2686891390486603e-10
8.28271506542578e-11
2.2495540341753307e-10
-8.651081731299693e-11
