[0.0, 30.0]
-6.374919889514151
0.02595120224697974
-0.00011534836011958412
-5.318730553709295e-05
6.854704614412475e-07
-6.992840736650416e-07
4.5502114298266283e-08
7.896045422806867e-08
-2.2093792462947372e-08
-9.760319089615065e-09
5.661537043217615e-09
4.814746533977657e-10
3.5259499983175065e-10
-1.6575339609049817e-09
1.6460177237866112e-09
-1.5366695387102966e-09
1.6531157605957182e-09
-1.832491944330573e-09
1.9545498178822287e-09
-1.7147443121531348e-09
2.090251870244448e-09
-1.7099067882109793e-09
2.0297014384981654e-09
-1.7531744846206675e-09
1.7948793095616569e-09
-1.5790657477081002e-09
1.4725166949530857e-09
-1.3048913850154556e-09
1.1544483339225501e-09
-9.276505387198917e-10
8.748579519134928e-10
-5.149204329891288e-10
5.177764630839982e-10
-1.6127219127506287e-10
7.475777681416276e-11
9.693501066572074e-11
-2.2317353949873586e-10
2.5996645959066583e-10
-6.235460029699169e-10
5.87153528794729e-10
-7.278262208384061e-10
5.390034070172601e-10
-7.650332185703793e-10
8.690350340802765e-10
-7.679747165622274e-10
7.609254057139807e-10
-5.971227537522317e-10
7.888396922601764e-10
-7.570561362422127e-10
6.102567559150117e-10
-6.723940027983975e-10
3.7748556555872374e-10
-7.135633368680199e-10
5.30217410731299e-10
-5.823942082404357e-10
3.4171153154325675e-10
-4.1342535002436363e-10
3.852547085612592e-10
-5.079795233997779e-10
3.663225620142234e-10
-3.7916507179861057e-10
3.695598989143483e-10
-4.022233626169608e-10
4.0473354848862274e-10
-2.2156334914199429e-10
