[0.0, 30.0]
-11.799443469463588
0.01561627608580945
-0.0019330620291464398
-3.3006727420932966e-05
1.025460182066274e-06
-6.773077768699202e-07
2.3112790509656634e-07
1.2012402034834703e-07
-2.8080880680353225e-08
-2.667547557581421e-08
2.349327006497995e-09
7.0043362561173115e-09
-2.373221634452664e-10
-1.646253071125799e-09
-5.39038961318381e-10
7.381051571213773e-10
-5.045466380644339e-10
1.9247361794016037e-11
-4.539159190521234e-11
1.434686786532094e-10
-1.4884352469478122e-10
3.0921237768719563e-10
-1.354618212912797e-10
5.54329079756418e-11
-4.4375276959471524e-10
2.3575130149613537e-10
-3.889000035820578e-10
1.7488568682070325e-10
4.2658224644027606e-11
8.005155175462892e-11
-1.4205312170204334e-10
2.109398940355135e-10
-3.5136214081544756e-10
4.1605253909444275e-10
-3.0295534658417547e-10
2.9489064628703764e-10
1.9542067718885305e-11
9.883957468215412e-11
-3.371983613037497e-10
2.519485163205635e-13
-1.8889236202257886e-10
8.284001225099651e-11
1.778097154620111e-11
3.8152499168175956e-10
-3.407254583415603e-10
2.253956751009452e-10
-3.027449422932841e-10
-9.908464974911073e-12
-3.5806319130580887e-10
6.527559569638764e-11
-3.177631990058614e-10
1.9430693254649415e-10
-2.4458960742593806e-10
2.9553578993417685e-10
-1.4518348075739426e-10
2.4078223187846733e-10
1.2979654023953452e-10
2.1148011510647016e-10
1.2422830716090799e-10
-9.346675672277695e-11
1.070602366143159e-10
1.477749176454983e-10
-2.8409916056119646e-10
2.9525767247814764e-10
-1.5766912799152812e-10
