[0.0, 31.0]
14.335708482877244
-0.06494069532804168
-0.006501719237914769
0.00023689039582652015
1.9632891438443537e-05
2.0289534639158454e-05
-3.210595801355853e-05
-1.1599794047947468e-05
9.496240190098292e-06
-5.883034362567226e-07
2.2025753283565503e-07
7.003926022590258e-07
-4.848229719667164e-07
1.4568324646648472e-07
-2.814963713725148e-09
-6.278436269021052e-08
5.05784265038964e-08
-2.412266769794204e-08
-7.112746102012164e-09
1.4122113381160029e-08
-6.887709746513652e-09
-5.6091721273451475e-11
4.941888056796283e-09
-1.0844521004039125e-09
-1.6456651109723023e-09
4.42642524525253e-10
8.572116130339507e-10
-2.0875147514449698e-10
1.9024128491512894e-10
-1.3543915873776305e-10
-1.430107605173947e-10
3.5209879832583854e-10
-8.740694873251285e-11
-1.8697230029263705e-10
3.783321212817759e-10
-5.9277384793096e-10
1.245720604565693e-10
7.741308409187685e-11
1.0883522178945538e-10
-1.2609324508506222e-10
-8.418205808714575e-11
-1.8652449441635406e-10
1.2436796420930512e-10
5.8292386729907815e-12
1.5539378338482534e-10
-1.4004929860087852e-10
1.1348364823479839e-10
-1.430913060406976e-10
4.5520087633426876e-10
-3.3052495205004414e-10
1.240383892491601e-10
3.723860090353492e-10
4.988443181954481e-10
-2.399094880535434e-10
2.6436552553006003e-10
-2.4106466038352945e-10
1.8396959538001245e-10
-1.5998039524093078e-10
3.1662847671133474e-10
-1.3802154973335531e-10
3.845447856272074e-10
1.406239837185919e-10
-2.8399239656862466e-10
2.8835560283030535e-10
1.3349082728714315e-10
