[0.0, 31.0]
-9.551739832880969
-0.018277417223377942
0.0007864156479131519
5.046802202930905e-05
-4.6840326094745924e-07
1.1280142849346775e-07
-7.461402413278876e-08
-2.6011372934447257e-08
1.1759958264435984e-08
4.073998709495999e-09
-2.398587145094379e-09
-1.0446472429418652e-09
6.448103304538493e-10
3.3819256695070917e-10
-8.485715775825811e-11
-1.4042862786435495e-10
-2.0649599898437819e-10
-2.5536768642383394e-10
1.8779161972161162e-10
-9.24683845400503e-11
-3.1951400054767773e-10
-7.568152747825227e-11
3.0068652646769153e-10
6.064674654065903e-11
1.0318217214415015e-10
-2.524102457217631e-10
-1.5423144210352594e-11
2.2203586503594224e-10
8.610154506485676e-12
-2.1558199079721415e-10
2.361037894002436e-10
8.556845806360284e-11
3.636997846209179e-10
6.35669959226056e-11
-1.4590030681060778e-10
-1.672935451481374e-11
2.1469114442348543e-10
-2.6054060729969473e-10
-2.096470010737549e-10
-2.8962808229826616e-10
1.3421755725855777e-10
3.3080580083008735e-10
-4.019866198783183e-11
-3.4355376328754427e-10
9.060768087105332e-11
6.95161839916012e-11
-3.1908349858834145e-11
-2.600767071604759e-10
-1.2779769860751948e-10
7.342054770600079e-11
3.2187721117553517e-10
1.0852667453430247e-10
-6.176127336904993e-11
2.9226877694152916e-10
1.5288774061084583e-11
1.9760518982214816e-10
-1.0410189977642432e-10
-1.4315282489188862e-10
3.736842246182733e-10
3.910291276878828e-10
4.042660050087066e-11
2.3613601741336968e-12
1.6513592761664908e-10
2.1443679904817506e-10
1.7292944858649978e-10
