[0.0, 30.0]
-9.619550318202448
-0.027777890762897297
-0.00036443895424314806
8.292574768072787e-05
2.2364611795986604e-06
7.97054172244893e-08
-2.044087508678278e-07
9.001890168008786e-09
3.2076614480548115e-08
-9.158427093787578e-09
-5.315869877208691e-09
3.3748079223843585e-09
5.390352833710766e-10
-9.83383967490224e-10
-1.7919605333421747e-10
3.0756105201003405e-10
-3.1584010880305826e-11
6.831902809423988e-11
-1.484331357443753e-10
-5.1703915866589195e-11
-2.7933763427034575e-11
2.198002928812611e-10
-9.905236431222725e-11
-5.587820540026013e-11
-4.090528829271076e-11
8.501345087749904e-11
-3.0805839585688684e-10
8.165903143325108e-11
-2.9285911982333844e-10
2.187813763681305e-10
-2.585810538356417e-10
1.6695287972587343e-11
-5.5219343342773913e-11
2.359995479765236e-10
-1.647400051449755e-10
2.0299823223476922e-11
5.027683473545043e-12
2.5401494269225805e-10
-6.903122828374105e-11
1.809566571644967e-11
-2.1994694664902667e-10
2.1384577693133783e-10
-1.4811936220391484e-10
1.0393208212697303e-11
-1.5942659623963623e-10
2.1612196186285313e-10
-1.2349363502928056e-10
-4.32303390738155e-11
-3.845154192388433e-11
1.9445326874849706e-10
3.229998068512656e-12
-4.719972952452386e-11
-1.2664951407570715e-10
1.674341183881519e-10
-1.0381588375239076e-10
-2.624446859360795e-11
-2.582855332023751e-10
2.1177158700244424e-10
-1.313312762997671e-10
-9.10668052965732e-11
-1.0963565327481692e-10
9.539675441690132e-13
8.561969964637461e-11
-9.205958752069469e-11
-6.864023870016438e-11
