[0.0, 30.0]
81.92410241171055
0.2171581118957524
-0.0004551875400917297
-0.0004692759102033527
1.2242612312985758e-05
-3.106261160703215e-05
-2.9779478594601572e-05
1.627394267863211e-05
6.845592176161271e-06
-2.7829248239492343e-06
1.1776551710132758e-06
-1.0516378019298704e-07
-8.024914782147992e-07
1.587484530320438e-07
1.1981620804224702e-07
-4.723398484883361e-08
2.2184281709108374e-08
7.859953965872251e-09
-1.4133832331881785e-08
9.127618242360725e-10
3.1521064707192654e-09
-1.1508944903024996e-09
-7.670054794961132e-11
3.395265996904506e-10
-3.193552335399324e-10
-5.194114312272432e-10
4.727955000982888e-10
1.0974098054769576e-10
5.54552913119921e-11
-1.8225303657728e-10
9.621005828265973e-11
4.505430518729022e-11
-6.608590234322638e-11
-3.0268062671060633e-10
1.1526671259075591e-10
-1.9342446091082132e-10
-1.3530087140923776e-11
-2.7102773266068736e-10
1.2821457527086756e-10
3.3273868836888755e-11
-5.6647613238369955e-12
-1.6111857097121165e-10
3.5762784631563635e-11
2.524957537580541e-10
1.8959922061210356e-10
-2.50176609109605e-10
3.8771225531340867e-10
2.4537182019258067e-10
3.995070716704391e-10
-2.2717006779878934e-10
-4.486698738826641e-11
3.1235311129955897e-10
2.1640347230538965e-11
6.913300879602164e-11
-2.104794394858185e-12
-5.2609212869587174e-12
1.4194589138877264e-10
-3.4088297762242107e-10
-1.206903363135361e-10
9.394628057406873e-11
-3.5334807851780738e-12
-9.141433695602741e-11
-2.3267759833061852e-10
2.074439900539501e-10
1.7429441917819065e-10
