[0.0, 31.0]
-9.881463534495273
-0.02360535685278221
6.152786933649054e-05
6.186419398437144e-05
-1.475650584008391e-06
1.785353787200396e-07
1.485824345261088e-07
-4.223333443661072e-08
1.5453081180772444e-08
3.774876079160156e-09
-6.839146761620059e-09
1.2553192686073335e-09
1.9576815718826734e-10
-5.868599353692607e-10
-4.3324875612924956e-10
2.13988659481216e-10
-1.0862176438938012e-10
-2.306371776330585e-10
-1.2454019304597345e-10
-1.4517952162416747e-10
-1.7329239046501501e-10
-4.032348220759331e-11
-1.0523441414239248e-10
1.831835837366567e-10
-4.989503457530952e-10
1.0398588923592148e-11
-1.465976130539329e-10
4.847801242211792e-11
-8.037638116689267e-11
-1.6172921314699953e-10
-1.1426956024212158e-10
-2.0831884278423689e-10
-2.5950164725445183e-10
-1.3347775753527344e-10
-2.8495349153857354e-10
7.512465425275673e-11
-3.2603058236276414e-10
3.195526117564377e-11
-1.9682789291418265e-10
-1.6576022985432617e-11
-1.7437112789287997e-10
-4.4125818819325256e-11
1.8280543328274363e-10
-3.9256792082826655e-10
-2.2775620579660882e-10
-8.58558274989068e-11
-1.1782438485930584e-10
7.514400616309464e-11
-3.734628017966025e-10
1.840950540013507e-10
-1.930780494946871e-10
-2.8933391105913826e-10
3.6631112873049124e-11
-8.916826226772985e-11
2.016762698331465e-12
-3.6882445911401257e-10
-1.1658529144363186e-10
-1.6050856594750997e-10
-2.9149196924554343e-10
-1.6453254910552409e-12
-1.0238806170677236e-11
1.0400417467317953e-10
-2.2265566510240804e-10
-1.0590397828366939e-10
-5.860925108252589e-11
