[0.0, 30.0]
73.3549225374778
0.20935497760562174
-0.002196556630976759
-0.0004658815342092889
1.226048753372257e-05
-5.898656270580122e-05
1.0808785605422999e-05
3.0399733926915913e-05
-9.403714055407143e-06
-2.562098301698418e-06
3.276446058455179e-06
-1.8861640776751855e-06
-7.193913651636618e-08
6.934947307557116e-07
-3.4295739479827844e-07
-2.4759432908041735e-08
1.1761887641698919e-07
-6.143147735194444e-08
-3.790837149389479e-09
2.6390230349225415e-08
-1.1786612389673676e-08
-6.262713346088603e-09
5.7446743982714216e-09
5.428110281177341e-10
-1.700425389631516e-09
-1.0217916559206508e-10
6.320911577006877e-10
-2.4790546183638966e-11
-1.0242542169344148e-10
1.4689311895852423e-10
3.073762417591967e-10
1.6004884542448237e-10
-1.8571924845150212e-10
-3.7819821442930106e-10
2.0564731119802718e-10
8.407576221142843e-11
8.308278505060688e-11
1.8999350432138292e-11
-1.1166384885379292e-10
-7.992354849576134e-11
-1.5884551285482152e-10
6.278710154781794e-11
6.084521300132896e-10
-1.325469334315406e-10
6.418548304745664e-11
-4.421608362705182e-11
-7.36190559584719e-11
-1.3927094480304894e-10
-7.047461009590127e-11
1.099578603431079e-11
6.82305129700354e-11
4.6793320733788947e-11
1.5701686385823098e-10
1.8204291936632258e-10
-1.598039005451063e-11
1.8979505718768228e-10
3.0938137447674343e-10
-2.419004883265311e-11
-2.411847708710339e-10
-3.2700594517432087e-11
1.972209487973808e-11
-2.389266481728892e-10
1.891657771397608e-10
3.539578060480172e-11
9.407232149732551e-11
