[0.0, 29.0]
105.87094873696626
-0.11707947422891472
0.007901955713876977
0.0004164542173121351
-2.5963429054832978e-05
2.9490140454706765e-05
2.1975203402546656e-05
-1.559976427223668e-05
-4.046434116784975e-06
1.1914371651343692e-06
-7.126654083950401e-07
8.251327028043391e-07
3.1684887393892006e-07
-2.730689053335633e-07
-1.707078317710481e-08
1.4764909973440592e-08
-4.749383291054324e-09
1.5252113532477157e-08
-4.076792585923533e-09
-5.908063259691208e-09
3.3335212408921784e-09
7.63166435524659e-10
-1.3917491038749514e-09
-3.328208420076501e-10
1.3283366784597136e-10
-3.9995961207573603e-10
2.4799157608467043e-10
1.9328763966137425e-10
1.480324395281095e-10
-5.516747632224113e-11
3.6182992901257287e-10
4.930426198986466e-11
-1.2031148988715748e-10
-1.3533634114495603e-10
8.961308797217299e-11
1.3092607740515628e-10
-1.2386216705094093e-10
-7.690744009611298e-11
-1.1863825787446077e-10
2.0990598925872385e-10
-3.045356095394834e-10
4.8463452259397277e-11
2.0388839901826055e-10
2.252979343208804e-11
-2.329033162315461e-10
-2.8813279430871256e-10
1.0985925904673982e-10
1.3449219556313412e-10
-2.6517598150650263e-10
-2.942108814580671e-10
-1.487106827808038e-10
1.6148644482600347e-10
2.0692582907564351e-10
-5.292498533816119e-11
-7.657428452594182e-11
6.744628956091627e-11
-1.159896075290619e-10
1.517178414245235e-11
-2.4995610384814655e-10
-5.3651407766943525e-11
-9.528181125655008e-11
-1.0755552555734684e-10
-4.3189213471556107e-10
3.606597648285856e-11
-2.652411989838073e-10
