[0.0, 30.0]
-10.341190175985922
0.0321178687573512
-0.0011746153017428516
-7.559054963018217e-05
3.5781020318275825e-06
5.528260830494601e-07
-2.741132632561416e-07
-7.2776050398019646e-09
4.4771820485096306e-08
-1.2429351882105345e-08
-7.078480316328373e-09
4.548619391551899e-09
8.014762987114575e-10
-8.472709903386998e-10
2.2112388725400388e-11
2.9411351593470083e-10
-9.341521908423057e-11
1.5015597891707143e-10
-1.2414264873766633e-11
2.2709038689807102e-10
-1.5556846274519682e-10
6.979488098583226e-11
1.9979562781924292e-10
-1.7288110599576065e-10
-6.943998032545886e-10
7.320905616233024e-11
-1.5673044077074224e-10
-6.478664220915385e-11
7.897668024746998e-12
2.0202237016121251e-10
3.724970893693096e-11
2.0264192074408182e-10
-1.5103977274738938e-10
1.6271869701800234e-10
3.0894824039319846e-10
9.508899111180616e-11
-2.2310970846559133e-10
4.006269326191481e-10
6.643915193199714e-11
2.6706319044391294e-10
6.646417515040954e-11
1.0023165003834363e-10
-2.2023890593918473e-10
2.976788521689153e-10
-1.9597929426292918e-10
-2.1737929481613046e-11
1.1579468729499341e-10
-1.642087727280712e-10
-1.2305562029870502e-10
3.2427796189231157e-10
-2.986070583091421e-10
-3.753080146084692e-10
-2.7449002728816465e-10
-4.662778957318218e-12
1.5207382560908077e-10
2.817102798698541e-10
-5.7441395814148345e-11
4.080688767875668e-10
2.6549583220834584e-10
2.13584780462006e-11
8.962058958632964e-12
3.1058415807238555e-10
-1.726719474085362e-10
-2.2392555879287072e-10
-6.426799623220474e-11
