[0.0, 30.0]
73.40537973105381
-0.004894857342375458
-0.011974017113984964
5.748185463026798e-05
1.5038160684906657e-05
-5.8670834034274525e-05
1.4673803868914834e-05
2.604951447124328e-05
-3.3315956539756407e-06
-9.423180259439754e-07
1.6089673595255904e-07
-9.465553506359011e-07
-1.7181606798116425e-07
-1.5710115024363907e-08
6.10860063043715e-08
4.9535204736244e-08
6.319997492549356e-09
9.874475547481961e-09
-9.75382459171338e-10
-7.1723778928318614e-09
-4.676717156095114e-09
4.841727043523381e-10
3.1565254592211963e-09
1.0844506736849902e-09
-5.969673868753695e-10
5.590403386799989e-11
5.985466838261438e-10
5.151076152439366e-10
4.337019134653183e-10
4.211889747199128e-10
4.340535256465546e-10
1.9321308625793036e-10
2.913774549947588e-10
2.191640436874865e-10
4.01022484381123e-10
2.1990062941665584e-10
3.091995318491765e-10
8.208980907364437e-11
-4.5984616145644e-11
-1.2340000161833444e-10
6.481231420692182e-10
1.0343068626382579e-10
2.4659337217247932e-12
-1.7568453768519753e-10
9.295544187988756e-11
-4.324833460149888e-10
-1.6618648072627547e-10
-4.137735659296945e-10
-3.0213949153362683e-10
-5.336793277557863e-10
-5.379559526636326e-11
-6.453134659922174e-10
-1.643519665236197e-12
-6.509935404454226e-10
-5.659199707657743e-10
-4.2270283563136216e-10
-5.188896002594716e-10
-9.488766840433554e-10
-3.4319165405941774e-10
-7.165760413928663e-10
-3.5694883350731983e-10
-6.401612378192678e-10
-4.1299574860688305e-10
-3.35713742083564e-10
-3.554097350238467e-10
