[0.0, 29.0]
10.89382092389094
0.08876099452756832
0.0051623058395037875
-0.00019302229919659192
1.834585143728557e-05
3.869471768241936e-05
-3.319148496144717e-05
-1.5240048534042321e-05
5.779403596241786e-06
4.4732417245797706e-07
1.10367554599114e-06
1.1034717181623593e-07
-4.016675197826161e-07
1.5657913672494589e-07
5.294900410252879e-10
-3.301154237481749e-08
8.620500898557718e-09
-8.836548945227778e-09
9.817440840335037e-09
-1.5408526283075877e-09
-3.834890896379005e-09
1.540430147046307e-10
3.844534637815255e-09
-3.317744659454314e-09
1.2877642004482519e-09
-1.8915382337227963e-09
2.1792087614748682e-09
-1.9685422897227787e-09
1.3981888660941628e-09
-1.4383767134845111e-09
2.018793045910185e-09
-1.6917793536397952e-09
1.8139811865551527e-09
-1.7172108178076348e-09
1.6477226434794268e-09
-1.7858713897376052e-09
2.0179572782076276e-09
-2.063631362068393e-09
1.6320695001161264e-09
-1.6892733200794352e-09
1.6770084992636096e-09
-1.7149865607614393e-09
1.8909429424018434e-09
-1.4297582552466043e-09
1.4731152440729772e-09
-1.2255607112624173e-09
1.1468797145129903e-09
-1.143625680721457e-09
1.5355792527239332e-09
-1.5247400254604683e-09
1.0866855561701961e-09
-1.0323437897315794e-09
8.484034682945548e-10
-1.2313960226252034e-09
1.015302552556859e-09
-1.2000324642291752e-09
1.0552601899993177e-09
-1.2170471234487166e-09
1.140945574486308e-09
-5.046360896315459e-10
5.927645494402612e-10
-3.2608382609476295e-10
8.841376030689196e-10
-4.074653989846289e-10
6.631460330967399e-10
