[0.0, 30.0]
-11.433805068704999
-0.02175134797646477
-0.0013485334630328044
5.491218016744553e-05
8.406117312348412e-07
-6.734915934798044e-07
3.0304459423484454e-08
8.960873528122318e-08
2.2321004998260975e-08
-4.750588029082353e-09
-9.6896205411019e-09
1.360777258481137e-09
-1.509679781971491e-10
3.297523264841126e-09
-1.8389297166186258e-09
2.034906540906568e-09
-1.841864404070444e-09
2.3671434608393744e-09
-1.7687957817597984e-09
2.344054351169597e-09
-1.8297796531327836e-09
2.283035270788166e-09
-1.5789982610539633e-09
1.903642727798744e-09
-1.9913660900545903e-09
2.14269766823835e-09
-1.7716661868593513e-09
2.2240806429702037e-09
-1.858026005074699e-09
2.212646961533187e-09
-1.796279596136274e-09
2.178775930985781e-09
-1.6741372717783182e-09
2.046018163722357e-09
-1.7375667788625811e-09
1.8041972778920633e-09
-1.7709413723948616e-09
1.9253386187200984e-09
-1.944015866375417e-09
1.6953132828838028e-09
-1.5267824452213722e-09
1.7942050843787136e-09
-1.628128286741219e-09
1.572495160804591e-09
-1.5760491066975014e-09
1.4748160047605124e-09
-1.515401631985731e-09
1.908340980644347e-09
-1.5549121108305926e-09
1.463324536608204e-09
-1.5033066304686602e-09
1.5207391635221293e-09
-1.1679125160135633e-09
1.6221754477049041e-09
-1.2424952584432136e-09
9.657056802610038e-10
-1.0144505418233698e-09
1.2167244230280451e-09
-1.1238428270524127e-09
7.017544451019587e-10
-7.412094121272963e-10
4.2648134942886294e-10
-5.556088325313659e-10
6.024545594973062e-10
-2.7449032495754625e-10
