[0.0, 31.0]
41.24336855379797
-0.10238252036627922
0.007798583644195629
0.000367209345818255
-4.021859683756174e-05
-1.5360506822396922e-05
4.4203838893636337e-05
1.804820374145797e-05
-1.597154466079314e-05
-1.028736647452017e-05
1.2057896426482333e-06
4.121824494885319e-06
1.3217660837036863e-06
-1.0578521086409278e-06
-8.627968211561851e-07
6.934348335106626e-08
3.22927620108899e-07
9.360326791048997e-08
-7.708847730614844e-08
-6.09759843277805e-08
4.427525664628297e-09
2.2661329477873045e-08
6.417990713723288e-09
-5.355694176699765e-09
-4.040929005689751e-09
6.169887592702538e-10
1.8571908030808562e-09
4.475047881940831e-11
-3.19373810292746e-10
-3.734955676969992e-10
-1.573348004137826e-10
1.7073382746679498e-10
-3.014696034625796e-10
-6.72547771703568e-13
-2.0950382090371222e-10
-1.7872174285457662e-10
3.4064680359805216e-10
-4.6064241977502543e-10
1.558543347192044e-11
-3.9264861918524994e-10
-1.506122539340677e-10
9.705086662193898e-11
-1.6293295903340314e-10
-8.219197984129827e-12
-4.16170575705135e-10
-3.4293458690167823e-10
-4.421444623645733e-11
-6.034921690658855e-10
9.39479861771743e-12
-3.263171495894765e-10
-2.3939331921026853e-10
-4.74073766703301e-10
-1.2738124421479608e-10
3.243303075734472e-11
-3.8056490661011276e-10
-2.376580430562935e-10
-1.7467593637500832e-10
-3.230095912471304e-10
3.6647554020930436e-11
-5.553244679072859e-10
-1.3051301911174e-10
-9.554754749134745e-11
-3.8361937691650704e-10
-1.8716700775116922e-10
1.5422961012867437e-10
