[0.0, 30.0]
296.9786676691076
3.456905201347789
-0.2071745759813204
-0.008411506502815216
-6.054663574534205e-05
0.00010629303114268935
-3.800669427297669e-05
-1.0644192563405188e-05
1.601767881835733e-05
1.9472211530736526e-06
-4.971535933614887e-06
-9.636387546940994e-07
1.2622285304274246e-06
5.199808642824645e-07
-2.3365340432891278e-07
-2.2233968247737927e-07
6.451457160524322e-09
7.064154517732217e-08
1.9851763300990622e-08
-1.5511934572793612e-08
-1.2198987601113646e-08
1.9994478357836557e-09
4.043700207418052e-09
3.9463043883883225e-10
-1.3074890004418841e-09
1.1451448884478079e-10
1.6834572544909186e-10
1.9301800412563926e-10
-3.883166693391445e-11
1.4613677693363596e-10
1.2014741571281977e-10
5.880390617419094e-11
4.906933175429735e-12
2.5861931348146292e-11
-5.408011562967405e-11
5.6628681328696505e-11
6.731075093567297e-11
-8.329850670250325e-11
2.8416828557820056e-10
-1.3788858756733337e-10
5.901723108045467e-11
-1.1934959297152883e-10
4.5087822438519057e-10
-3.459289070130764e-10
3.289038659630001e-10
-2.5598605015820485e-10
1.2225567969324662e-10
-1.595503917111056e-10
-2.5926194011030495e-10
-3.2054072581809293e-10
-1.999067375472882e-10
-2.670787097858039e-10
2.9017226563865354e-10
-4.154861794271894e-10
-9.916155952882786e-11
6.688887777093747e-11
-1.9199427521336265e-10
-8.460003367901142e-11
-1.4506670075426343e-10
5.659062595463558e-11
-5.159377863733552e-12
3.070051895752748e-10
1.2333512966018423e-10
-3.2919803643739025e-10
3.7016918719462045e-10
