[0.0, 29.0]
345.1863917568791
5.901840485886839
0.016584457728110017
-0.001898257124082514
0.00010127854852812317
-7.949810532639927e-05
-3.9843754765607284e-05
1.847179426472595e-05
1.6529480927705107e-05
-3.5151124864650357e-06
-5.702215655877336e-06
3.7716596663293024e-07
1.8836878192041947e-06
6.197088693661643e-08
-6.047112103737976e-07
-7.260080869047269e-08
1.88827154551358e-07
3.9627094887869985e-08
-5.739179678900394e-08
-1.7540047526185174e-08
1.7007568401294465e-08
7.536623302886816e-09
-5.141865268541767e-09
-2.26962226046219e-09
9.68134853438279e-10
7.636649871189061e-10
-6.128664308925353e-10
-3.0756656803571827e-10
-1.8591190798105012e-10
1.1177804055508964e-10
-3.93784199406906e-10
5.147425637726615e-10
-1.4486253493109368e-10
1.217775632499037e-10
1.0098716899138921e-10
-1.687296878129436e-10
2.9728727814639143e-10
-1.156069261530799e-10
2.3780479659235375e-10
4.2599980494686666e-10
-2.369193868840736e-10
-2.2008745268664828e-10
5.916253452945693e-11
4.090256605348078e-11
-2.685728886973024e-12
-2.095417818413298e-10
2.747477105920946e-12
-1.213605648362406e-10
7.603322438751955e-12
-1.2797521309075542e-10
-1.9905531949223008e-10
-8.60994674600796e-11
-7.434082536536722e-11
-1.8408253660916151e-10
3.4437870634906316e-10
-2.2373324069331846e-10
2.355071358590012e-10
-4.025255071507285e-10
3.498179132303956e-10
-6.989036340238183e-11
3.504997510501782e-10
3.904979301665125e-10
1.228521854416425e-10
2.3202185719845076e-10
2.4031301434032885e-10
