[0.0, 30.0]
0.8541490897658509
-2.98538252250727
-0.07977291014497602
0.03121077038388944
0.0009296335023999672
-2.4812862320971863e-05
-3.9624493844676214e-06
-1.4099071652079452e-05
-1.3328054321737724e-05
1.179132270064302e-06
5.432536881691694e-06
-2.8096208904035784e-07
-1.8624216455730985e-06
2.591842265469319e-07
6.107104403147717e-07
-1.6878793201545862e-07
-1.9052069799990707e-07
8.463498678683625e-08
5.2988304399695725e-08
-3.580780239953055e-08
-1.3726003359007094e-08
1.2052426614064507e-08
2.81591608535908e-09
-3.4384968237469747e-09
-8.869014723661458e-10
5.019683484985458e-10
-6.881029786170115e-11
-5.127865678301669e-10
1.7822083343620663e-10
2.1173123436383285e-12
-2.116820024568557e-10
-2.7696222803857656e-10
-2.2519047297902222e-10
-5.597998916896558e-10
-1.415664411707465e-10
-3.98902742132416e-10
1.0585760641626347e-10
-3.65344320273488e-10
7.645009141681485e-11
-2.340644637574e-10
-3.855175304711477e-11
-2.1676166110693135e-10
5.393555574738425e-11
-1.613701818034342e-10
1.2298322727317847e-10
-4.9196766446057e-11
-2.8624710239491646e-10
1.2105385998389522e-10
-1.6590428631144526e-10
3.8245729604869574e-11
-4.3854335555761416e-11
2.021846818500649e-10
3.94040807523077e-12
5.478782686543574e-11
1.2254447139776962e-10
-1.3380551586310985e-10
-1.7240699425316975e-10
-1.97737037998784e-10
2.2072906437196813e-10
-1.4373287726480355e-10
1.5557760782451912e-10
-3.0814830542943765e-10
-1.5098003650774323e-10
1.7702304660303058e-10
3.5596689138517837e-10
