[0.0, 28.0]
23.387093667134916
4.3883561524707915
0.08954292620701317
-0.004375058012562406
6.17533462483007e-06
3.258535267950082e-05
-2.165651895979475e-05
-2.8190913557779675e-06
7.083491748441748e-06
-2.0409531675597173e-06
-3.637746131506444e-07
5.577087030663008e-07
-9.578224579879919e-08
-9.295017188855245e-09
-8.164611697745028e-10
-1.1641999904580174e-08
1.1935069582224153e-08
4.846702962206342e-09
-2.177040850304482e-09
-4.290104882479859e-09
-1.446818131011158e-10
2.166236351336116e-09
7.483308786541514e-10
-6.973216859312288e-10
1.3540181064661044e-10
3.6229808984695835e-10
3.9202169665729137e-10
-2.6342260398848816e-10
4.382073220292345e-10
2.300520325804343e-11
4.4614162107565673e-10
1.5072449231964656e-10
-1.021358246760373e-10
-2.956240634860203e-12
5.287991168825728e-11
1.4421538597066242e-10
2.9125549015877707e-10
1.1591354187455587e-11
-3.667599169596632e-11
9.334762421025366e-11
3.1761720522973473e-10
1.439392421064184e-10
-1.5108282206836679e-10
5.27243450231256e-10
-2.5906524957714827e-10
-8.433451860136403e-11
1.7233366814433556e-10
-5.487140701136996e-11
2.3982849210430057e-10
3.025162308875908e-10
4.585667975514225e-10
2.0539850955729962e-10
3.115479757365023e-10
4.574153102274177e-10
2.5710756147882057e-10
-3.313735249667154e-10
4.22701637824982e-10
-1.5399901740507563e-10
1.8886445234295585e-10
-5.791320268173634e-10
-1.480742302322846e-10
-8.786949625774972e-11
-1.2894831725842997e-10
2.2887279874100019e-10
2.4385141537887682e-11
