[0.0, 30.0]
-8.660967226866786
1.1249397091357092
0.030900346339402807
-0.006730892648020685
0.0001123147783521223
4.428222027158278e-05
-7.03782500141165e-07
-1.4793008908255196e-06
2.725855560185521e-07
1.718171679667928e-07
-6.159516405826905e-08
-1.8615010636208288e-08
8.699686686294365e-09
1.4742759310503116e-09
-1.645640941115421e-09
-1.6034291981135915e-11
7.556899719822755e-10
-2.291504551469742e-11
-1.802622516866713e-10
-2.6876064442041304e-10
1.2518858602931702e-10
-4.389306815561557e-10
7.456294066351058e-11
-4.680288008433378e-10
-9.819813432923709e-11
-4.5319677605085563e-10
1.6140984298618627e-10
-6.184009636962156e-10
-6.29612226921268e-11
-1.4874561605514429e-10
-9.515677528631118e-11
-2.4210411018934715e-10
-3.5487337880450316e-10
-4.195436207152843e-10
-2.3955304722163754e-10
-3.05128924182546e-10
-3.615054169469257e-10
-1.8205200724147218e-10
7.78699184753097e-11
-1.6582516235705644e-10
4.303698031933237e-10
-3.0542872258240207e-10
4.6152714560476954e-10
-1.741353224832966e-10
3.326992058666774e-10
9.908506691822266e-11
-7.161307283764401e-13
9.92525748079421e-11
-2.0724756770648595e-10
1.183656426397608e-10
-4.926118877472663e-10
2.0322568444842445e-10
-2.670042016690505e-10
1.4192415965522136e-10
-3.7314944438681076e-10
4.0429857589856237e-10
-4.033916895088044e-10
2.9716144658630035e-10
-2.0980067620892177e-10
-4.4313054402495175e-10
1.3699048445760301e-10
-9.458481137141294e-11
1.4408603934974513e-10
-3.7552524548695405e-10
-2.3903523604658098e-11
