[0.0, 30.0]
7.06731882108221
-0.3287035851177576
0.014540180244286122
-0.0002952620123795107
1.2824348433277067e-06
-6.141675484444943e-06
1.14124882239991e-06
9.038576976487638e-07
-2.6317837773329876e-07
-1.702594711430425e-07
7.141307864007475e-08
3.788715084000322e-08
-1.9570852710658697e-08
-8.147082258727479e-09
5.607556648450795e-09
2.1062502604572644e-09
-1.5645549338627651e-09
-1.5304876110626043e-10
6.06268966339342e-10
2.814707479832668e-10
-1.0275431614063538e-10
1.4699754158257351e-10
3.9246031784030106e-11
-3.988836733681158e-10
-3.6944018493507833e-10
9.652387393132617e-11
-3.1367468442336536e-10
-1.897802386860235e-10
-5.722529100924468e-10
4.220721585802995e-12
-6.219834858745354e-10
-1.4965195483902524e-10
-7.972689692038227e-11
-1.5243635143329176e-11
2.2937412160059736e-10
-3.7696355098108274e-10
4.824112982613494e-10
4.1688469206388886e-11
1.6532903637348506e-11
-5.932336012099594e-10
1.631312596503322e-11
-3.2792064089759343e-10
-9.291870676625158e-11
-1.282276452650109e-10
4.1392248948574097e-10
2.428613520128174e-10
4.960398281160688e-10
5.632245087302963e-11
2.745014243641907e-10
3.9158506310369933e-10
-1.614972322226753e-10
5.113925460852824e-10
-2.636807665828266e-10
8.088131132181261e-10
-4.145840179565025e-10
9.11001409154045e-10
-3.604123708187567e-11
1.987387077448722e-10
1.181631456443267e-10
3.406638969129549e-10
5.972319755325318e-11
-1.1654106965420583e-10
6.721832457328311e-11
3.7263257834722236e-10
1.5974297634477715e-10
