[0.0, 31.0]
4.7802875636013225
0.2886539953211003
0.007164364154828438
0.00031358924664892684
-4.633449321269425e-06
-1.0945854615254078e-05
3.880238138184487e-07
1.3694448317971663e-06
1.0265010404212989e-07
-1.4412369006396008e-07
2.4183107599718726e-08
-9.47316014250683e-09
-2.1524447913694644e-08
1.919125786646267e-08
4.613650408343457e-09
-1.029726183953015e-08
9.168258392394429e-11
2.987683037425456e-09
-1.249235278246259e-09
-6.1211938134106e-10
6.780841646282671e-10
-3.6036840652352684e-12
-1.68673729295759e-10
-4.9539715095869414e-11
5.398730062747429e-10
-1.0778019225670422e-10
3.6628769743008526e-10
1.0376727505719834e-10
4.302607656600293e-10
5.179363138879814e-10
1.6646901321727754e-10
5.739395472492388e-10
-1.1200473188026371e-10
3.332348774100679e-10
1.8087087476537054e-10
2.5286521936663606e-10
3.1317338216993714e-10
5.245857184146867e-11
4.783482735398743e-10
3.5107908961313773e-10
-6.077039639182041e-11
6.9528366748540295e-12
-6.6022459295983335e-12
-2.4183015648373914e-10
-4.027934073060578e-10
-2.8935718441478605e-10
-3.3546946525186396e-10
-4.5345541848185135e-10
-1.6665597980982395e-11
-4.3573213413227885e-10
-5.82083900433409e-12
-2.749584945084541e-10
4.991575921185549e-11
-4.108809489714746e-10
6.589219694094022e-11
-2.918864773428319e-10
2.731113006408495e-10
6.929529436318314e-12
5.832639674858426e-11
-1.597448323256856e-10
7.672709167393134e-11
2.922274962331021e-10
9.248804540910938e-13
-3.670641742536345e-10
-3.3095064466491597e-11
