[0.0, 31.0]
186.12059200798234
3.7172328833218122
0.16491147499501335
-0.006140330937837159
0.00037987343553238194
5.308428489773462e-06
-4.607014040300693e-05
-1.9050673088214914e-05
1.3711354107960719e-05
4.70955842761815e-06
-5.413259854931029e-06
-2.628661565481312e-07
1.7393692012579207e-06
-1.6250812566048375e-07
-4.518904780415244e-07
7.862094181987402e-08
1.1669730704525656e-07
-2.6428340747491494e-08
-3.330694910204897e-08
7.634145105302927e-09
9.363775269595494e-09
-3.802119096963908e-09
-2.5254163871761423e-09
7.833266789621894e-10
4.671189688443919e-10
-4.299600612706183e-10
-1.7592792046942828e-10
-6.666329542699721e-11
9.852285078265087e-11
-1.4384258324878123e-10
-7.615137503611692e-11
-3.832920691919981e-10
7.788637142453345e-11
-7.976131356239997e-10
-1.7384267577769028e-10
-6.244887828113741e-10
2.8976112386515647e-10
-3.386508954198255e-10
4.116893260244215e-10
-5.793868076874432e-10
3.4592464731682194e-10
-3.142859888681692e-10
2.6896393841328e-10
-1.1806773795061668e-10
2.6003405938546557e-10
6.037997727520474e-11
1.9909580314930813e-11
1.2649194125982903e-10
4.707411029208788e-11
-2.5730290565456673e-10
2.752763173490123e-10
-1.1049041586410675e-10
4.257848608301606e-10
3.1623003894883395e-10
2.963564231681601e-10
2.471082553840101e-10
5.682808902570354e-10
3.4228504175949753e-10
3.9673362951034467e-10
3.5477325098609463e-10
6.15010411015058e-10
3.1763796702161555e-10
5.297884984666758e-10
2.7626228366562163e-10
2.375332942654306e-10
