[0.0, 31.0]
6.818398601322437
0.37129612939761725
0.014577090432138066
0.0003506730748237457
-1.6616113474219589e-06
6.6053229340868e-06
1.951079084966378e-06
-5.789495885566816e-07
-4.555405459637017e-07
2.3942758087197036e-08
1.0952349001347607e-07
7.435642863074367e-09
-2.4097660610292482e-08
-5.494221193474593e-09
5.138296216715267e-09
2.069199082830761e-09
-6.688031779061973e-10
-1.0578751309965044e-09
3.058668125743323e-10
-6.728085159943807e-11
2.156277460572162e-10
-2.577549630529781e-10
9.311091774744013e-11
-3.28950429201152e-10
1.3098001503318854e-10
9.66445347722329e-11
-9.107104049594788e-11
-6.083228306766524e-10
-3.225486416365703e-10
-2.540696064777867e-10
4.63430132049473e-10
-4.645224479636214e-11
1.9795725408108997e-10
1.9925428359873357e-10
1.142838561668388e-10
3.9215807968746035e-10
-2.820341399115383e-10
1.652781602801423e-10
-1.1979888500800285e-10
7.34472387617646e-11
3.0950476887920927e-10
2.1795151433687583e-10
-7.33595326565239e-11
1.592859535881299e-10
2.3025608608106904e-10
-6.542717103360627e-11
-5.024426613296203e-11
-7.673144948057385e-12
9.426560711350004e-11
-2.5294625415024367e-10
1.434524698751266e-10
-2.7449540742465356e-10
-1.2273175064745326e-13
-1.3209800684682529e-10
-3.5903930345287937e-10
-4.277234908610103e-11
3.8463691940770043e-10
-4.2213018751584356e-11
1.5988614316570646e-10
-1.6493919851036598e-10
2.945220113634465e-10
-1.8326546925843352e-10
4.3238794230065757e-10
2.400795268445056e-10
2.097769151293731e-10
