[0.0, 30.0]
115.72381787619186
4.9252532085957785
0.042804995649663724
-0.0025987963347850877
-9.759590936056045e-05
-5.578647990220328e-05
3.796617643985318e-05
2.608391481414594e-05
-1.3353448815939082e-05
-6.797477466545923e-06
5.012532511584406e-06
7.332754985787942e-07
-1.4205289328018064e-06
2.477253328466816e-07
2.390750627063734e-07
-1.600944607566313e-07
5.4795198433268975e-09
3.9933202318780945e-08
-2.020440100051617e-08
-4.5391477580049836e-10
7.606287086996614e-09
-3.2097922272190227e-09
-2.572492210273583e-09
1.9436940196977557e-09
1.9388735673144062e-10
1.2100057759993175e-10
-4.142965410012829e-10
1.4517473716453663e-10
-2.2472051778141424e-10
2.220564625660689e-10
-9.773282868152141e-11
-7.089929556192333e-11
-5.523665661672192e-11
3.128375778827447e-11
-2.2152489955815079e-10
-9.237384068863255e-12
-1.171796866545452e-10
2.280968601228923e-11
-2.873717685658289e-10
-1.505542215052336e-10
-4.0563310722113305e-11
-3.840076164400067e-11
3.208711960530939e-10
-3.1688586763424062e-12
7.695866323207331e-11
-3.970990373424097e-10
2.105929094654134e-10
-1.0880607374109523e-10
3.734651355060211e-10
-1.1225097051219201e-10
2.5819359476939694e-10
7.172127982240762e-11
1.479043015354957e-10
1.0369833010176566e-10
2.0737816522216637e-10
9.348465851585281e-11
8.199311453752296e-11
8.936887848069962e-11
3.819871516260445e-11
-1.1725054420929697e-10
2.953274379490768e-10
2.4769315219599244e-10
4.885338417485224e-10
3.7978519789816147e-10
2.209655993929501e-10
