[0.0, 31.0]
185.383743870919
5.371033036110447
-0.021933575978198207
-0.0029906794819668774
0.00010324136509752018
5.0444120295977715e-05
-3.66534440139306e-06
-2.1261339406200185e-05
-6.105819327667521e-06
8.98738640853873e-06
1.4505708448504552e-06
-3.6473887572225606e-06
1.9027020787254995e-07
1.3702048891666744e-06
-3.953745931279869e-07
-4.475157380616049e-07
2.614835144387083e-07
1.1159743089923675e-07
-1.2577449524961044e-07
-1.571348369480629e-08
4.760686947133207e-08
-2.712157399129297e-09
-1.524773476832727e-08
2.0182065600203426e-09
3.633112522298097e-09
-7.231431408791118e-10
-9.132857101972775e-10
5.046183518668214e-10
1.2723414464531435e-10
-1.0224958485969995e-11
-1.4765479586455843e-10
6.096193547886343e-11
-3.172682047907203e-10
2.1913733806856457e-11
-1.6148387973258805e-10
8.143603358141364e-11
5.6651173701065126e-11
-4.7031136641291623e-11
2.562303006847761e-10
1.992958103287007e-11
3.6444149716002333e-10
2.9698317286013486e-10
3.459359078808338e-10
-1.1227894131806567e-10
1.7069585888207365e-10
2.649712811754301e-10
1.9480382187913548e-10
3.6625254531137613e-10
3.051276767253357e-10
6.291513374233483e-10
-2.660634817166324e-10
2.393124259725214e-10
-2.176021335253742e-11
1.5497032116737005e-10
2.12600958874546e-10
3.120657360232499e-10
-1.8969508413583687e-10
-2.3925826823446503e-10
-1.7970976444918126e-10
-1.0380848881857294e-10
3.071505931734141e-11
4.298724849156426e-10
5.161397834360844e-10
-2.783916508267374e-10
2.8683655897857266e-10
