[0.0, 31.0]
1.0426505153600991
-0.6049831490060273
0.018434056615480816
0.00021917454810387526
-9.907653067018965e-05
1.7685490324625602e-05
-1.4541443391829155e-06
-1.4296313277342845e-06
3.156367934423341e-07
1.603423009197422e-07
-6.924704927445727e-08
-6.9936237327173635e-09
1.3094281680105489e-08
-4.098436336549617e-09
-2.2498137731205494e-09
1.4854442093116111e-09
-1.419456982144216e-10
-7.241645734412404e-10
-2.2654334341477684e-10
8.558698874634579e-11
-1.1459869957420432e-10
-3.0061959193507285e-10
-2.344830580452118e-10
6.32430583264857e-11
4.326916604693201e-11
-9.791065306749887e-11
-7.118737568537609e-11
1.6010371956035743e-10
2.6651902014671036e-10
-2.813629812850025e-10
1.4754472519523737e-10
-3.7089974061727413e-10
-6.824028708716716e-10
-2.654073491408918e-10
-4.2278931667468174e-10
-1.0321305287170698e-10
-1.5744402496581435e-10
1.9752798132760698e-10
-2.2593448901394248e-10
2.3913698765087737e-10
7.677600364819912e-11
5.568972052363463e-10
-7.160944979206104e-11
2.9971423533771286e-10
-1.179293563931448e-10
4.327091099628706e-10
3.8367929706699575e-10
4.415829733885334e-10
2.4813427614034997e-10
6.545696506351678e-11
2.308816874112253e-10
-2.1798640908385404e-10
-7.686405840320832e-11
-4.215231307840916e-12
-3.386323603353834e-10
-1.2154518119029066e-10
4.499673437051195e-11
-2.9564649881372496e-10
1.9795156152602972e-11
-1.858065585937747e-10
1.2244565093400086e-11
4.68640685066969e-11
1.554802660930184e-10
1.0155082561303805e-10
2.0983550961516242e-10
