[0.0, 31.0]
-12.324236250211738
0.9519728553161798
0.004407593383465525
-0.004302513596864222
0.0004003201063314649
-1.4381454320157035e-06
-8.162032768261922e-06
2.5928977422976678e-08
-6.567182130407033e-07
8.741837506337632e-08
2.2342917214081218e-07
-3.5815697558186196e-08
-1.954695685701111e-08
2.3291456103499756e-09
-1.5265984572617568e-09
1.9319196848799366e-09
7.222490803026192e-10
-4.2765532694732405e-10
8.740515102326757e-11
1.2870453722370775e-10
3.798284316100454e-10
-9.897498192512576e-12
4.6513688345883383e-10
-3.713481699828015e-10
4.5343450192814016e-10
2.438867581696043e-10
3.6982466343284354e-10
-8.698125659013037e-11
3.5163824541662525e-12
1.2208228834595106e-10
1.6194576708390094e-13
1.9646746274682176e-10
2.2685355726105205e-10
1.671020928872469e-10
1.7799177219004716e-10
-4.98608879115084e-11
1.074517520477523e-10
-2.2690372255984398e-10
5.8311626999639e-10
-3.5925763985787806e-10
8.302101832231117e-11
-1.5051861455609714e-10
-1.3495944829719029e-10
-2.2556686245936554e-10
-3.7938157531263155e-11
-2.281371266294615e-10
5.84717288327646e-11
-4.877244812888784e-10
3.4891380488193246e-10
1.7504630378905423e-10
3.5250092492166825e-11
-6.095005121783501e-11
-1.512008557972503e-10
-6.545761142798288e-11
-7.435408037788585e-11
-1.6975737649895374e-10
-2.3420460445325307e-10
6.009608270910092e-11
-1.290658972554394e-10
2.5764343319855774e-10
-2.5463291551272963e-11
-8.561531924510088e-11
1.1737661641769676e-10
1.4874886540574004e-10
-2.188104536373708e-10
