[0.0, 30.0]
0.9688958012238232
-0.3266849039755671
0.0020704866049927107
-0.00028860832319224346
-1.5366099457323353e-05
-2.4358874730010016e-05
-1.0984549826606379e-05
5.346847535820094e-07
7.941270259533576e-06
1.066983886305209e-05
8.686946669629988e-06
3.5459038535850873e-06
-2.0243048500211964e-06
-5.573989935429419e-06
-6.041152902707422e-06
-3.9053840899188115e-06
-6.121318961063712e-07
2.2265950150962698e-06
3.536878582250032e-06
3.1011703418876867e-06
1.4755000839595417e-06
-4.1421404968399824e-07
-1.7266284017623605e-06
-2.0445688480504145e-06
-1.4469173961272464e-06
-3.798957309665506e-07
6.171055415694244e-07
1.1430022823776987e-06
1.084877421365742e-06
5.878074178721232e-07
-4.477439525500416e-08
-5.255956262164751e-07
-6.83503777983835e-07
-5.271902459840261e-07
-1.8427155572930879e-07
1.591111755334341e-07
3.6456204616385835e-07
3.731831678338875e-07
2.2695170685301792e-07
1.5988910282861616e-08
-1.553595388723712e-07
-2.272188748685749e-07
-1.8837432205301364e-07
-8.1737808919165e-08
3.722026203905345e-08
1.1316547191800024e-07
1.275689810281451e-07
8.379440970863457e-08
1.675513795689738e-08
-4.5756534708724426e-08
-7.411014405635538e-08
-6.834975737706944e-08
-3.3685507111737866e-08
4.881448767190457e-09
3.516899377796151e-08
4.050735702266337e-08
3.1397804611455474e-08
6.913068540027357e-09
-1.230914080961238e-08
-2.654951907544449e-08
-2.352066258598816e-08
-1.6195031337434597e-08
-3.463285160796183e-10
5.845491492704263e-09
1.2731312855169819e-08
