[0.0, 31.0]
-6.308478819172504
0.282448032591436
-0.009330652009999761
0.0003301401174060287
-1.0138587989126328e-05
-1.4602287279142508e-05
2.812607924944307e-06
1.3641167171347487e-06
-7.959023536673126e-07
4.0480111585565233e-08
1.4549458039431446e-07
-6.7828503413796e-08
-8.864467669395058e-09
2.1652257213853303e-08
-3.5545150570906087e-09
-3.3799466322801587e-09
3.622453609355609e-09
2.9727465192625796e-10
3.1256978872053433e-10
7.19117950296291e-10
9.577731225959191e-10
4.184548147948992e-10
5.909255696080298e-10
3.4396968018658896e-10
3.9145604944560793e-10
3.685758790763371e-10
7.327016274319335e-10
5.073631231110725e-10
4.96299909977889e-10
4.116861918554496e-10
5.304461178505349e-10
3.414143742398731e-10
5.725848741750341e-10
5.38829517010483e-10
6.734418535091067e-10
3.3650172728707897e-10
6.160155447157645e-10
1.2338815990209992e-10
8.034787695582881e-10
7.573690619167654e-12
2.8301810018454444e-10
1.6080723889981548e-10
3.0990637922730895e-10
6.515422583315127e-11
3.521363321067078e-10
1.9640838541743674e-10
3.4269745136249626e-10
5.1153237441759755e-11
4.4578755432465804e-10
2.3309233824203316e-10
1.5815822047064184e-10
3.493670954504612e-10
1.1135047941411813e-10
6.159707088757956e-10
-1.7829981741023998e-10
4.2645333077161885e-10
9.08110126974249e-12
3.755446771485133e-10
7.641931667269838e-11
3.4011403661671433e-10
-1.8105416165024622e-10
2.9443304100481045e-10
-2.5301402303420706e-10
2.094040731979148e-10
4.3518081791319825e-11
