[0.0, 31.0]
-2.5758892146969607
0.6793787872524574
-0.024397450041624014
0.0008495737394411539
-9.37092196675767e-06
2.7526623499917668e-06
1.050983652272038e-06
-1.1050321309595091e-07
-5.7326470399116655e-08
-6.34915751161751e-08
1.2038908316065143e-08
7.777434012271526e-09
-2.745600428478413e-09
-7.556393108440372e-11
1.2167557250566168e-10
5.444271570156392e-10
-7.440793868866361e-11
3.761111346674111e-10
-1.4686672395598306e-10
1.6376593702645233e-10
-3.3036427080276517e-10
4.092993485905094e-10
-2.832185607478775e-10
1.4547402494075953e-10
3.2545417515221213e-10
-1.5489799216670606e-10
-1.0104545263129675e-10
-2.155314215485813e-10
1.9232135354483087e-10
-4.855060286891896e-10
-1.6212637937917142e-10
-3.8516953858133354e-10
3.48088477006669e-11
1.242950892755094e-10
-1.5283113147856484e-10
-2.9455339718656996e-11
-2.231821579087732e-11
4.1477542211819563e-10
-1.9231992162757096e-10
-7.902280950760829e-11
1.0589206083507532e-10
-1.0097509411403234e-10
1.0792014366560663e-10
-2.5197865174616367e-10
1.6566064818922438e-10
-3.695158952594528e-11
-2.1116229184859974e-10
7.634167367678952e-11
1.1643826364283959e-10
-1.7136657669274783e-10
-1.5240987694762281e-10
-1.0634549163965962e-10
-1.1420164428100461e-12
-8.962705564925352e-11
-7.797520749180618e-11
-4.4163085203412285e-11
-2.9975260211924337e-10
2.2865061926008565e-10
1.1912436112198122e-10
3.962486329207569e-10
1.0287110716365702e-11
4.376005269330386e-11
-2.8436697460907366e-10
2.591199473189542e-10
2.0062675837530765e-10
