[0.0, 31.0]
163.7468226560242
-2.976202001492415
0.11903704883550673
0.02913623164012434
-0.0012248142630487953
-0.0002975658083692066
6.157048915441983e-05
4.818444242360241e-05
-1.9277536174172324e-05
-1.4494729217634641e-05
7.512664538403434e-06
4.376982245791171e-06
-3.021513100340068e-06
-1.3168709399037363e-06
1.2218186864582295e-06
3.845437634546428e-07
-4.896462752122103e-07
-1.0567911601874978e-07
1.886819674169714e-07
2.608435803558939e-08
-6.593325548820634e-08
-5.277023008524808e-09
2.0472603350889887e-08
9.79705777076314e-10
-5.245217253777018e-09
-8.305560746103704e-10
1.4538782800290985e-09
-7.032556191197231e-10
-8.011482365169539e-11
-3.702601428922553e-10
2.2449196748383598e-10
-5.698470795372346e-10
3.472367805451445e-10
-2.146509339562758e-11
1.9356498057582085e-10
-2.7781430540153882e-11
-1.029516549262359e-10
-4.601459987654387e-11
2.264535696472789e-10
2.0689144828038554e-10
3.8240890195529766e-11
4.70614985358752e-10
-9.54074471418073e-11
2.2745746821131034e-10
-7.001352359723281e-11
4.794954640092969e-10
9.369056472420744e-11
1.051565639548501e-10
2.3101880620214672e-10
2.1673982720539024e-11
-3.66075427347212e-11
2.6045648143533996e-10
3.34609414687097e-11
1.3868063501103223e-10
1.7883674022315214e-10
1.4100009044834207e-10
-8.262496853478158e-11
5.249929942634129e-11
1.9122518213787795e-10
-1.4371050176018385e-10
-3.513496723498748e-12
-1.7340139992016174e-10
1.2366181555269335e-10
-2.648488557066277e-10
-1.070739082274344e-10
