[0.0, 31.0]
4.6218577876772615
0.17288121188352026
-0.020316239018117403
0.0017842417732508485
-4.87544523501551e-06
-9.873008743449334e-06
-6.455186889221757e-06
1.8302669222087245e-06
5.860266506473788e-07
-4.022644321184381e-07
2.5978275835192486e-08
5.71083594618694e-08
-3.115738549853256e-08
-8.603612187086478e-10
8.520932261825566e-09
-2.1604881704956203e-09
-1.7144300410123274e-09
1.100119280660945e-09
-3.141390026305441e-10
1.3378522096089025e-11
1.4322939230489285e-10
4.960902904941633e-10
-3.508114819965391e-10
3.5897911121905143e-10
-4.2609771722472254e-10
2.3135915756149008e-10
-3.4226418624373424e-10
1.270586211053737e-10
-1.5814294078705848e-10
-1.4453559977054193e-10
-5.040712407979332e-10
5.853439538337853e-11
-7.363024655050177e-11
-3.7753907674120584e-11
3.535353258821918e-10
-1.1442433231057255e-10
2.1546543729700473e-10
3.647611851585233e-11
3.791898444107752e-10
-1.6429899127045033e-10
3.0446118070178095e-10
-3.018728814081343e-10
1.3225742151971768e-10
-8.539703922887081e-11
3.603989056731077e-10
-2.443638351514906e-10
7.460964261711019e-10
-6.231546377840866e-10
4.6001448167825816e-10
-3.67621038703235e-10
7.135246764095863e-10
-5.20824133935796e-10
6.219250790842189e-10
-3.73735442197034e-10
7.298632698656713e-10
-2.805124565874008e-10
7.62932528495033e-10
-5.808258937549748e-10
3.3839844590640775e-10
-3.0592710326079023e-10
1.6495935841990624e-10
-1.078760229555809e-10
3.767616497244154e-11
-1.370197483530752e-10
1.8540584192188584e-10
