[0.0, 31.0]
13.628018186025127
-0.5061709694875212
-0.3627294768911452
0.0014258163549303077
0.001716397922106364
-2.593370075183972e-05
-9.682764859911323e-05
2.7328574354215297e-05
3.3149479347559534e-05
-6.7061137381048065e-06
-1.1412417444645305e-05
1.4188591794683113e-06
3.99447335944769e-06
-2.6070285971790335e-07
-1.4208920713126523e-06
2.5347765429661047e-08
5.093233369201928e-07
1.0750809733556162e-08
-1.796259166276976e-07
-6.395373020259322e-09
5.993267874991258e-08
3.0243441756542358e-09
-1.7496176341039926e-08
-4.029532918956767e-10
4.5863764150697275e-09
5.868052977427657e-10
-1.1261908967556052e-09
4.796658265608316e-10
8.55896321978184e-11
9.594138286263984e-10
8.006894858065318e-11
4.3012906740758684e-10
-8.4309863663978e-11
4.0884418800467106e-10
1.4970474857892291e-10
2.7402542544029886e-10
4.0422851886497027e-13
2.609623326917513e-11
-2.0690050588656606e-10
1.3260998049988922e-10
-1.580429785840857e-11
1.1880027957158569e-10
-6.760253030576226e-11
4.3508967581698416e-10
-3.6755475642376025e-10
-5.875998215578213e-11
-2.702534899860337e-10
1.1252795425401197e-10
-5.227912284734203e-10
-7.916354452167365e-11
-2.4287641377666026e-10
1.3564456887737844e-10
-6.159787899730085e-11
8.298759488955604e-11
-1.5609286037461229e-10
3.334448158042109e-10
-2.1387287492797135e-10
1.8322795312481062e-10
-1.3581191924852029e-10
5.156277642136804e-10
1.505337086926305e-10
2.9540824830639146e-10
-2.0250473378083643e-10
2.3048377231427915e-10
6.873356717246504e-11
