[0.0, 30.0]
218.82995845557832
-0.9494980359341234
0.31692001280166
0.00503612723311189
-0.0015397010999246153
-1.3149337638532945e-06
3.204416861244256e-05
-1.1766548006340404e-05
-5.023401279395119e-06
9.954991298781088e-07
1.8574305141766946e-06
8.022887744259966e-07
-4.226996543584168e-07
-2.328710438735936e-07
3.036998306433177e-08
4.250641574826816e-08
-2.048440817217026e-09
-7.281118701286633e-09
4.213922529683629e-09
-1.925118545756912e-09
-1.9382821468570416e-09
2.3106881369347602e-09
1.0630210235739064e-11
-1.1385284302483898e-09
1.0199375290601414e-10
1.8180915883985703e-10
-2.913744321711738e-10
-9.636457301663858e-11
2.7511446807633746e-10
5.0712776700346e-12
-1.238161390914603e-10
-2.4928272713552777e-10
-2.7422071893184364e-10
-9.801866220910799e-11
-4.321910245668227e-10
4.2467633469275884e-10
-2.4071713451220294e-10
2.2709078539463093e-10
-2.1206990172500893e-10
7.0104633818493426e-12
3.00845626257191e-10
1.0282094784972451e-10
2.8998756946262545e-10
3.6951872801378907e-10
7.837903897335014e-11
4.491803739505142e-10
1.9043797772089926e-10
-3.2370567125423034e-10
-1.4043457022531542e-11
-2.811675414785799e-10
-9.592954599454652e-11
-4.836333948939901e-10
-7.088305915508007e-12
-5.665108434382051e-11
4.03972025348906e-11
-1.3512968839844125e-10
-6.306354702921316e-11
1.1622679010734853e-10
-2.562970780905167e-10
-6.065892374450861e-11
-6.591178224598294e-11
-5.011192142731239e-10
1.5891635217781094e-10
-2.3188952085107579e-10
1.8623654792142373e-10
