[0.0, 31.0]
7.411230579776231
0.18998505370802551
0.01299938446647597
0.00014534536891344795
1.799430620300411e-06
1.0826870303604743e-05
1.2720541200981591e-06
-1.3670495221634155e-07
-1.586486264977288e-07
-2.113694561890489e-07
-1.1032118078402196e-09
3.844817952088219e-08
7.819234194108733e-09
-1.1082775738981202e-09
-1.491454782320363e-09
-1.4971921928363255e-09
2.0138876409643235e-10
-2.6437159531168004e-11
6.636793645929318e-10
-1.9256243665685667e-10
5.142666892662003e-10
-1.6072030648687044e-10
8.283713262448725e-10
-3.854489964292447e-10
5.402694910344235e-10
-4.622494547420864e-10
7.224990735683123e-10
-2.562743396855227e-10
8.719952811214388e-10
-2.89441907545055e-10
7.987642109046428e-10
-1.233952808561272e-10
8.459664798716486e-10
-1.313347521770295e-10
8.065690102426744e-10
5.6271642457180406e-11
7.22299042335994e-10
-4.4542582108498393e-10
1.0273800342144367e-10
-6.243782559582626e-11
3.9706236523438893e-10
-2.7440821280561406e-10
5.614190549783529e-10
-3.2308860213559737e-10
7.114803279413085e-10
8.066975388260215e-11
4.552219138396126e-10
7.072534314726409e-12
2.1408197769688824e-10
-4.5568717584548155e-10
2.3118954053681633e-10
-6.345156873063916e-10
5.190050295915118e-10
-3.1741907908809475e-10
3.879752148901275e-10
-3.0223979707469615e-10
2.9242914656202477e-10
-3.4222565293339796e-10
3.857013224032908e-10
-4.1936929310128045e-10
2.9691535330963613e-10
-1.8067145647179347e-10
1.9705122018572243e-10
-1.570728035632386e-10
-1.1284277791173579e-11
