[0.0, 30.0]
234.07858688279708
-2.0522671211986143
-0.25979377445505647
0.01586008835064738
0.002007140257983311
8.492433554296665e-05
-6.883968743474045e-05
-1.6598140986907566e-05
8.208144726436003e-06
-1.023680765546456e-06
3.698468294825073e-07
1.5099601980994001e-06
-6.911911476615749e-07
-2.949404566135272e-07
2.073469396334144e-07
-3.568125718849367e-08
-1.5788791021017018e-08
2.9780960071498108e-08
-1.0011105244423894e-08
-4.983674583944211e-09
4.4728443382564116e-09
-5.136638887183304e-10
-3.074429194327853e-10
6.111939389603376e-10
-1.0032115544146195e-10
-3.4967563386242744e-11
6.622028184297027e-10
4.225905487702589e-10
-2.365501128200578e-11
3.71854827171523e-10
1.7389117270573562e-11
2.7307151409905364e-10
-4.183904594682534e-10
3.686345689336141e-10
-2.573602819082266e-10
2.2244962081795125e-10
5.04526148948407e-11
-2.656801508194927e-10
-1.8035028544635062e-10
-8.616466735784045e-11
1.5742850210277593e-11
1.564356068623632e-11
1.1812613678023574e-10
1.485275023330278e-10
-3.848279335281504e-10
-1.2641469777441972e-10
3.866651461936075e-11
-1.5174087514535174e-11
6.212050758734129e-11
8.142690531729621e-11
-1.8708389970478737e-10
-1.6923445458040282e-10
1.2988987476727792e-10
-2.817745679142977e-10
6.293707196885323e-11
-3.953230256344878e-10
4.38676355480701e-11
-7.928866458920625e-11
-4.2751816203069626e-10
-5.069894822762629e-10
-5.122614951634307e-11
-4.477591719629208e-11
-2.2207368419417077e-10
-1.525088846041703e-10
-3.1655310318421596e-10
