[0.0, 31.0]
-0.31651319238546977
-0.34391003968475164
0.004719111107527911
-0.0004148943076697884
-5.494446848847274e-07
5.675594525348617e-06
9.52439533484674e-07
-1.0730706139505998e-07
-1.277002942041408e-07
-1.1527576085121062e-07
-8.540190465565796e-09
2.166513743966257e-08
9.493106812153049e-09
-2.5428659450970967e-10
-1.967872644759007e-09
-8.78784328537768e-10
-1.1422411515913636e-13
2.1695211950483267e-10
1.9047600627443511e-10
2.4064815176045734e-11
-9.90379002500742e-11
-1.3895249016793356e-10
-5.416804943257932e-11
-3.4050789273734497e-11
-1.1499697369640304e-11
-4.559772867333651e-11
4.208882119851353e-10
-9.240122668851727e-11
1.5906789823708246e-10
3.555993308465077e-10
4.712059078263836e-11
-1.7122188126705828e-10
1.8276989396103073e-10
-1.372974295670013e-10
-1.538300569463278e-10
-5.39493981968719e-11
3.959593094071127e-10
1.0273727465349445e-11
-2.735895846689102e-11
-6.592526765742385e-11
-4.180989297817226e-11
3.5711386129363267e-10
-1.7305763287509492e-11
-1.4757822329317564e-10
-4.4083887685558687e-10
3.387364264523978e-10
2.239401631261047e-10
7.575217576721284e-12
1.8868996152739055e-10
7.134672546215794e-11
1.0116186165452263e-10
2.172660513153703e-10
-1.616077520286181e-10
-2.6678215540219555e-10
2.337890835742332e-10
-8.007180374969411e-11
6.887770638553443e-11
-1.1867967424482662e-10
1.244563058033145e-10
3.9367783971440144e-10
2.2843619091365805e-10
6.341098526312894e-11
1.1097534871243035e-10
1.9879272087518652e-11
3.708599339296753e-11
