[0.0, 30.0]
20.70671009167357
4.5866564803637635
-0.12868312267094853
-0.004761293243902113
7.808985423108022e-05
-2.4482994632870336e-05
-5.8034716521378316e-05
-1.3380408229161523e-06
8.235126298214252e-06
1.0674498591228508e-06
1.4116932453556284e-06
2.3321360177246363e-07
-5.96747059191569e-07
-2.5625133726723774e-07
-1.683820766181283e-08
3.544213401866323e-08
3.048618501242209e-08
1.722170098910763e-08
5.509400031030908e-09
-5.583676160831628e-09
-8.655680026948797e-09
-8.398330780613385e-10
3.889070003472273e-09
1.1080147704149845e-09
-6.817914510588828e-10
2.810664493467337e-11
6.045765993675264e-10
-2.0523644996690584e-11
2.6167576077936823e-10
3.3260007866464585e-10
4.783945513399803e-10
-1.2562180321823797e-10
-8.522998980338676e-11
-9.802444238693065e-12
3.141238447293697e-11
3.108143222551257e-10
1.3596611070862918e-10
1.1312022686822085e-10
1.1551365992967219e-10
4.2906243095516464e-11
-2.3998373804479985e-10
-2.260534083553483e-10
-1.816901201322123e-11
-8.98146013221802e-11
1.8003893465725194e-10
-1.273787083210461e-10
3.6706776370372725e-10
4.11169782134223e-12
2.299566138145604e-10
-2.4729523071430346e-11
1.7155069737724913e-10
-1.4792551527088857e-10
1.4291988016026574e-10
2.0637537499676843e-10
3.1311177893830426e-10
1.2201017893962042e-10
2.87643271659148e-10
3.988568109556409e-10
3.6273501774931256e-10
1.9849200380378012e-10
2.656237398443546e-10
1.8107353597813294e-10
-2.66228431839016e-10
3.8655399102958733e-10
1.3450216174326081e-11
