[0.0, 30.0]
328.0847137225984
1.0557325744281534
-0.3170519274479763
-0.006140012001993317
0.00020150220628584406
-6.150374063009599e-05
5.9845473813662805e-05
3.620967124706502e-05
-1.1944002178304774e-05
-1.2064239999007669e-05
1.4341502567498278e-06
3.880913026953216e-06
4.3749380257893274e-07
-1.114067582213798e-06
-4.4058465382079714e-07
2.457689875040633e-07
2.1928264359879596e-07
-2.022677127700116e-08
-8.056018195155353e-08
-1.5852929994192763e-08
2.3512235842240175e-08
9.324715795998204e-09
-5.7691007952136825e-09
-3.8999067702213485e-09
1.3661699292827398e-09
4.818485503570443e-10
6.86509275064158e-11
-5.125440686291622e-10
1.8215175089418387e-10
-2.348634529216098e-10
3.564110811376132e-10
-5.810182360236714e-10
1.3326039593277114e-10
-4.689592780739055e-10
1.9419768871862665e-10
-1.5024661703233894e-10
5.888293396716855e-10
-1.67676859774819e-10
3.6364023564343393e-10
-4.0258817660790024e-10
1.1659395382371653e-11
1.641749586181361e-11
2.0286520551027905e-10
1.8285592003493677e-10
3.330379339095457e-11
1.0982626124030824e-10
-8.968381855469044e-11
-3.5541607145756283e-10
-4.0402761874977616e-10
-5.575699573680527e-10
-4.6526026823681796e-10
-4.504233804305563e-10
9.711291428313674e-11
2.3410716424572767e-10
-7.377015940191314e-11
8.496379267076842e-11
8.768968585864062e-11
2.995557261083623e-10
2.1587972235915613e-10
1.1680119294572132e-10
-6.003213365045752e-11
3.8443851910936253e-10
3.357114093384194e-10
2.0056220446383312e-11
9.982783861751428e-11
