[0.0, 29.0]
7.0763225120535855
-0.24424234710090964
-0.050706047137259555
-0.0009832311807660397
0.00025205461798136685
1.037082797832903e-05
1.5455382807162188e-07
4.912690266214959e-07
-1.584248644528509e-07
-1.386603642590338e-07
1.9645936968296562e-08
3.386147103389771e-08
-1.3030069026293384e-09
-8.757614765071286e-09
-4.486242027415453e-10
1.841116675568057e-09
2.0463708379204643e-10
-7.311233210205871e-10
-8.66684371154793e-11
-1.628978456190801e-10
4.6359441484613186e-10
-3.805642132456417e-10
2.1726950350499913e-10
-7.357541939589433e-11
-1.7445836190919468e-10
-2.168632010562303e-10
-3.794048084482971e-11
-3.85709939888461e-10
-1.3494733892925047e-10
-3.98374851516289e-10
6.452793011185458e-11
-1.4828544877520735e-10
-2.146500632610797e-10
-4.678708986499205e-10
-3.6343217908881563e-10
-2.0567701089072041e-10
-3.0347435071739046e-10
-2.2616967310003304e-10
3.4576155315898145e-11
-6.682217350124167e-10
-2.1135632896878955e-10
-5.955574198113755e-10
-4.4583169319478347e-10
-3.964841116252612e-10
-3.8146725363690985e-10
-2.635435349001802e-10
-4.927651355526074e-10
-2.75911987630281e-10
-1.121284757224762e-10
-1.66005401525936e-10
-2.774499207338874e-10
-3.5685275481261716e-10
-4.713662010995102e-10
-3.6038818907516336e-10
3.5771649174195754e-10
1.4535745866906516e-10
-2.584049710063384e-10
1.532773041891813e-10
-1.2337738436378635e-11
1.44466944775089e-10
-2.1742229310522591e-10
-9.754409496140419e-11
1.9902758053555156e-10
1.387076381253992e-10
7.994709090044182e-11
