[0.0, 28.0]
0.7183502629361295
0.3628148347444422
-0.005591103642336767
0.0003994885084518125
-9.326752676777332e-06
-5.134328916943443e-06
-3.7577906363101936e-07
3.6003017662199787e-07
1.5623536110368915e-07
1.8601479922242087e-08
-1.1017886321778287e-08
-9.832642386227274e-09
-3.791515397113431e-09
1.2495990031903287e-09
7.504161617583911e-10
6.44068428107613e-10
1.7179832235265193e-10
2.2019259363329618e-10
1.68404754048583e-10
4.802695730520865e-10
-4.1301915502027693e-10
5.576049346750011e-10
9.011698108478921e-11
4.745948698645127e-10
-3.419060279269158e-10
-1.5409156234449373e-10
-1.7816588167614282e-10
3.998912398237642e-11
-4.3650447951011153e-10
3.7224564430000804e-10
-5.939558236193432e-10
3.693716571413415e-10
-5.839520406822175e-10
3.5854756059950345e-10
-2.129572626421697e-10
3.177549222661829e-10
-1.596931606662349e-10
2.2431046674546987e-10
-1.8907051703376485e-10
2.7410934307262526e-10
-2.718754372991015e-10
2.7666906515900713e-10
-3.58350812222943e-10
3.1367642060124364e-10
-5.87576432073562e-11
-9.782580537969082e-11
1.7082741804449535e-10
2.4936757896456577e-10
1.569160308295678e-10
6.522236651622171e-11
-1.3585999727619473e-10
4.375216894070851e-10
9.013979125617512e-11
7.319374563018385e-12
5.85395461253181e-11
-6.189573187154814e-11
-2.5574197938687834e-10
1.1762738865221093e-10
-4.696560916545805e-10
1.215424803771058e-10
-1.8408058076444573e-10
3.403715400015379e-10
-1.8853213356902202e-10
-1.5714803823965515e-10
-8.030851373051005e-11
