[0.0, 30.0]
4.477909232083425
-0.07574997886742825
0.0025050804917039907
-0.00027270102175591166
6.453465917089308e-06
-1.0854664646344647e-07
-1.532905374494928e-06
-6.282690157459278e-08
-1.688126841576833e-07
-3.255993992475487e-08
4.092278498342428e-08
1.3581484225450038e-08
-9.524948947118499e-10
-1.0601582103232846e-09
-6.34932500984887e-10
-5.160276906689464e-10
-2.8103587659667677e-10
4.9814881609260314e-11
-2.638961919820153e-10
-1.0393645152902371e-10
-5.570749368149477e-11
-2.358577010058821e-10
1.4683954615448264e-10
1.3005593336760293e-10
-1.9548006594824985e-10
9.446317831345777e-12
-6.234743488716222e-11
-2.0429139743593845e-10
-8.551888523212734e-11
-2.1465655861493008e-10
-6.044475688823305e-11
9.266617177692003e-11
1.8181146760764025e-10
-4.1005919192960834e-11
-8.502933046918349e-11
-4.485132776248302e-11
-6.160282847715345e-11
-1.9446235889859109e-10
-6.066109090287442e-11
-8.286912918471354e-11
3.017791823537167e-10
1.1391193488711877e-10
1.2989928350710976e-10
1.5103534135630944e-10
-2.628038333707893e-10
-8.199638246984115e-11
-3.870345854272158e-11
-1.6869460173662758e-10
2.491010012141708e-10
2.5759420619761805e-11
-2.0104738653598933e-10
1.1516699190170491e-10
-1.1145333912071579e-10
1.9280898770084434e-11
-7.989048971686322e-11
-2.0801296410144938e-10
-2.670312433379783e-10
2.8505033319670507e-10
-1.2144472366251533e-10
2.774008964913892e-10
1.2125135365008757e-10
8.716538374221567e-11
-2.0215085747414524e-10
1.2869139709326872e-10
-2.2683487605167243e-10
