[0.0, 31.0]
-8.181837476901512
-0.38939360108454546
0.07184891771637067
-0.0003920977340471813
-0.0004388110480493759
-1.4949852707660794e-05
-3.142894580505169e-06
6.759758651920902e-07
9.967370818965785e-07
5.654581707682304e-07
3.958416656908275e-08
-1.098073940025726e-07
-6.211342308308735e-08
-2.2374732951906896e-09
1.2081853023109302e-08
6.682628457172056e-09
9.38214013873415e-10
-1.0737078247385108e-09
-2.5325887445849703e-10
-3.6911628939301456e-11
3.1896581429671797e-10
6.317465813537139e-10
1.4270761428422494e-10
1.122308425816697e-10
1.6613349174297352e-11
2.368904406805112e-10
4.619376886963625e-10
3.2006900160315146e-10
2.566932075671067e-10
3.8997592588001954e-10
1.6457924218387336e-10
1.1806799315237513e-10
4.151168838859427e-11
-9.379068205642943e-11
-8.174499747383245e-11
-8.612106290164605e-11
1.0556255842461123e-10
-5.293985156454196e-10
1.8564363432383034e-10
-1.4631067937037756e-10
4.5392415476437447e-10
-4.0321757395370186e-10
2.566117888234534e-10
-3.284031985840941e-11
4.101820864921303e-10
2.4491302809701543e-11
2.68692129601091e-10
2.543854493966585e-10
2.391955904557664e-11
-1.4279523330110506e-10
3.8908887235489576e-10
1.7704834696126945e-10
2.877340189098767e-10
2.2734378677361078e-10
1.0791691358793034e-10
-6.037533147912191e-11
1.2073956957327925e-10
-4.2706566695896824e-10
4.855939443427448e-10
6.231963382214466e-11
1.3241534175794662e-10
2.715487548827309e-10
-2.6860393117399307e-11
2.8065055906289905e-10
2.0405309709009114e-10
