[0.0, 28.0]
337.48882628507585
5.835695974456911
0.005169776762079568
-0.001522714473163787
7.975132948632904e-06
-9.796223139879259e-05
-1.5968536074788737e-05
3.401273277048228e-05
7.571816331787353e-06
-1.1283237731909423e-05
-2.3052760709858227e-06
3.7492867996866078e-06
5.697129744092825e-07
-1.2671057312801947e-06
-9.55914321176359e-08
4.180162566769051e-07
-5.4599027598295e-09
-1.2907335806768313e-07
1.2496354436518317e-08
3.5861562819585036e-08
-6.054339901220093e-09
-8.61331063801134e-09
1.5572000662824295e-09
2.1744644508199115e-09
-4.819384549208723e-10
-3.1920776165501043e-10
2.7766464506690336e-10
2.2096436205358577e-10
2.8004390112737986e-10
1.6358410208218657e-10
-2.6789972671308194e-10
1.114367831767169e-11
-2.642976592082502e-11
-2.5864317899959153e-10
-2.486770887634246e-10
-1.0621897040666468e-10
4.4987019039008004e-13
1.2867777299463107e-10
-1.1017911475364112e-10
7.276005289427847e-11
1.8165291850487944e-10
-3.3188042966868764e-10
2.3072956179709716e-11
-1.805116445156096e-10
-1.0814353408089492e-11
3.8498783759864854e-10
1.6621818664388783e-10
-5.5014985342854326e-11
-7.151334967952898e-11
5.451618869236182e-11
8.857057152287516e-11
4.664672567205225e-10
7.413848305001251e-11
-6.014524202909075e-11
-1.7786235030175225e-10
2.1293604835618054e-10
5.338471554936721e-11
4.072051689239865e-11
-4.4525952101380135e-10
-5.505112641622834e-11
2.527058050192674e-10
-1.7316562814535526e-11
7.410950758216087e-11
-1.8051348476977622e-10
3.3756666504061444e-11
