[0.0, 30.0]
131.98566195976102
0.9973145073331123
0.26893513473820363
-0.00660033611887289
-4.8281343192656084e-05
1.1627282937365762e-05
2.0654297178051355e-05
-8.880145444751726e-07
-1.4773279839774184e-05
4.606433605445144e-06
1.6672971491791664e-06
-2.415012019350431e-06
3.1735064681252454e-07
6.944591114632626e-07
-2.427757251532133e-07
-1.215473364920826e-07
1.0618104704204248e-07
5.674922642074968e-09
-3.6757607875937074e-08
6.325932748974441e-09
9.850924663096729e-09
-3.4465113550779968e-09
-2.2725577546138616e-09
1.552235704169007e-09
5.415511155276098e-10
-2.0663870483050794e-10
-2.2250602789108701e-10
3.421181709939534e-10
2.0505049971537207e-10
3.013811740350527e-10
-6.939421473357579e-11
1.2801206298059097e-10
-3.9750321144280136e-10
4.42154873282209e-10
-2.2239975169296956e-12
3.158236906845581e-10
-3.416193666122794e-10
4.616792085050977e-10
-8.757209824547965e-11
5.963022739889219e-10
-7.154961493487953e-11
1.5404299684713388e-10
-2.577496989646488e-11
3.116413120037183e-10
-4.2917853510447824e-10
2.8732582156634933e-10
8.862432025725313e-11
-2.601753810107908e-10
2.547085588490011e-10
2.7798774153161197e-10
2.8762159714711077e-11
5.328342441458049e-10
2.0173997819514596e-10
-6.315077890536978e-11
-2.6317599767770012e-11
2.5465385419810775e-10
-7.038219254774226e-11
-3.158977890946122e-11
-4.322022542404137e-10
6.905026349648603e-11
1.2288100062786674e-10
-2.230680191105167e-10
1.7957232104252513e-11
2.4428595331060056e-10
1.19623835492971e-10
