[0.0, 31.0]
86.56758273221345
0.33408787154415176
-0.3318836054200489
-0.005695855369649946
0.0008876427500839761
0.0001877068359980867
-4.701934326232434e-05
-1.2649131396508474e-05
1.2425924485611419e-05
-2.426111536730817e-06
-5.046090900459608e-07
1.782229825345499e-06
-8.487587544505358e-07
-2.998961025094037e-07
3.2864165438820486e-07
-6.999644891773623e-08
-3.9032387564275624e-08
4.677161106171312e-08
-1.5701948087614792e-08
-7.2050164044167475e-09
7.528686208916684e-09
-1.6792374143342907e-09
-1.6170892599882874e-09
1.4813040230037856e-09
-6.553589459574362e-10
1.0457603822342682e-10
-2.7550812243075193e-10
4.4342549461575964e-10
-8.69128055504047e-10
4.400417437620303e-11
-3.2895921153644887e-10
-2.0556952895359499e-10
-2.6736517059369955e-10
1.22504783168434e-10
-3.3808215169775176e-10
-2.95213918661807e-11
-4.0397963022397827e-10
4.16883791474389e-12
-6.426806597092191e-12
-9.246724882062529e-11
-2.356257893953723e-10
-2.6900677805088662e-11
-4.2233696189232425e-10
1.218323613734196e-10
-3.07042109795282e-10
3.333872275172938e-10
-5.884111793443564e-10
8.653508047966782e-11
-7.878881011112658e-10
8.907484024724655e-11
-5.33548954511079e-10
3.2771449134427127e-10
-2.928395741265991e-10
4.272071780646077e-11
-4.5817518696447937e-10
-3.4409910817051755e-10
-1.4288350833214056e-10
-2.2190035335998023e-10
-2.0915738227335616e-10
1.7409035361347778e-10
-3.573414840964728e-11
-1.9969787046626381e-10
-3.5798270804944635e-10
-3.22512895107597e-11
-4.897700947481611e-10
