[0.0, 31.0]
343.0813074773965
5.607092443823962
0.07723872036248129
-0.004435960868842596
-0.00010400812397204041
2.8297249153039617e-05
4.066482406875159e-05
-2.0121991777128297e-05
-9.323179680766153e-06
1.7938330676243188e-06
2.9259934645651455e-06
1.446969134003972e-06
-7.746401040301839e-07
-6.694329971455364e-07
8.510959411901788e-08
1.764190124794248e-07
3.749353109030986e-08
-3.6192931541993215e-08
-2.549652437048401e-08
3.977082793504621e-09
8.44629008866451e-09
1.362803099920351e-09
-2.290656364553397e-09
-6.804727210061976e-10
6.131699799949939e-10
4.4077340002323247e-10
3.124721109043747e-11
3.0265672871622906e-11
2.5036883548409956e-10
2.68651261308005e-12
-5.383952041631733e-11
1.1792787299726948e-10
1.8962627403116525e-10
2.3648544906081823e-10
1.9585966778534658e-10
2.0948084421823634e-11
4.1947066804370295e-10
8.850597695501471e-11
2.6509959486361637e-10
3.02285738640613e-10
3.0760589687687943e-10
2.5162283216616307e-11
2.7465582781703863e-11
9.142009633793745e-11
2.837669832061775e-11
-9.463174685217477e-11
3.3119788801499035e-10
-4.784317591299299e-12
2.7119564972052117e-10
-2.63136830325536e-10
2.659712125785309e-10
-2.9842040655859044e-10
-5.436324537804667e-11
-3.1428903890293907e-10
-4.7990446741190315e-11
-4.435191348173417e-10
9.660250430422191e-11
-1.742332330659209e-11
-4.559135164674127e-10
1.2790807320489188e-10
9.566200392222202e-11
-3.610538020186113e-10
2.735319481592118e-10
-2.6079610891582477e-10
3.7171371551380443e-10
