[0.0, 30.0]
243.53018690581473
4.351144026680384
0.1541251378400819
-0.006053003616929829
0.0002681128818603107
0.00011343499395410714
-1.682558736060476e-05
-4.034517274611902e-05
-4.042846414015559e-06
1.1425103394119882e-05
4.666657718649035e-06
-2.0121007669662577e-06
-2.226280793816242e-06
-1.5472430719208566e-07
6.965163903405079e-07
3.1576419017703155e-07
-1.257084208949806e-07
-1.523297360054107e-07
-8.324072438752167e-09
5.073650863636922e-08
1.740942466256295e-08
-1.148024314059774e-08
-6.766334149159725e-09
3.5230507462054847e-09
2.8439058724635907e-09
5.218746337435611e-10
-4.8975200723014976e-11
1.1429696286481123e-09
-2.5666644457419336e-10
3.8113237310303584e-10
-1.1460120423916275e-10
4.891708205652386e-10
1.568402066192933e-10
8.862559613721905e-10
-9.597931502607242e-11
5.237652689984501e-10
2.248570357104645e-10
5.138869771540873e-10
2.835762961174565e-10
8.706870014959396e-10
-6.586228069938492e-11
3.294144571493925e-10
2.0308843093409074e-10
5.762310600121378e-10
2.1982415328982776e-10
4.6473139839582805e-10
1.2747107625896518e-10
2.179727139469277e-10
1.3915889003641992e-10
2.625314447571298e-10
7.056075681339452e-11
3.153148876502703e-10
-3.665601573554594e-11
1.172945408789579e-10
-3.4153292967105535e-11
5.086106635608534e-12
1.781960837236817e-10
-3.254668453215244e-11
4.080703197856417e-10
1.0015174871857782e-10
-8.161830615380227e-11
-4.743301123677165e-10
1.5999062785613073e-10
-2.2474202146475476e-11
-3.057574051665934e-11
