[0.0, 31.0]
273.02472916153346
3.4042837150378324
-0.03799272199169741
-0.0035403980729524494
4.3971485992101214e-05
-2.2958813922934455e-05
3.9439807070669836e-05
5.689315061147183e-06
-2.0118097626807283e-05
-7.237346763962285e-06
1.9316138877498494e-06
1.13612702263955e-06
2.326492271314454e-06
1.2617633106826019e-06
-1.6152163900279664e-06
-7.056377162055913e-07
3.643391233789857e-07
1.9910751570237004e-07
-1.870510189944601e-07
-2.1459744876020443e-07
7.002200761423412e-08
4.976708954454838e-07
6.129570328078004e-08
4.3196090353667526e-07
-2.026858250306949e-08
-5.469892040654165e-07
1.4304976413124491e-07
7.963108185570492e-08
-7.455592047336323e-08
-3.6353218755345473e-07
-5.7959592195685045e-08
1.5920067159911394e-07
-4.9474988469524326e-08
2.680360897618678e-07
5.716764376265836e-08
6.392032123353909e-08
7.167163584926241e-08
-2.795452147990346e-07
-3.685004969772902e-08
-1.1704984466425835e-07
-7.951514825963372e-08
2.9428396971639025e-07
4.795123039137744e-08
5.5665865906902616e-08
6.706974735135453e-08
-3.340385449273233e-07
-8.865751410129387e-08
1.723559732937679e-07
4.5767015992203117e-10
1.853871408618964e-07
9.117333783195094e-08
-4.028468346934921e-07
-1.211986728456587e-07
3.97335113894152e-07
1.0020441854019863e-07
-2.7812655643440356e-07
-6.217270329197005e-08
1.5240303693043162e-07
3.059232605920386e-08
-7.040224122890827e-08
-1.3646760191383098e-08
2.7040262875894626e-08
4.865107160229716e-09
-1.0679510195409935e-08
-1.5540357229147248e-09
