[0.0, 30.0]
-0.6519270581135201
0.035710431037591965
-0.0014407486647616606
4.1054376214467826e-05
7.623689124291218e-06
-2.840308697329916e-06
-7.102656489918509e-07
4.971623366299294e-07
-6.894477747156213e-08
-2.1020727609933664e-08
-4.678163948424038e-08
-1.1640224149545428e-07
6.130010277253747e-08
6.822430133737073e-08
-3.52200641713218e-08
-5.788132575939884e-08
4.837082633962591e-09
-3.804801435077728e-09
-1.1657836508553267e-09
1.1138030877349007e-08
1.2817746252070101e-08
6.436567097902265e-10
1.1882232932802059e-08
-1.2021630560172969e-08
-6.251256194611743e-09
3.275713552260258e-08
-2.4872702001458823e-09
-1.026132570914735e-08
-1.1820210838866187e-08
-3.174801017505568e-09
9.731560305233893e-11
-1.1927779858213388e-08
9.360525101931594e-09
2.821106782358233e-09
6.023321032945777e-09
1.1977006252640757e-08
-7.738107560597992e-09
7.150684203703676e-10
-8.042319707874297e-09
-1.262525855230851e-08
8.425366057739488e-09
1.0309922567029982e-09
6.076567682673156e-09
1.2952031112875158e-08
-1.1767635415119104e-08
-9.20220664901082e-09
2.5856787451303957e-09
-5.513533501420076e-09
9.906902990231961e-09
1.5872886011544307e-08
-1.4998352963139846e-08
-1.6847713394127148e-08
1.2740500200309572e-08
1.2154604287075935e-08
-8.029778127316877e-09
-6.822353137863298e-09
4.045422610468241e-09
3.155768810956167e-09
-1.7831422641464881e-09
-1.2735277068794468e-09
9.480470182764613e-10
3.6194457719887236e-10
-3.6473224352165135e-10
-6.476852544068246e-11
-7.587726168906622e-12
