[0.0, 31.0]
1.3558437580076512
-0.005778107040068973
-0.005375403234578435
0.00018715818490767008
1.0815831199714793e-05
-4.768310247970016e-06
1.636389266591682e-06
2.1862276835441966e-08
-2.709322827431983e-07
4.752106215732602e-08
2.6507389172240833e-08
1.4360930352991603e-07
-2.5890595912822962e-08
-1.7351321013120537e-07
4.709727009027311e-09
4.7290996083675243e-08
2.082163731733788e-09
5.974078267285267e-10
-4.939682259537655e-09
3.265134622158697e-08
-1.7922357588716444e-08
8.297735330099433e-10
4.393366618761224e-09
-8.720906834111356e-09
2.8272014356927248e-08
2.0681885224110213e-08
-1.076228463430794e-08
-3.269072987058766e-08
8.458186501238e-09
-4.1645951386404715e-12
-1.5346330526235438e-08
2.5382900815784933e-09
-4.790176862867252e-09
1.5335368721897434e-08
6.7165309155886505e-09
1.5052454420239345e-09
1.005490261778818e-08
-1.4613936358680522e-08
-5.447987967080321e-09
-5.126917544360783e-09
-1.1568251647523226e-08
1.551854707878429e-08
6.21217062241577e-09
1.7458845580462557e-09
9.414247397536421e-09
-1.7028179016624963e-08
-1.2161944488977847e-08
9.526854369534053e-09
-2.987080105404864e-10
8.602973834487612e-09
1.2672360517112466e-08
-2.0268780495155715e-08
-1.6521344635095123e-08
2.028231017099916e-08
1.3583474662362454e-08
-1.5071499553421966e-08
-8.537050730271712e-09
8.066396850908138e-09
4.189834751535614e-09
-4.0768860558772e-09
-1.6358945875235453e-09
1.4919053302519556e-09
7.659002872970987e-10
-8.832775218962243e-10
-1.289190199921648e-10
