[0.0, 30.0]
22.906738531266157
-1.454536373251609
-0.13509009307407605
0.008874543755709922
0.0004640581986020505
3.062920585948344e-05
-2.0572621100210677e-05
-1.284311138423061e-05
1.5487206968684398e-05
-2.0309028381395565e-06
1.8124606673578288e-06
6.660553036726483e-07
-4.956094937615909e-06
6.122415727990915e-07
2.391050145733613e-06
-2.8476122039147623e-07
-1.4751789582137637e-07
9.236462603750111e-08
2.8231476290574234e-07
-1.0875803712695012e-07
-8.271272277339148e-07
-1.8956331817426854e-08
-7.13156229416553e-07
1.003942189000933e-07
6.746166956428287e-07
-8.922241980894726e-08
-2.2566440513531416e-07
6.849730330429867e-08
6.891490546183308e-07
-2.4142601649006496e-08
-7.543617609276802e-08
-5.0662359267250215e-09
-3.901461096098836e-07
-9.08330391577116e-09
-2.7830226129330765e-07
9.058886304752492e-09
3.414633297850953e-07
9.404173135038535e-09
3.4736985582205323e-07
-8.946854126613741e-09
-3.7173402712360355e-07
-8.192952038395777e-09
-2.714179854457732e-07
1.0807961689218201e-08
5.234319985850238e-07
-3.227692237208851e-10
-1.034018052826561e-07
-1.0888889181555755e-08
-4.426589017559457e-07
1.2444762857212775e-08
6.703665337184796e-07
-8.078982013601088e-09
-5.796070671439913e-07
4.190042240270607e-09
3.667134658833185e-07
-1.3614554565644207e-09
-1.882407609826191e-07
4.958875564452754e-10
8.060473450108888e-08
2.7293796268214394e-10
-2.985101595063888e-08
-6.878317106874081e-11
9.10093639671791e-09
-7.18251289508231e-11
-3.827878902778974e-09
