[0.0, 31.0]
-0.2984442130617652
0.0345786404214814
0.0014547947409450075
-3.434442811285819e-05
-3.1606202181657975e-06
-6.025345488603347e-06
2.659481909467128e-07
2.87135044433941e-07
-3.3341087640094386e-07
8.970338281186257e-08
-6.338431735442559e-08
-1.211832100554427e-07
1.7418735408618773e-07
5.067119915984245e-08
-1.1612130849796792e-07
-3.641918760084621e-08
4.431812759949657e-09
1.8980678606520043e-08
-2.1156963826002046e-08
1.832260202345378e-08
1.0512977925566757e-08
-1.9872546405671954e-09
1.0218275438901559e-08
-7.616052636164874e-09
1.644638157750445e-09
1.7135819369022325e-08
2.5363910373910948e-08
-2.2287184337089287e-08
-1.2933590954880397e-08
1.8575238673210404e-09
-1.258782214058094e-08
4.5624031723225827e-10
-9.543151445458659e-09
8.424166959929684e-09
1.1661776786182127e-08
1.0259648721035327e-09
1.499652497848247e-08
-7.659332667567174e-09
-7.75537766745085e-09
-2.6509962981831194e-09
-1.649582638530384e-08
8.495463734018112e-09
1.0247106075037798e-08
9.970020212399316e-10
1.435218718966997e-08
-9.044248106573933e-09
-1.7994372277868674e-08
5.1460420741857515e-09
4.3028248803489056e-10
4.677965261956386e-09
1.9148018169792813e-08
-1.1028610691212014e-08
-2.5432583118186765e-08
1.1181926272596719e-08
2.1218641274523515e-08
-8.189804691781676e-09
-1.2737561735199977e-08
3.985131870144324e-09
6.883648831951893e-09
-2.148846148778764e-09
-2.416356352366872e-09
4.184527661487959e-10
1.1251486819663834e-09
-2.9924066640903797e-10
-2.049810640730557e-10
