[0.0, 31.0]
48.43711159411549
2.8663178368412683
0.09471759145233564
-0.0048021590960760675
-2.115382618270261e-05
1.144526026569404e-05
2.455551528350413e-05
2.8394483129626288e-05
-1.0832527528216421e-05
-1.2020529122908513e-05
5.686154469474189e-06
5.286146967635669e-07
-2.1897004701867252e-06
9.702569461639247e-07
1.2128235223570592e-06
-8.949994121411678e-07
-3.896916105804683e-07
3.8948307484358547e-07
3.3087670109597074e-07
3.528893981997712e-07
2.447938547919493e-07
-8.331851080519552e-08
-9.460079307598754e-08
-1.839439938780652e-07
-5.813503962187138e-07
4.019259988079432e-07
7.913497919529477e-08
-4.181974554773276e-07
-8.85613039427475e-08
6.628859034946013e-08
3.6122531672765606e-07
-2.3122265059325028e-08
1.4692628999702998e-07
1.323189625401639e-07
-1.944087371198405e-07
2.7801935364627102e-08
-2.762979314982619e-07
-1.1043239101715675e-07
1.3127209297385459e-07
-5.540614399072684e-08
3.0373895780237506e-07
1.1667110415670996e-07
-1.7154927133886813e-07
2.9266522117586513e-08
-2.593263230579089e-07
-1.3695182108845412e-07
3.2837456109531423e-07
6.440768686256444e-08
3.872878788198598e-09
8.083349466078927e-08
-3.4589264083161454e-07
-1.6507751478525516e-07
4.569401821325252e-07
1.5961140844412374e-07
-3.715313441129006e-07
-1.1004966723040023e-07
2.2985619112300448e-07
5.977262807842917e-08
-1.1469577727305442e-07
-2.755192437880224e-08
4.8892516195594556e-08
1.0448405880663491e-08
-1.7544201210288227e-08
-4.064002060752346e-09
6.892058916635252e-09
