[0.0, 31.0]
-0.4188753649016717
0.035912196300471724
0.0019263027153037459
-5.845822410879526e-05
2.569448382632616e-06
-4.923470773159101e-06
-8.370577078269117e-07
3.697456468920759e-07
-8.31790138148577e-08
5.664719958411294e-08
8.20257424108417e-08
1.7623880909107152e-07
-4.672293669920222e-08
-1.3190611557020266e-07
4.224801816860463e-08
7.576415217364268e-08
-2.094093738058634e-08
-3.069630942857562e-08
1.0595517721622094e-08
-1.9905283893126392e-08
2.6927452582170822e-08
-3.623612566622718e-11
-6.763292631099057e-09
7.608852987938165e-09
-4.452365252769652e-08
-1.7764049378392992e-08
1.7795584842229925e-08
2.56535698609143e-08
-1.270971791078891e-08
-1.2077220405929762e-09
2.380084030975571e-08
-1.4334703722882816e-09
6.553142627816857e-09
-1.1044811833939092e-08
-1.103565767930372e-08
-7.447327194088528e-10
-1.5268383826504645e-08
1.0419268198722626e-08
7.96370402124281e-09
3.6180235000457193e-09
1.6591051748719682e-08
-1.1396494536136587e-08
-1.0143281416535377e-08
-1.4227424201637044e-09
-1.4346009941292204e-08
1.2116239402214441e-08
1.8375851103688652e-08
-6.7593992565818706e-09
-6.637078013210146e-11
-6.4327605122125055e-09
-1.8999272770285397e-08
1.4784486173796744e-08
2.569796217355185e-08
-1.549726070493475e-08
-2.116046236954271e-08
1.0857877436308841e-08
1.2741452149067327e-08
-5.916693036380815e-09
-6.8052814180224085e-09
2.949301835858167e-09
2.8726447724330096e-09
-9.043425532583562e-10
-9.016560617628475e-10
3.7730943381804775e-10
6.861591790481676e-10
