[0.0, 30.0]
326.9876017401195
0.017783478246024952
-0.17907306017800714
7.217733675321202e-05
0.0003881400097340056
-5.207203818036273e-05
-4.824273876985749e-05
3.079754463604343e-06
1.2472738281016786e-05
4.87610424317561e-07
3.407605083031813e-06
3.3621210674058726e-06
-2.153745466381731e-06
-2.49353569690335e-06
1.4129549258498438e-06
9.694747550372332e-07
-5.957754020954177e-07
-5.207777227941415e-08
-5.134491135069816e-07
2.3491018886139171e-07
1.9115149635580814e-08
-2.7009241718881383e-08
3.0768753962868296e-08
-2.936138310109351e-07
-6.909783554799341e-07
-2.5162134292124958e-08
7.469451387186448e-07
-1.006270078787697e-07
9.16061906085725e-08
1.8333738455064274e-07
1.2459433717840988e-07
1.4342661557079047e-07
-3.568993155875252e-07
-5.5596215710992795e-08
-2.2215162171128082e-07
-1.914509927198715e-07
2.630250986775993e-07
7.411136274553021e-09
2.8854429949253996e-07
2.0256761948878164e-07
-2.883404892582632e-07
-3.5823225304651994e-08
-2.2785891232313645e-07
-2.0014254193170164e-07
4.156242916178284e-07
1.588376544792851e-07
-7.276950846964063e-08
7.229904857864074e-08
-3.619983702808257e-07
-2.463706239683957e-07
5.361489514565463e-07
2.7199670313958796e-07
-4.5811540436092517e-07
-1.9928957999534695e-07
2.890755456509717e-07
1.1356662626483714e-07
-1.470051950136949e-07
-5.3760699268123615e-08
6.23439626211153e-08
2.1384849416764566e-08
-2.3131371507361442e-08
-6.811934902632432e-09
7.421765655381927e-09
3.179873896743087e-09
-2.129289694974261e-09
