[0.0, 28.0]
105.97639413063541
-1.0550651426021547
0.13946407715524636
0.0046736491897413175
-0.0003846605237385493
3.3863167041563474e-05
-3.497334822089572e-05
-5.536401982972049e-06
1.2000046217925814e-05
-1.2178077327042953e-07
-3.569676647852966e-07
2.0263045146816612e-06
-1.1847612509462348e-06
-9.627815322106146e-07
3.5411410907009627e-08
6.177211304455854e-07
-3.639956828785841e-07
3.3799279867151285e-07
4.658399056084922e-07
2.7318320221651463e-07
1.823073069570182e-07
1.5702170233661743e-08
-7.064712425293509e-07
-3.579541319191521e-07
5.660613607255508e-07
-3.702742019399638e-07
-2.4074081894151203e-07
-3.7186878658622864e-08
1.400549999991391e-07
3.8304615063883436e-07
-4.9025901701019095e-08
2.895383194849156e-07
-4.1436930745568426e-08
-2.737160033717737e-07
1.5981300219351386e-09
-3.7428511428443177e-07
5.275446767437571e-08
2.833846941158836e-07
-6.6074372393277575e-09
3.355053389351407e-07
-5.319954968124439e-08
-4.555235339862328e-07
3.710184046555993e-08
-1.7766159913212782e-08
2.4758740076606725e-08
4.941014193769974e-07
-6.560121375300318e-08
-6.259971279273865e-07
6.82807962102418e-08
4.894719563360951e-07
-4.736379277478196e-08
-2.8593427381757225e-07
2.561088609627563e-08
1.356304609939156e-07
-1.0964014908255459e-08
-5.478870043584895e-08
4.803072179217118e-09
1.814673125991279e-08
-1.0253009806028163e-09
-5.599471933337209e-09
4.004291294761741e-10
1.9344902100947216e-09
-6.710815655159154e-10
-2.371289002935611e-10
-3.68836975913071e-10
