[0.0, 30.0]
1.5554721455003406
-0.010085238186803179
-0.006102361813702616
6.429965302908093e-05
3.261021624283316e-05
-2.702264311364351e-06
-7.953782399433904e-07
3.319077047510796e-07
-1.4645939523613884e-07
2.310551694838472e-09
-1.276139430831327e-07
-1.6894855809578616e-07
1.718633880587894e-07
1.3327809278110586e-07
-8.411603288834561e-08
-2.026316018177835e-08
2.620416305956337e-09
2.3597655226135046e-08
-1.3406461679023925e-08
-5.591031745592966e-09
3.7597030917971214e-08
-2.0004252522718375e-09
3.261256762347535e-08
1.22403187357622e-09
-3.024879560836422e-08
-2.68032966365839e-08
1.0441981839868068e-08
5.583477718214435e-09
-3.156383379874723e-08
7.708095386262508e-09
2.8935368691117787e-09
1.2986181683601008e-08
1.7619382989681494e-08
-4.208162056435738e-09
1.3298255600504138e-08
-1.525087801182485e-08
-1.513145349227538e-08
-5.981944670376844e-10
-1.6253019499897302e-08
1.5616071785148957e-08
1.70893916402533e-08
-2.1324427801068036e-09
1.2459065469484679e-08
-1.5958009194973934e-08
-2.3984395272593065e-08
1.1657977584905245e-08
4.363567660062209e-09
5.79253183175494e-09
2.0305470179242726e-08
-1.9306263554095472e-08
-3.08660140936272e-08
2.0911607663063316e-08
2.6355600404881917e-08
-1.5461729231159112e-08
-1.6465473538301645e-08
8.48723194386731e-09
8.348204867740951e-09
-4.192292148559969e-09
-3.3806637281845198e-09
1.5876454113663078e-09
1.4399209126740754e-09
-3.29006635479996e-10
4.433058911176814e-11
3.114970602858709e-10
1.5738973792799972e-10
