[0.0, 31.0]
123.36186774881978
3.3247905331407126
-0.034545673046944135
-0.003379420269481121
-7.029033647288217e-05
8.071403712009831e-05
-1.8112034328447798e-05
-2.6806198840163726e-05
1.2569034859036094e-05
1.206260428756651e-06
-3.314624072021607e-06
-7.221527847412941e-07
-9.24991435953051e-07
2.152542998738946e-06
5.298158613134692e-07
-8.68123263424321e-07
-2.1124178971559573e-07
1.4641118277147874e-07
-1.6191748281861879e-07
-3.4823342174105617e-07
-2.891248341729042e-07
1.281234561182242e-07
1.0793475134059695e-07
2.1153385464027696e-07
5.516378729564966e-07
-3.5368610006060317e-07
-7.947707501117444e-08
3.027492611825114e-07
9.582176756593688e-08
-1.0502848367334775e-07
-3.4625386931742345e-07
3.013400305631115e-08
-1.420649349722173e-07
-5.139004410816763e-08
1.8150295326355607e-07
-1.6585803773962266e-09
2.652486821761643e-07
3.7309833701776304e-08
-1.208664804082145e-07
1.3184425688545998e-08
-2.902980886855739e-07
-3.937179221732198e-08
1.6057257220752527e-07
-3.776530842500322e-09
2.4867861376271455e-07
4.487205690592059e-08
-3.103607951375361e-07
-2.493628121671322e-08
-7.202648631609683e-09
-2.246175420022863e-08
3.304949563596502e-07
5.308645499465004e-08
-4.338972932374758e-07
-5.322786644529053e-08
3.5207215203489265e-07
3.8300366511831076e-08
-2.1714606183535013e-07
-2.0925922882484998e-08
1.0812074601075198e-07
9.814541412173566e-09
-4.6338049981049475e-08
-4.053838646277838e-09
1.591453097148717e-08
1.2932136645658162e-09
-6.737220419672156e-09
