[0.0, 31.0]
-1.0352133567873334
0.03386281152509074
-0.0021547778441946288
5.909045212050342e-06
-4.1575239739214685e-06
4.078859791359558e-06
4.157056820112516e-07
-7.30131615627402e-07
1.5145726662736812e-07
1.5409197629082846e-07
1.5254527279186058e-08
1.1313405591961813e-07
-1.0901329272760088e-07
-6.643920370196208e-08
6.187338155437472e-08
5.2365970858051685e-08
-1.6331418863723344e-08
-2.656806008521395e-08
4.0353396587198635e-09
-2.733477938494339e-08
-7.667816796786196e-09
-4.784257327954599e-09
1.0749552824219038e-09
5.367913000776124e-09
1.1330506028150743e-08
-1.823866201173827e-08
-6.12037916031661e-09
3.277080238535474e-08
3.1107872182826876e-09
3.3163660496347855e-09
-5.393629604654784e-09
-2.76016204196066e-09
-9.176861625027069e-10
-1.7255897355034597e-08
2.6562183514726715e-09
-2.874813761680842e-09
3.4927573345205927e-09
1.601305358013097e-08
-1.3312109387703832e-09
6.047505856888184e-09
-2.976514376516992e-09
-1.7466326183960687e-08
2.847881070376228e-09
-3.3374020531016356e-09
3.1555733375373895e-09
1.905154766923789e-08
-3.947133595170501e-09
-1.0438529261213141e-08
1.0087593651054285e-10
-9.918877770098898e-09
3.77189849507353e-09
2.3762105022174216e-08
-5.790527875239181e-09
-2.226612993309573e-08
4.405073624838133e-09
1.71530196623167e-08
-2.9622042041851187e-09
-8.59198461982817e-09
1.0926403414013948e-09
4.5160757694016675e-09
-6.287674573426448e-10
-1.4616926768983944e-09
4.952595382614276e-10
7.770995611797959e-10
2.522789004067481e-10
