[0.0, 31.0]
1.5722355128842158
0.024269102979150213
-0.006234937520125268
-0.0001967192376616736
3.095608312101014e-05
3.5678808513658635e-06
-5.886665803417189e-07
-8.268986178361918e-08
5.381093673942578e-09
-3.986726951660423e-09
9.141515734245148e-08
1.3033512247092321e-07
-1.994952481266877e-07
-1.4071149989612404e-07
8.873740289243938e-08
4.273697036518788e-08
-2.6727890728196045e-08
-2.2156325167659304e-09
-4.007209957676311e-09
1.8429379761528933e-08
-3.232990953612515e-08
-1.1718885805103351e-08
9.977150795218927e-09
-1.3353348647979539e-08
5.325836189073749e-08
2.365365094791688e-08
-1.7576544593396167e-08
-1.7670596373529767e-08
1.212438178032871e-08
8.824109697812189e-09
-3.0808129037248385e-08
-3.713517944565005e-09
-9.577842913478858e-09
1.3640841385964947e-09
1.527479437682705e-08
4.3608038066365517e-10
2.0592805764857227e-08
-1.8471254695707135e-10
-1.1042189685539022e-08
-3.9692954121208503e-10
-2.294519929817675e-08
2.584681283070987e-10
1.3590681399327201e-08
5.248136765355031e-10
1.8861705608498397e-08
-4.6164753081642593e-10
-2.5835938104927206e-08
2.3151164327288785e-10
5.111723075454414e-10
5.532605303421034e-10
2.6062976873115026e-08
6.959274509744819e-11
-3.484219231869247e-08
3.195471342833417e-10
2.854958365034574e-08
2.373105750486117e-10
-1.796316364261203e-08
-4.241968558224767e-11
8.546556105062672e-09
-2.4629261407236637e-10
-4.0269648642152475e-09
-2.1205970171076615e-10
1.2547041416307806e-09
-1.4905219972861684e-11
-3.9258730253200704e-10
