[0.0, 31.0]
0.03223659123926618
-0.024934783978250774
0.00013657451628201452
-3.3442255277178996e-05
1.1105477147205849e-05
2.6673897609295435e-06
-1.4826636593711059e-06
-1.216934247957428e-07
5.882335513131887e-07
2.0592468490306484e-07
2.8500611996698623e-08
8.760996384436052e-08
-8.755491414401321e-08
-2.0643215211225423e-07
-1.1307242823335767e-07
-1.5140742530215945e-07
-2.1686155464334166e-07
-2.3678184076610065e-07
-2.490952423544808e-07
-2.5515638725243063e-07
-2.7882178504753096e-07
-2.9342651382619536e-07
-3.041297057924664e-07
-3.0775305094540824e-07
-3.1954981708366954e-07
-2.9327964269894466e-07
-3.048803887340789e-07
-3.1672454005437575e-07
-2.98210215462162e-07
-2.9117514073087126e-07
-2.7690565278086825e-07
-2.7905308093349585e-07
-2.690926411688143e-07
-2.580113112549453e-07
-2.639277674629137e-07
-2.4702245703531377e-07
-2.4793395054128074e-07
-2.3604948047168538e-07
-2.1677420735853392e-07
-2.131155276228976e-07
-1.929461386794675e-07
-1.8451864418950646e-07
-1.884053246344486e-07
-1.70874575752714e-07
-1.7147298219602196e-07
-1.606858396262023e-07
-1.3466454131184198e-07
-1.307085330770099e-07
-1.2666567793013564e-07
-1.1271591330151033e-07
-1.1919113363059338e-07
-1.0778643768427046e-07
-7.761126313923813e-08
-7.27890602434347e-08
-8.671060658386443e-08
-7.218727122147762e-08
-5.264012678281219e-08
-4.764132913403989e-08
-4.9101045931135704e-08
-3.9202159568669615e-08
-3.1419942709555974e-08
-2.4593601603957405e-08
-2.2208381207640576e-08
-1.3894345908459563e-08
-1.1227759872320617e-08
