[0.0, 30.0]
266.60360961690145
3.142302724116169
0.05539661749344863
-0.003166435006253643
4.2495648238135376e-05
-2.1343091891484292e-05
4.443532451159039e-05
-9.123840064044512e-06
-8.884485948263188e-06
2.1425610768688177e-06
-2.631356980224485e-08
2.6056412214545107e-06
-8.965137158174241e-07
-2.0894464093242336e-06
7.417709460688382e-07
4.944873453721777e-07
4.372188387933619e-08
-8.161927799168608e-08
8.059734108278753e-08
3.8696438590849063e-07
-4.322053747163145e-07
6.986635140827435e-10
-3.9928750252147325e-07
-4.0821292447153757e-07
2.617091196905367e-07
2.616172666871169e-07
-3.3710324670002624e-08
-2.370153388104309e-07
3.876743217504531e-07
1.5419188724108106e-07
-5.4690252393215845e-09
5.957574467071087e-08
-2.4921840325582945e-07
-9.155283423856777e-09
-1.9072274122683865e-07
-1.029138725885293e-07
2.0735249424965535e-07
-1.2374891738426902e-08
2.3523932177818008e-07
1.0452158582361174e-07
-2.2681254797028226e-07
-4.1221048689012705e-09
-1.8735415539534313e-07
-1.0926186225845514e-07
3.3248376168068124e-07
7.25271654384508e-08
-5.201726146470606e-08
4.8744439069403405e-08
-2.9339357027098605e-07
-1.3285775777630448e-07
4.2985797931807896e-07
1.3713464979984007e-07
-3.6523549960778165e-07
-9.776536784069888e-08
2.2946850089437498e-07
5.431625118507539e-08
-1.1636604030894364e-07
-2.5029920286670136e-08
4.987631421729606e-08
9.782349173844521e-09
-1.7933161344656284e-08
-3.738768948902287e-09
5.883698179416793e-09
1.0917846222648466e-09
-2.10855224031775e-09
