[0.0, 31.0]
332.1801728315743
2.4296606144052113
0.13047136604841073
-0.004625526660761564
-0.00012101517247694923
-4.2650577438541034e-05
4.191858948800076e-05
1.3123956500101067e-05
-5.947685100832531e-06
-3.1394189575298493e-07
1.6080010662485338e-06
-7.868877774254469e-07
-2.215583767663532e-06
3.199895102500808e-07
1.737700732759532e-06
-9.197776036066075e-08
-7.746573914100122e-07
5.625550337602173e-08
2.2701192448445497e-07
-8.897357685654776e-08
4.5210918798642546e-07
-3.002252885917566e-07
-5.956060499026744e-08
-2.2155680032837786e-07
-7.135451987867888e-07
2.6106311015486043e-07
3.057439315064535e-07
8.492146173021826e-08
-2.2753264715664317e-07
2.2559651059697683e-07
3.507894959663311e-07
-1.1920655929122891e-07
1.0663456375269478e-07
-2.3140153359957372e-07
-1.4539878938657315e-07
-4.121625568207341e-08
-2.294031113091665e-07
2.3718964739024858e-07
9.759979726685151e-08
8.811791339074068e-08
2.4894086185084375e-07
-2.500245847309756e-07
-1.3123310948882408e-07
-3.656672790955806e-08
-2.1451650201803305e-07
2.7937833291846873e-07
2.619071730788366e-07
-1.524786782690809e-07
1.087188555588977e-08
-1.4800882677419004e-07
-2.8285927097438126e-07
3.3597093161206373e-07
3.6867829196151753e-07
-3.3591283717704155e-07
-2.965741244092289e-07
2.3744855741689573e-07
1.8251180454787758e-07
-1.302602343009731e-07
-9.0161769532818e-08
6.100565558315209e-08
3.901646157651532e-08
-2.339187803836611e-08
-1.3359298926035207e-08
9.096037521196399e-09
5.478827074765138e-09
