[0.0, 30.0]
321.46779710303036
-0.28918883425866104
-0.17669185362208006
0.0010188263509403408
0.0002619153090653103
7.991559036356722e-05
3.675462160001226e-05
-3.279676982952678e-05
-9.897066855183802e-06
1.0399595802892647e-05
5.928878100051619e-06
-9.344398566957986e-07
-4.025384746056994e-06
-6.483478780860104e-07
1.7427317179201582e-06
4.2032526923848255e-07
-9.172248382059206e-07
-1.6312283130345942e-07
2.237908020034692e-08
-4.284616222248288e-07
5.852841530770152e-07
7.199879935538151e-08
5.930182643181643e-07
4.788853958493128e-07
-4.824573029456947e-07
-2.389044587042818e-07
1.3302471886699081e-07
2.499294326162513e-07
-5.469547571849916e-07
-2.3386895677461741e-07
3.795691441767354e-08
-1.0147433819613271e-07
3.258662600686288e-07
4.598143123003256e-08
2.407201024353562e-07
1.7065410004080987e-07
-2.776704946036647e-07
-8.947239402527544e-09
-2.97980780104588e-07
-1.7901200430670163e-07
3.035292124136908e-07
3.3203736224796985e-08
2.3545905136032098e-07
1.7540971696906542e-07
-4.3483179028538686e-07
-1.4211898126089431e-07
7.714103898769531e-08
-6.201781920592639e-08
3.753159299706692e-07
2.175212338036181e-07
-5.5948456976553e-07
-2.39851732782955e-07
4.797787621389178e-07
1.768275261366428e-07
-3.0221448305870946e-07
-1.0147840780798412e-07
1.5466887955355382e-07
4.687562974913572e-08
-6.598783300465864e-08
-1.9481467329552387e-08
2.4190863104160737e-08
6.66929559143476e-09
-7.270433512717891e-09
-2.0743040486871595e-09
3.6393045552460798e-09
