[0.0, 31.0]
143.13316733673614
-1.4370463634070876
0.14200407914735091
0.008547400349457106
-0.0007812858733708114
9.006604151696494e-05
7.599974516855434e-06
-4.0723200419736955e-05
7.899410261942857e-06
9.06564686702747e-06
-8.71588518986185e-06
9.403138903866807e-07
6.035292862535484e-06
-5.956211692496942e-07
-2.178000707252945e-06
8.167539861754995e-07
9.429659742287058e-07
-5.261418025032529e-07
1.3998825374068292e-07
-6.703427557448082e-07
-5.050401809261693e-08
4.6894306059507944e-08
-1.5814169393740828e-07
2.2413552057956458e-07
-1.3110656654806965e-07
-5.269148600017373e-07
-2.9365509295837467e-07
7.561714467752006e-07
1.3981196399562805e-07
-4.805565903080627e-08
2.3246361776078802e-07
-4.134441736427636e-08
1.5070233125556038e-07
-3.198091303136067e-07
-1.8404458932249853e-07
-2.9590123541319085e-08
-2.400613747634128e-07
2.9845628279362106e-07
1.192877745585001e-07
1.002571215717561e-07
2.6346523332032624e-07
-3.1451216395838367e-07
-1.5757730905919367e-07
-3.494922613973306e-08
-2.2464740091384887e-07
3.4721468702969047e-07
2.9178405155657806e-07
-1.9840979783155905e-07
-1.6810439334737935e-09
-1.754492091354703e-07
-3.021248644459276e-07
4.1838436328053293e-07
4.0245979254453943e-07
-4.229946959217306e-07
-3.3014618706993757e-07
3.011545745472248e-07
2.0447359658334177e-07
-1.6699717351294824e-07
-1.0174814201781299e-07
7.90394124184505e-08
4.454319301647419e-08
-2.929200635058615e-08
-1.568670005902726e-08
1.2259653532274479e-08
5.4955656454730545e-09
