[0.0, 31.0]
287.1373598300972
-0.5671224797268216
-0.18108202498194279
0.0026709753762966916
0.00038808699796629917
8.513923960788545e-05
5.589348502507281e-05
-2.0348286898284303e-05
-1.260833980281425e-05
2.114020612468962e-06
-2.965674391640071e-06
7.995666486402464e-07
4.787979839522285e-06
-4.802900780029185e-07
-1.9717455747117635e-06
1.4598830439997628e-07
5.743313968610432e-07
-2.1792326061191052e-08
1.5359787356288158e-08
6.86264229696453e-08
6.000994889009598e-07
-3.9245879860676634e-08
-1.739708318245911e-07
-7.931012667215105e-08
-9.574523427273182e-07
7.258503779355232e-08
3.41775320644468e-07
-4.3557021181961584e-08
-2.3610144463789278e-07
4.438012987214628e-08
5.341446056950012e-07
-1.450213404013156e-09
1.5659758719664208e-07
-1.2828783048615063e-08
-2.612181635102228e-07
-1.5934634883575086e-08
-3.5307618527804536e-07
9.846980335270984e-09
1.8569658531069285e-07
1.6763905573080393e-08
3.8762039140969995e-07
-1.0964447188632904e-08
-2.3799310010586617e-07
-1.4280952289859469e-08
-3.2666420137148396e-07
1.6745253158329837e-08
4.355559225340656e-07
5.584157100425931e-10
-8.237294609854139e-09
-1.80230000565965e-08
-4.4332823783803417e-07
2.1015513884641724e-08
5.963812200046593e-07
-1.5358218354365903e-08
-4.915498652049627e-07
7.526437629661944e-09
3.0539316150867144e-07
-3.7218114499603644e-09
-1.5249241752321486e-07
7.667478675135641e-10
6.669747852340055e-08
-8.932954108526656e-10
-2.3855187174724918e-08
3.026208223695244e-12
8.417088133742674e-09
