[0.0, 30.0]
-0.27673813594638236
-0.016423430979295692
-0.00011394211769620178
-1.753113402527046e-05
1.1492530096131484e-05
-1.9086861954944415e-06
-1.8126487669543117e-06
1.5083793887307887e-07
2.7655366320766614e-07
-4.3209137170696185e-08
2.721905795389713e-08
9.180105072928774e-08
-6.199901646041667e-08
-5.486347011919737e-08
3.316255092600267e-08
2.8526339532597584e-08
-2.0610157480005946e-08
2.467473080096351e-09
-4.017966515279619e-09
5.311910962502253e-09
1.6365653755392384e-08
-1.53270362533595e-09
1.536496472545716e-08
-6.12770935395387e-09
-1.5610432598205393e-08
-6.7931791499810965e-09
7.2943958533669405e-09
-1.233331513537464e-09
-1.3737842530199065e-08
6.617738263779649e-09
1.5776336020962175e-09
6.757858933736833e-09
6.753979942968493e-09
-2.0714394728318445e-09
5.149367222492273e-09
-8.039971643079603e-09
-5.835565340596086e-09
-8.349293302684534e-11
-6.4389050482978295e-09
8.715601192596636e-09
6.264863812786806e-09
-1.2693459061068783e-09
5.164934018070159e-09
-8.508434907658133e-09
-9.065065825870888e-09
6.636260294821517e-09
1.5868624214334102e-09
3.4834221518019983e-09
8.107479096102772e-09
-1.0541752361054426e-08
-1.1772716542238465e-08
1.1448712077934823e-08
1.0142946266216646e-08
-8.442516926366157e-09
-6.547410592407891e-09
4.842936990077146e-09
3.2421694918183057e-09
-2.104315289122397e-09
-1.5283089769582404e-09
8.644225564083821e-10
3.233400263089795e-10
-4.558924399311507e-10
-1.780628994133798e-10
2.7423891344926186e-10
1.0009193340469029e-11
