[0.0, 30.0]
1.100468523855496
-0.0026350944952322386
0.0019006562576142872
1.8083713848614154e-05
-1.2801712126910424e-05
-1.632851087439694e-05
-5.666259786117624e-06
2.9795684655449387e-06
7.722201416156033e-06
7.661494383427827e-06
4.147351425252827e-06
-5.656004418502621e-07
-3.727970367205278e-06
-4.303146532191652e-06
-2.8223937738581994e-06
-4.4643540014490146e-07
1.6111798942133679e-06
2.404397076750423e-06
1.8596729225589776e-06
5.887294179399018e-07
-6.285064133414643e-07
-1.273605495342972e-06
-1.1404869437171566e-06
-5.221963395021137e-07
1.6656384095310176e-07
6.59435275962953e-07
6.983252200279464e-07
3.954441927597588e-07
-1.6844129249771193e-08
-3.1264662850711633e-07
-3.841907440750894e-07
-2.8214164637564005e-07
-5.354237818677432e-08
1.3450403982271318e-07
2.1329550425337202e-07
1.8682754628960028e-07
6.086823766544058e-08
-4.7551255987342266e-08
-1.1293345356242281e-07
-1.1994189991117074e-07
-4.9943889599455065e-08
1.2908117722021426e-08
5.6175341429241686e-08
7.615486430103472e-08
3.387076823031877e-08
-8.123048914647428e-09
-2.4302475033364688e-08
-4.013861828667889e-08
-2.1425251060884562e-08
1.2009193707508088e-08
5.062396295886511e-09
-1.3630383017722214e-09
2.03547120430208e-08
2.0949825477763113e-08
-6.32667186581381e-09
-1.7287801357385093e-08
-8.371688875501894e-09
-1.2642851681253146e-09
-2.594918723325662e-10
3.339744649347597e-09
5.6626912545076786e-09
4.764976969347021e-09
6.618222293645028e-10
-1.395674420556288e-09
-2.5893109462744512e-09
