[0.0, 31.0]
105.02673639727276
0.8477371986207007
-0.1841594702947146
-0.0035976912872890286
0.0003594498941628442
-1.782300127324769e-05
-8.4013718573404e-06
3.319689117414038e-05
-8.75068490541985e-06
-1.2277454574641573e-05
2.1077636831183085e-06
2.5620824997181274e-06
1.7731320449830033e-06
-1.214081487818013e-06
-1.5359986746788355e-06
-1.9248679613331843e-07
8.857860162278061e-08
3.1486849243002925e-07
-1.8056905488409656e-07
6.614950787875209e-07
9.755185489702408e-08
2.6669641468111784e-08
1.1733387437587936e-07
-1.7358789009959702e-07
2.8588702761285284e-08
4.774201525119373e-07
2.68520131858513e-07
-7.165618034741044e-07
-1.5777242597171747e-07
-1.207283901963314e-08
-1.433558018493012e-07
4.229670931799901e-08
-1.0261973339035561e-07
3.4071685503749574e-07
1.3855298616403697e-07
5.59223947366808e-08
1.6036391645258056e-07
-3.1272969484603945e-07
-9.381495186384617e-08
-1.2675116517388722e-07
-1.788475797224028e-07
3.310139355171269e-07
1.1861634473493289e-07
5.715142753487204e-08
1.484234134375841e-07
-3.7321646103974906e-07
-2.08910532459875e-07
1.9693476283720773e-07
1.0293069602391648e-08
2.0329920669183727e-07
2.0533836151611917e-07
-4.4954675551675784e-07
-2.819997271743186e-07
4.45587484082577e-07
2.3461721249387843e-07
-3.129989713171469e-07
-1.4674041852401226e-07
1.7155597607354128e-07
7.373105944003379e-08
-8.010087098355967e-08
-3.2761175172362275e-08
3.03662331814263e-08
1.1437228484616342e-08
-1.1811902819395103e-08
-4.116678828279069e-09
