[0.0, 30.0]
150.75879969043922
3.1458056747805196
-0.03391849945837516
-0.0029759989704041282
5.859667881152186e-05
3.232810595927266e-05
5.473319210006867e-06
-2.7095547079817995e-05
-2.4890008889162343e-06
3.284222762124535e-06
-3.4450569023898863e-06
1.065591159265145e-06
3.5566229996009276e-06
-2.954500876477406e-07
-1.021533447761328e-06
4.7509367971556476e-07
2.3554479106379952e-07
1.2395243218525455e-07
-3.090038988766942e-07
-3.033213894659903e-07
-1.3662580073575e-07
-9.950427294725629e-09
-1.2721830644456436e-07
3.06062068483165e-07
-2.377215068792506e-07
-4.932647101727293e-07
3.316931237789979e-07
2.1900642679439393e-07
1.8977935247777844e-07
-2.460866045995637e-08
6.115503864984607e-08
1.1775581666038542e-07
-2.561571265599072e-07
-3.193781622959917e-08
-1.7849469157328082e-07
-1.0112762983673176e-07
1.9519392106842808e-07
-5.5773355312048306e-09
2.2521447847637224e-07
1.0758308102946139e-07
-2.1486809525986787e-07
-1.168471034857614e-08
-1.7980433718320763e-07
-1.0893928786140175e-07
3.156895581111621e-07
7.923890448463871e-08
-4.844231830301492e-08
4.4162393443532324e-08
-2.803865943608984e-07
-1.3368685850499896e-07
4.097189932197093e-07
1.4161634468860006e-07
-3.4699864482454727e-07
-1.0268545087877793e-07
2.1811749851387758e-07
5.8451727752406445e-08
-1.1050559311092339e-07
-2.659458857126592e-08
4.7226281157012257e-08
1.057624555411185e-08
-1.7209937203113852e-08
-3.84920280539544e-09
5.202428202332249e-09
8.384826503167297e-10
-1.8458902165775037e-09
