[0.0, 31.0]
-0.20766048743298737
0.029453786180071915
-0.0006281277740319285
2.005065495640069e-05
-1.1206023753618708e-05
1.0822771197151803e-06
1.3304492233018046e-06
1.0174168743166215e-07
-5.198899096030203e-08
-3.319873646835268e-08
-4.9563600921523054e-08
1.0959000965063595e-07
7.035626551882144e-08
-8.966129596194534e-08
-5.1875440075763465e-08
4.1566835353316164e-08
-1.5648423775211136e-08
-1.1962540641790746e-08
-1.4565216381497624e-08
-1.3944950725746402e-09
1.3902568073505086e-08
-3.282158938424213e-10
8.021387603333155e-09
1.022476049020855e-09
-6.378015710346209e-09
-3.621058515050281e-09
2.6638983554602322e-08
3.802443186708437e-09
-1.431629334717018e-08
-2.3883598057246715e-10
-7.433087778330204e-09
-2.7863952344681587e-11
-7.964140056368517e-09
-1.6447381049316176e-09
8.770783596654867e-09
-7.154654078073342e-10
1.0890347350776576e-08
1.1290211796099283e-09
-5.648079454883401e-09
5.70750724730381e-10
-1.2095950250335615e-08
-1.527168185155375e-09
7.235549406070457e-09
-3.808235458097749e-10
1.040016595491603e-08
1.628628100218545e-09
-1.3673520068999017e-08
-9.507364339302794e-10
8.070817621501034e-11
-1.2607598446345563e-09
1.4129833648880924e-08
1.897053706425978e-09
-1.886861529397139e-08
-2.1288224068143966e-09
1.5574312729207145e-08
9.788219456311004e-10
-9.497521259953835e-09
-6.077835854819509e-10
4.559181167845114e-09
2.9840423058323404e-10
-2.2629907232655264e-09
-4.254990100798505e-10
8.667248085306528e-10
-1.3526648699308214e-10
-1.87356853704638e-10
