[0.0, 30.0]
1.1037466061808008
-0.01682517639475151
0.0019487518576801913
-8.321345346523533e-06
-1.1378854864674598e-05
2.0616816021752063e-06
1.6013317035911696e-06
-6.346729888184136e-07
-7.85871392118726e-08
1.1638619639464631e-07
9.705286068391518e-08
5.61303559524745e-08
-9.599776349600554e-08
-5.790638565883736e-08
5.461544403719036e-08
2.2593001568517072e-08
-1.9860569781679372e-08
-1.8498792003521687e-08
-4.153708683412167e-09
-2.2685565398519124e-08
2.3605073590758544e-09
1.588883669788067e-09
3.0789393629487324e-09
2.756724477341982e-08
-1.007266783898041e-08
-3.358775863372565e-09
9.087457520883198e-09
1.3238888407721388e-08
-1.1914648738826172e-09
-1.5634870406455638e-08
1.564788877201443e-09
-1.18292861422478e-08
-2.940743606685103e-09
2.8152362543515635e-09
-1.295736676753977e-09
1.5390901084026893e-08
2.0431627081504726e-09
5.355314535315267e-10
2.0990747763662494e-09
-1.6491080625808516e-08
-2.0176550864398962e-09
1.840364823053664e-09
-1.5176435178957023e-09
1.6936875409581473e-08
3.5355243671386975e-09
-1.2124180594084667e-08
-2.626086005686148e-10
-7.028041431151514e-09
-2.229258609929901e-09
2.018101090092379e-08
4.354923169068806e-09
-2.169443173245099e-08
-3.27656845911541e-09
1.5748625938479273e-08
2.231578530222539e-09
-8.630272293522646e-09
-1.387175512089389e-09
3.857855044586798e-09
6.402237158730763e-10
-1.5118949398722243e-09
3.074974023621519e-10
4.853453905454181e-10
2.700731348742297e-10
-4.2050156317137595e-10
3.510788239845922e-10
