[0.0, 31.0]
-1.3718674929161987
0.07344921840520857
-0.0008721334014152685
-0.00017951341586917505
1.9875489956455746e-05
-4.644202933807437e-06
-1.3062948540250218e-06
1.4300644478015618e-07
3.6596094608822427e-07
6.989623639273593e-08
1.1141621068147283e-07
-1.1333037905201188e-07
-2.0146563729552081e-07
1.0697449030886516e-07
8.26688149925952e-08
-2.6329871615857443e-08
-6.805275125917287e-08
1.8331888724334401e-09
-1.1497263496776595e-08
-1.6838190011495007e-08
1.1000644178055938e-08
6.414374005623295e-09
1.1657074118111535e-08
1.0377276949386438e-08
3.6878645979277236e-10
-2.0332907550226687e-08
3.2511030212238334e-08
1.570971358432981e-08
-1.677849205004412e-08
-4.522304108294668e-09
-1.5596028822092633e-08
2.8218755801200627e-09
-1.3078800077122032e-08
-2.6329874398314762e-09
1.4250117961714872e-08
-8.607588129525378e-10
1.846607229920034e-08
1.4678788774189877e-09
-9.809340769295621e-09
1.7173639688432318e-09
-2.0498201519338817e-08
-1.4039782413332323e-09
1.1693435573241988e-08
-1.2686932459657555e-09
1.6954482547739456e-08
2.37918280998805e-09
-2.2797101022500604e-08
-3.777261165622859e-10
-1.1455318273920558e-10
-1.9261396153051876e-09
2.262132343841055e-08
2.514539409597438e-09
-3.131447008536331e-08
-2.2583413666913805e-09
2.511428161089414e-08
1.5362739660738453e-09
-1.6087610971613623e-08
-7.738809737041974e-10
7.733272277131419e-09
3.549779720416903e-10
-3.4073514448885858e-09
1.3461281679559512e-10
8.3817222152039e-10
-1.7729805749018778e-10
-9.533334579411875e-10
