[0.0, 31.0]
347.699414503037
-0.4380383698365114
-0.1916367817236777
0.0016194041726784636
0.0006344421148615583
5.106911299826719e-05
3.066085246837979e-05
1.0946123476445655e-05
-1.2763825957844953e-05
-2.397003483093242e-06
5.779033098300733e-07
-4.2875144794542025e-06
-9.879163173442246e-07
2.615193340982849e-06
4.988774625991858e-07
-1.5661844232465612e-06
-4.3494633576079134e-07
6.920434630813752e-07
-1.0288076236272904e-07
5.047130503538013e-07
-2.927941242626001e-07
-8.70912563321206e-08
1.670513209473054e-07
-2.416200724318579e-07
6.081572262215995e-07
5.582494733260018e-07
-3.7264066641263786e-08
-6.530696567219558e-07
4.122826221765332e-08
8.019897370792942e-08
-4.133186716897964e-07
-1.1063020579445809e-08
-1.5901268144872534e-07
2.334631058270072e-07
2.4871024567525387e-07
3.789024764949759e-08
3.1528351472483594e-07
-2.040041015902562e-07
-1.7471982773797663e-07
-8.733295878068593e-08
-3.5015284622496173e-07
2.1613914149100444e-07
2.2098877808641185e-07
4.179900213565493e-08
2.9323136928494816e-07
-2.450092808080623e-07
-3.9671839114727797e-07
1.2594779474263913e-07
1.3242027191105276e-08
1.3630458051253727e-07
3.997307958459677e-07
-2.95701414432892e-07
-5.43533556340794e-07
2.9067741099689635e-07
4.4788411771482086e-07
-2.0308762543224045e-07
-2.7976405337729155e-07
1.115925088135823e-07
1.4098906771830577e-07
-5.201324978983856e-08
-6.040142787145112e-08
1.8870781275790732e-08
2.164963892711677e-08
-8.258204474177594e-09
-8.55028436262767e-09
