[0.0, 31.0]
63.51741107283203
1.808723891059907
-0.14952428761079692
-0.004796607006997587
-8.559015631649666e-05
4.351554991771053e-05
4.998528390173231e-05
8.304055403598898e-06
-1.63208722964108e-05
-7.874302309003813e-06
-9.44256152734417e-07
4.722068354529445e-06
4.126437774243161e-06
-1.478268516258432e-06
-1.752786453878741e-06
7.192585647643298e-07
9.842420011777971e-07
-3.108613002671373e-07
1.7297882191893222e-07
-3.2868760155065654e-07
-9.385063235131532e-09
2.9567392799157166e-07
-1.7181746176830305e-07
3.6280632301953926e-07
-2.437715647598324e-07
-6.009367898571772e-07
-3.341889177832441e-07
3.6305072688188253e-07
1.473729773927877e-07
-2.3058400562492898e-07
3.136686131982296e-07
1.0660278840097914e-07
2.0116593982987342e-07
3.339722566137112e-08
-2.3536877319858493e-07
2.2371559934141022e-09
-3.1670149667328224e-07
-6.012206693657548e-08
1.530270155908528e-07
-1.049238561467041e-08
3.5056452544203774e-07
6.137874509367058e-08
-2.0022116140433092e-07
-2.0163440397543976e-09
-2.989394274500345e-07
-6.404844856342952e-08
3.796359370876596e-07
4.388699676254025e-08
2.627622200096972e-09
2.639342107999869e-08
-3.988736965500882e-07
-7.680782734253802e-08
5.28656441816174e-07
8.141488330821875e-08
-4.295830324496849e-07
-5.998393122610382e-08
2.6559164081808105e-07
3.395091605596441e-08
-1.333762975907278e-07
-1.6467378400909938e-08
5.631046441415905e-08
6.226201786841345e-09
-2.0087266908194184e-08
-2.5559246382861694e-09
7.877260417837293e-09
