[0.0, 31.0]
344.4580846856767
-1.149215134619907
0.17286630884083393
0.007181886901254415
-0.0007820904526084761
6.335728678686513e-05
-2.061461769346571e-05
-7.709990369248021e-06
1.7036382969811805e-05
3.89228446601549e-06
-8.54498379078868e-06
1.1773440148616908e-06
3.7374805091444006e-06
-1.7680473629369223e-06
-7.574496637829984e-07
7.469870644736821e-07
1.1234715328760358e-06
-2.264718643359774e-07
3.846021946560322e-07
-3.665690821286063e-08
-5.039036707850674e-07
-2.2602473377397982e-07
-2.392900343001027e-07
-1.561410377557459e-07
2.576200043209906e-07
1.9120477602921219e-07
-8.927222797489898e-07
1.0552838336209166e-07
4.860401380543444e-07
1.5425569852448303e-07
2.1612944565888032e-07
-1.0318521556069061e-07
2.554007778107771e-07
-1.8981045030176035e-07
-2.77624405709719e-07
-1.876908280901121e-08
-3.412739710076127e-07
1.9775429181869777e-07
1.7620069172785946e-07
5.969975889487866e-08
3.81110820716724e-07
-2.0788471554754297e-07
-2.2823997821896136e-07
-1.7155945366354783e-08
-3.223093875662199e-07
2.267676243130762e-07
4.226516153574735e-07
-1.361056327952872e-07
-4.288706365985198e-09
-1.127446142842973e-07
-4.348815101958722e-07
2.727727835815029e-07
5.825707754005703e-07
-2.80170604463895e-07
-4.77836966827571e-07
2.0072507765559112e-07
2.964700054891689e-07
-1.1149205293369143e-07
-1.4845045714089549e-07
5.25558442416529e-08
6.416151585774306e-08
-2.0691436077192624e-08
-2.2244786613385595e-08
7.799779951439222e-09
8.771601181126542e-09
