[0.0, 30.0]
172.66089994677023
2.262322780340094
-0.10460944106069447
-0.004280957282901228
4.113725905745074e-05
4.136184260249206e-05
3.565897632452597e-05
-1.0493045935102321e-05
-1.3941286849383082e-05
-2.3894423856255235e-06
9.661159614806715e-08
3.821837371972668e-06
1.9726738523555618e-06
-2.1185086075205662e-06
-8.16062111183518e-07
2.7842648164430597e-07
-7.78645686833096e-08
-4.0766999522438155e-07
-2.742535513836065e-07
-1.926451889736835e-08
4.067616425372684e-07
3.857496090909143e-08
3.863740545238144e-07
8.278466636575848e-08
-4.567466453353893e-07
3.800931161307907e-07
2.673653791494259e-07
-1.8157550156731653e-08
-3.303126349469851e-07
-1.784753678156286e-07
4.1583136733245174e-08
-2.4863090953999826e-07
1.1988791491292372e-07
6.635229905104699e-08
1.1035302903686338e-07
2.841956913625928e-07
-1.0797751404988344e-07
1.2522508381443799e-08
-1.3079247315410782e-07
-2.996468578284634e-07
1.1735758840240992e-07
3.07500858436082e-08
1.0461804289714221e-07
3.0201726044177905e-07
-1.7672551047943215e-07
-2.2030360815344036e-07
2.365074826248091e-08
-1.2355039671999664e-07
1.6070839642212183e-07
3.707557270370077e-07
-2.3049547996183727e-07
-3.944058710184218e-07
1.9361075804662638e-07
2.859078526060847e-07
-1.2110307890259456e-07
-1.611267097910486e-07
6.123301737258069e-08
7.433696992981761e-08
-2.5127854406602488e-08
-2.9496134327020086e-08
1.0054382622828145e-08
1.0715370464546502e-08
-3.03730923059336e-09
-3.323500703040096e-09
4.174346558443732e-10
