[0.0, 30.0]
-0.7924230311025633
-0.011848250422396706
0.000138548809287609
9.163726451573007e-05
-8.950887179163991e-06
4.272260231831331e-07
1.1160513543656463e-06
1.3618841923110218e-07
9.659604510472675e-08
-9.516333479783862e-08
5.183843814041925e-08
1.490825100258249e-07
-1.5586258657899276e-07
-1.0623492698330162e-07
3.858345549143981e-08
3.6763368497470816e-08
2.4902711442736775e-09
-1.8025020643884603e-08
3.102128371973055e-08
-1.4082609624109753e-08
-4.576865990606975e-09
1.4949167280112543e-09
-3.4586002256325137e-09
2.0709292746039493e-08
3.639736254973811e-08
-1.1631214664531396e-09
-3.7436165477506904e-08
7.997309553035262e-09
-2.717252896718381e-09
-1.2369451363383187e-08
-6.6549858252733575e-09
-8.592079021059488e-09
1.631483680573137e-08
3.3031204657495807e-09
1.017285521379661e-08
1.2226095732770273e-08
-1.1433437744788671e-08
-1.185310307813804e-10
-1.32247216524451e-08
-1.2635489332566902e-08
1.2644149847159044e-08
2.017748573347943e-09
1.0243365291052564e-08
1.2278099540680242e-08
-1.8857102821010485e-08
-9.973056151843387e-09
3.210077488192342e-09
-4.630489810991925e-09
1.6707753814730377e-08
1.5584770950179964e-08
-2.3775539443982503e-08
-1.6797907438084123e-08
2.058002366049279e-08
1.2149270894660852e-08
-1.2971566775392199e-08
-7.158754909662763e-09
6.495438129627033e-09
3.0581065257744905e-09
-2.9023134264161815e-09
-1.374064463408569e-09
1.1831082024064048e-09
5.001100462394768e-10
-9.587786483938373e-11
-8.89549201834912e-11
3.1077154160210346e-10
