[0.0, 30.0]
336.5810263052295
0.45561598225192734
-0.17635226170047247
-0.0020488160429259286
0.00029923385295221714
3.63716064066346e-05
-1.5052470491242165e-05
1.8350307074570546e-05
-1.4204060881505563e-06
-9.066937890655841e-06
2.2099281094284826e-06
4.9697026188562885e-06
-4.316407471100731e-07
-1.8946948993588934e-06
-3.6214904676682187e-07
1.1128404867347332e-06
5.972623293736638e-07
2.2280569491672538e-07
1.7605187042595042e-07
-7.805957842763096e-10
-4.6116227027501435e-07
-6.316092843361206e-08
-4.633423340333479e-07
-4.356150105941631e-08
5.496229574430176e-07
-5.528231510633673e-07
-3.2641129433797727e-07
7.805195683436738e-08
3.998662993834365e-07
2.168585481897294e-07
-5.298962292488978e-08
3.176789552256565e-07
-1.439676514643907e-07
-9.653984765794588e-08
-1.3243812373296072e-07
-3.6177860703012915e-07
1.3007584473696358e-07
-5.97052526849227e-09
1.5618644501201936e-07
3.822370853456166e-07
-1.4198486905391162e-07
-4.824876063518885e-08
-1.2570007407152907e-07
-3.8247968029438574e-07
2.1227572523690863e-07
2.8786270377490073e-07
-2.917969828245456e-08
1.506751553784985e-07
-1.9294047864295028e-07
-4.7107966784772345e-07
2.7615901804143705e-07
5.05905314683443e-07
-2.3305311670001594e-07
-3.6867940771879164e-07
1.4549628295251016e-07
2.0885958430964425e-07
-7.337435977938095e-08
-9.694697671019456e-08
3.072035415468996e-08
3.830157102808677e-08
-1.1555904035041654e-08
-1.3850941172001427e-08
3.7058578260888654e-09
3.7633616140590154e-09
-1.0841432688028114e-09
