[0.0, 31.0]
12.078413240570214
0.8384557956133455
-0.1108539385609827
-0.012239342794259322
0.00032844554458903133
0.0001303039476390188
-9.51513362565841e-06
-1.169460275334104e-06
2.3512644913946245e-06
-2.468305727803204e-07
-5.105439238793065e-07
1.285922995895399e-07
1.1468149467887114e-07
-4.7074698479844707e-08
-2.523935864229447e-08
1.5554038285967475e-08
5.095682862034708e-09
-4.55560096600783e-09
-1.0494853921386314e-09
1.680761455883914e-09
-1.418934754852087e-10
3.080782765291147e-11
2.9733318280905495e-10
2.758505272813647e-10
-1.5381432681411502e-10
7.375962883434076e-11
-8.64262806622548e-11
5.861034557032372e-11
1.387263274726687e-10
2.3313761480724614e-10
-9.813142526648094e-11
4.211467270133652e-10
-3.8270355734108233e-10
4.2237706291376183e-10
-4.713514124209215e-10
-1.820070362251036e-10
-2.9521116796464285e-11
1.227581463221051e-10
-2.903513325741874e-10
5.468029411046465e-12
-7.061146754864948e-10
-1.1148671191434499e-10
-6.049947829886594e-10
3.3415415200777923e-12
-6.719814612770234e-10
-1.676709343531996e-10
-3.54886162123723e-10
1.7976763871079261e-10
-3.654696945621132e-10
3.396802275528999e-10
-3.8833958987981775e-10
4.714447398251879e-10
1.0732785770385941e-10
1.1947923624698614e-10
9.491207743922682e-11
1.323302034843611e-10
-1.4620881023529393e-10
8.4451975259224e-11
-3.811080086304322e-10
-1.0899197623043522e-10
-5.77078805211876e-10
-2.7851327630681114e-11
-2.1295851182193203e-10
1.1404728807723699e-10
-3.3740716724920517e-10
