[0.0, 30.0]
-9.063903929850992
-0.5832484643226696
0.013417368796922314
0.003985203591260452
0.0002552828809642957
3.0608836316908266e-05
6.133091999256784e-06
-3.6392738190901514e-06
-9.211831779556039e-07
4.269166419863628e-07
1.1036850398947429e-07
-2.8779961797122187e-08
-1.0930568899674846e-08
-5.152869264451878e-09
4.905541563668598e-10
2.8031152906307856e-09
-2.4061657375548597e-10
-9.036227879125018e-10
-2.10802957040665e-10
2.0004178942963446e-12
-1.9570505934193608e-10
-1.0131010302414958e-10
-3.120736015906981e-10
1.876354456336754e-10
-6.111956077184722e-10
4.0611964733395665e-10
-7.883028775679634e-10
2.2788384671607948e-10
-4.312958698764537e-10
6.38973175627174e-10
-9.03273960186846e-10
1.7443284152208734e-10
-3.041202752056121e-10
9.492171908411988e-11
-3.9049990111616284e-10
2.6389964067826663e-10
-5.811051910536866e-10
7.204350845735055e-10
-3.008194335985066e-10
7.384463309807335e-10
-5.084542972057434e-10
8.337749754171912e-10
-1.6896576331478788e-10
1.6821784928439928e-10
-3.3205503757105136e-10
2.377761763979835e-10
-1.133536748211011e-10
3.0746442232889546e-10
1.035716286921215e-11
-1.2543369712907865e-10
5.727484599483791e-11
2.1319437169251663e-10
-9.913470497404003e-11
4.3927382555411775e-10
1.1771512875331464e-11
-1.1330717356877597e-10
-2.606565542156225e-10
1.0607763434595267e-10
5.936916815494367e-10
4.344583305079365e-11
5.470372567983104e-10
3.044446873185462e-11
5.582810158131597e-10
-3.13955012654074e-10
1.6704162009093872e-10
