[0.0, 28.0]
316.48715918867833
7.256323861017482
-0.02257573507384569
-0.001207835800182987
-0.00020280860119824428
-1.1236528066951625e-05
6.261927580593055e-05
1.0292776702104669e-06
-1.9153568055535646e-05
2.2696229547074397e-06
4.74595288687219e-06
-1.656005453896901e-06
-8.212292176242697e-07
6.879469534159092e-07
2.045616303661989e-08
-1.97218487587274e-07
5.4069760565951115e-08
3.609110597940181e-08
-2.5909108863834275e-08
-1.7457499829149409e-09
8.370262488248562e-09
-1.6705340762552944e-09
-1.7565076981500588e-09
2.1556884075189962e-10
3.8427359322891263e-10
-2.993990560936095e-11
-5.819373426059686e-10
-3.749957355180557e-10
-2.8846320061688963e-10
-1.327591114101248e-10
9.897974700163546e-11
-6.028619344049545e-11
-4.979915465008473e-10
6.6168771628841046e-12
1.9703995244199824e-10
2.8727308412813325e-10
-3.5909470373837324e-10
3.222952655734029e-10
1.6377263967084893e-10
3.521343481530503e-11
-7.67720912980769e-11
1.878430480798445e-10
-4.3405022926723047e-11
-7.959312912627597e-11
6.616066995799229e-11
-1.5823461892943797e-10
-1.369379418297965e-10
-4.2598574953923433e-10
-3.856457790977399e-11
-7.418723908375504e-10
-2.651696336851921e-10
-3.0827059543803786e-10
-1.6309485404649437e-10
-2.9733640959272585e-10
-1.441222623854391e-10
-2.8726692093360646e-10
-1.1181282770776693e-10
1.2392072795153839e-10
2.909462636366545e-11
-2.640368297886598e-10
-1.8571462965642047e-10
-2.1426475556071454e-10
-1.9567575918603215e-10
-5.370946859534596e-10
1.976313432963102e-10
