[0.0, 30.0]
8.955815383056937
-0.49499719707878204
-0.02013344645442458
0.004324642299657855
-0.00034658156276830553
2.5907506171053783e-05
1.8051175708761826e-06
-2.009027861374135e-06
8.485207132503507e-07
-1.3944399972869676e-07
-5.418012933814811e-08
6.226919305644927e-08
-2.611956327538655e-08
-2.6668308508908547e-09
6.6877863713481955e-09
-2.511971776292216e-09
3.472990786729042e-10
1.551978154762353e-10
-1.7944012514963839e-10
-1.6206643127707387e-10
4.1325282844574194e-10
-1.2718985950155355e-10
1.1714904078992116e-10
4.310972669073565e-12
1.4410101137408945e-10
-2.777696818038753e-10
1.9439748675524292e-10
1.6564140806213661e-10
1.6730866825130548e-10
-1.0476815611307192e-10
1.2000392860932442e-10
-4.177101203006333e-10
5.762557391290388e-10
8.448266203088815e-11
1.3067443780897325e-10
8.757564058293738e-12
1.4364805898859172e-10
7.950582268606136e-11
2.859866684291063e-10
2.3983300586587094e-10
-6.676132925043883e-11
2.340536692686578e-10
-8.881591823982224e-11
4.2771772754557756e-10
-3.5081825526339085e-11
3.2904745523070714e-10
-6.058341707678245e-11
4.134213059030795e-10
-3.3415159035589563e-10
5.564949915794484e-10
-2.5602825238282233e-10
4.65562063312158e-10
-2.17455003622808e-10
3.569005612297884e-10
-5.299636530135189e-11
1.5140806413432983e-10
1.515121911340933e-10
-3.181290595481567e-11
1.9281816473750626e-10
-3.6883159890264864e-11
4.552520280646576e-11
-2.1919230611467458e-10
-8.725985829646936e-11
8.84611558238083e-11
1.5970954467418814e-10
