[0.0, 31.0]
243.63800525186338
7.883531204630746
0.05071276559387581
-0.0019787127602956863
0.0001320661344589193
-8.988897178389887e-05
2.2642028422570993e-05
1.2120703989612083e-05
-1.559601582690519e-05
-5.142179118899558e-06
5.13476563439084e-06
2.44190087105952e-06
-1.4873049855992416e-06
-8.606704694753325e-07
4.194570031288455e-07
2.7345115610484914e-07
-1.2252212295785644e-07
-8.918271337969205e-08
3.95510398675995e-08
3.052714267731819e-08
-1.2347994153735453e-08
-1.014205201221259e-08
3.776307613569365e-09
3.200024297089658e-09
-8.729797713278145e-10
-7.941480333128786e-10
3.1757152845963705e-10
2.3569190212937764e-11
4.865062314388002e-12
-2.0613678242430283e-10
-1.912166982079251e-10
-1.9907442694078947e-10
-1.5568151343919288e-10
-4.717101054814452e-10
-8.306611687910943e-13
-2.9430672184202106e-10
-2.672343177278895e-10
-3.3597274334820687e-10
-8.082504254741623e-12
-3.92380397729588e-10
-1.7398630240121058e-10
-2.9390634933791605e-10
-2.5320023187485393e-10
-7.193275428849919e-10
2.2829129517821446e-10
-4.661865527196713e-10
-9.755125514599882e-12
-2.3062392449517215e-10
2.5521787149333397e-10
-2.0979458621248575e-10
1.1169131605777636e-10
-3.765688471541294e-10
1.93377107056947e-10
-3.6873514693947724e-10
-2.365874785701652e-10
-7.133430006904304e-10
-4.756971765868402e-12
-7.792204458853513e-10
2.2292235383430142e-10
-4.2602676208109126e-10
1.9196797927737272e-10
-4.271808277784113e-10
-1.9703625941756694e-10
-3.9683001071047867e-10
3.025823050997585e-10
