[0.0, 31.0]
6.389001333733247
0.33485578337634947
0.008470981105853832
2.162640917699054e-05
-6.703149047993599e-05
4.327924522677929e-06
7.861380788666495e-06
1.134339036061534e-06
-7.406812052158906e-07
-4.926105877843047e-07
6.949189927680963e-08
1.09802603689959e-07
2.178158235579174e-09
-2.0966419483972714e-08
-5.144058141165167e-09
3.596264389952399e-09
2.291087814008686e-09
-3.6180337457060524e-10
-8.28605865241379e-10
-2.4322741002457676e-12
3.585855420209355e-10
2.0219584076930352e-10
-2.584256487714608e-10
-8.67549998148604e-12
-4.3674854974616516e-11
-4.4832026018991164e-11
-1.270828896756048e-10
1.4353507776652496e-10
2.0506182936789528e-10
3.367140108921524e-11
2.901845050740048e-10
-2.2245118735916215e-11
-5.179847620559759e-11
1.2358589267220627e-10
-1.213561293302824e-10
2.5113897056661664e-10
3.0059158781229375e-10
2.7513011170599517e-10
-3.3895398166089815e-11
4.4836145253853255e-10
1.3626415548954648e-10
3.5439940000177916e-10
-4.3473467627632826e-10
-3.5144642206961577e-11
-1.1942821694300764e-10
-1.3710836748300063e-11
-8.973565427918675e-11
2.4426476670745735e-10
-4.329744443371359e-11
1.3119073068984098e-10
-1.2892480109421787e-10
7.238198831134955e-11
-1.4125240224927365e-10
-1.1646288020295516e-10
-4.506257358149464e-10
1.409738761681799e-10
-8.085543705137165e-11
-1.2776033267447602e-11
-7.90906871626615e-11
1.3736258882198036e-10
9.91794362909257e-11
-1.7396132654051217e-10
-2.99672466150753e-10
-2.838602475508816e-10
-1.0826736661148837e-10
