[0.0, 31.0]
236.3051801807848
-3.617795683414037
-0.012731346815848027
0.05590113127750446
-0.0003794779391941547
-0.0002651442555004163
0.00012915366471356367
1.2901248542092364e-05
-3.104123317550037e-05
-1.3984615521875668e-05
5.978786853613663e-06
6.3028614562560904e-06
-3.0033922261700716e-07
-2.2586141121437332e-06
-4.986710563763643e-07
6.654173285812469e-07
3.4911857389132684e-07
-1.448579235441655e-07
-1.5861038893929886e-07
1.4108859533017267e-08
5.615389199474849e-08
5.380118982376481e-09
-1.7203255150816106e-08
-3.1264713806640393e-09
4.078510603752227e-09
1.7426508459522916e-09
-1.2485215549335397e-09
1.2065925839933553e-10
-9.412299663476301e-11
-6.598241499226593e-11
-1.6570187172574454e-11
-3.985891296925556e-10
-1.8301794472875386e-10
-8.396322716652559e-11
-1.3331921502301646e-10
1.2703706222938575e-10
-2.388227477058404e-11
6.005653878214479e-11
-1.1144915898497037e-10
-1.1796267620390402e-11
-9.89798238190673e-11
-1.0120515135743166e-10
-1.0612773025122945e-10
1.3283006442588873e-10
-2.8462024751983544e-10
2.818121210909237e-10
-3.264856502454466e-10
-9.957840542891174e-11
-3.332969242035165e-10
-1.8259790351370243e-10
-1.5326075059743528e-10
-5.862128562490676e-12
3.443204663620426e-11
2.9481466443447377e-10
-2.5116713293726396e-11
1.5276178064935624e-10
-1.560814760526338e-10
-7.707876810631738e-11
-2.009627776177382e-10
2.8859613987071517e-10
-8.365036719608694e-11
1.6232658752634862e-10
2.2603940134564147e-11
-1.2241864675478042e-10
-2.375856107705996e-10
