[0.0, 30.0]
159.20441163341278
-0.8512292619959164
0.4530284200385273
0.0015626951760942182
-0.002624268349293968
0.0002817457992612118
2.7993125833390072e-05
-2.9259396921201028e-05
2.212631376359242e-06
1.8082367253225536e-06
4.53893417226951e-07
1.3901444561338887e-06
6.798362242686026e-08
-4.7623061164092994e-07
-1.9230056365204882e-07
1.330432045863349e-08
5.174076125404268e-08
3.439936604130424e-08
7.25653693020245e-09
-1.0692522021107778e-08
-1.0206739819292568e-08
8.22084296794287e-10
4.0808491707344246e-09
4.366666431501099e-10
-1.2257254490740303e-09
-4.161269933003212e-10
1.350482663565027e-10
-8.912166762458782e-11
-1.0917520036454688e-10
-1.7543310853374252e-10
4.0671938656829967e-10
2.1440916665947947e-10
-1.1245655351430356e-10
-2.561604389810598e-10
1.641442405837695e-10
-1.7133847657734162e-10
3.666019123362453e-10
-3.393268714037907e-10
-2.2502905095299244e-10
-6.621561346707193e-11
-2.7409246519252774e-10
-3.8425236011504543e-10
9.090312671847736e-11
-7.33461644923513e-11
1.2830922534259487e-10
-6.570359471891015e-11
9.075288975816463e-11
3.276748553647115e-10
1.519987805966008e-10
2.435257029316223e-10
-2.155737659343088e-10
-6.09530168445821e-11
-1.061289268902057e-10
-3.3106527011208e-10
2.108860637183891e-10
-9.390489069008407e-11
1.9864878618563726e-10
-1.6247315492542535e-10
8.205817884631103e-11
-4.2025319601604925e-10
-2.577064183710716e-10
-2.634900902855166e-10
-7.046223378949497e-10
1.1478732060172157e-10
-5.562758761613051e-10
