[0.0, 31.0]
218.01283017986935
3.4772304041860322
0.338248049251743
-0.013997829118613598
0.0006411916927309649
-8.918528624353245e-06
-0.00011152935538993106
-3.7205052844573227e-06
2.9101617408841654e-05
5.2206469072286875e-06
-7.288492568345371e-06
-2.336511255868118e-06
1.6877196495513716e-06
7.387711326285376e-07
-4.008034905107357e-07
-1.9810167029217195e-07
1.0903540754213066e-07
5.1745865502290484e-08
-3.497856231787765e-08
-1.2853054765526267e-08
1.1821376229293519e-08
3.672421842946566e-09
-3.546099398268438e-09
-9.903990021599341e-10
1.0498927376057511e-09
2.015762706880344e-10
-3.177488815030349e-10
-6.888138358753335e-12
-2.9810566528127133e-10
4.845358136637509e-10
-2.488382591891878e-10
3.009175916600372e-10
-2.9221112936694253e-10
2.844884747800364e-10
-1.6812041727032764e-11
3.7678087338605925e-10
9.645157211233364e-11
-9.530238178463976e-11
-5.4494120337822343e-11
-2.394409327897846e-10
9.896574524096944e-11
-6.225957569640711e-10
-1.0765562529105784e-10
-4.547240928572312e-11
2.5274602163126044e-11
-6.326451724113313e-10
5.3321589117803304e-11
-1.6990645430338947e-10
3.2783454384900183e-10
-4.523533699357831e-12
4.919371903152806e-11
2.3243179557813295e-10
-9.411377885184085e-11
2.1875897783898164e-10
3.4591495823698554e-11
1.234231595877199e-10
-3.288390230710739e-10
1.844026110264074e-10
-2.2401663241592018e-10
4.723688747664839e-11
-3.9303697757391086e-10
9.484558249813761e-11
-2.669695898700687e-10
1.4211835767531715e-10
-4.327362578684859e-10
