[0.0, 31.0]
-5.028510109254088
0.26608870087085995
-0.009058805826751408
0.0002717168383392757
1.6670485945453454e-05
2.2092502218398348e-06
-3.0097991356885157e-06
-8.135652144851038e-07
1.6129585284868475e-07
2.540917408892846e-07
3.011713839536182e-08
-5.47325088889376e-08
-1.9467014491005147e-08
8.33461147461477e-09
6.886723065487511e-09
2.5337510889543036e-10
-2.1189367648988413e-09
-4.671139268022191e-10
1.3054833745568506e-10
3.8957377527731436e-10
7.954885923241948e-12
-8.026922445547367e-11
-1.6799513218813328e-10
-1.5032181923032705e-10
6.329954678377448e-11
-1.12611531823361e-11
1.463329401989743e-10
-2.158779874040233e-10
1.912939724152318e-11
-5.918967147332901e-11
-6.905907144200306e-11
-3.395416883164195e-10
-1.2756168288774396e-10
-1.3543766886102489e-10
1.5256121654111653e-11
-2.0330991618597018e-10
1.019821310510172e-10
9.783356668218287e-11
-3.0750907357956273e-10
-2.2289557365278307e-10
-4.397658555289731e-10
-1.0972080385768793e-10
-4.964732720303797e-10
-1.3184545803105827e-10
-2.4849464645709354e-10
-1.3979912613221474e-10
-1.0751641378658588e-10
-9.24040462820722e-11
-7.473978131610466e-11
4.028297459079716e-11
2.5347319135774012e-11
8.1296094657443e-11
-1.6485872847422192e-10
1.8894883794912854e-10
-1.1859989283590178e-10
2.721693197572118e-11
1.1597041849647856e-10
8.277885882974779e-11
4.569213533191074e-11
9.832355484036653e-11
4.3925929942021233e-10
8.309560486545065e-11
-1.9111502637342365e-10
1.6044663293116874e-10
-1.581002051482041e-10
