[0.0, 31.0]
3.9883035022920352
0.18449984907335623
0.001987672151622778
4.7520448213231625e-05
7.1433432936199156e-06
1.2207398763343535e-05
-4.111611756165045e-07
-3.2365646064207575e-07
-2.2907737045424937e-07
-1.6914006526006552e-07
6.623783994396729e-08
2.5946774864183113e-08
-6.922422331814472e-09
-6.382040240168166e-10
-1.0771006202697446e-09
-5.573764468001942e-10
3.585199056010595e-10
2.8839120724471984e-11
7.919875547962378e-11
9.071329346275067e-11
1.8240335555355737e-10
-1.0865166633591551e-10
-4.4541795156910085e-11
-1.119092796169553e-10
-9.567651632779762e-11
-2.8926550357174183e-10
1.0640588568894072e-10
-1.0043579325099756e-10
-2.900723181652679e-10
-3.7153961539100076e-11
2.829459338431965e-10
7.194476218125159e-11
-1.0084647845497947e-10
-6.531966089264486e-11
4.4305147512980836e-11
6.219851413257581e-11
-7.350294262504371e-11
-1.278639530159134e-10
-1.1677490797118228e-10
-1.5678216959950425e-10
-2.823937556742539e-10
8.848676457038621e-11
-1.2322652568710735e-10
-4.981694447280766e-12
5.228910372135347e-11
2.3901179290195323e-10
1.3392584397256131e-11
1.5118584178005222e-10
9.696534048325304e-11
1.2885327043847939e-11
-2.3204689442893102e-11
1.491158947604426e-10
2.1826715840560208e-11
7.497148125184766e-11
-1.3545357253473052e-10
6.020017568499544e-11
4.251334418623826e-10
-8.194077903934216e-12
-4.6349151930316814e-11
-6.023410827142417e-11
1.4921716403057835e-10
-1.0639227864593955e-10
-8.562596716905677e-11
1.23622207946771e-10
-3.292499420929037e-10
