[0.0, 30.0]
278.5095175954855
3.2986359579256628
0.30363223516075183
-0.011623778957857928
2.8237086214305898e-05
-6.654439103711105e-05
-1.609315868587804e-05
-1.2539362262031567e-05
8.91875428318256e-06
2.7956424131118215e-06
4.2584834693947856e-08
6.33402123083171e-08
-5.687121823773044e-07
2.014982004332948e-08
1.0225986481180977e-07
-2.0765223714436606e-08
7.345313726575268e-09
-6.102158266896294e-09
-7.422229726371798e-10
5.471073226662165e-09
-2.9636017240136666e-09
-1.7895144374485739e-09
2.2743808509783913e-09
6.242154019429629e-11
-3.4415827997390997e-10
1.381991473753611e-10
2.84360242031784e-10
2.146782197980752e-10
1.6145541721937273e-10
3.710178159661787e-11
7.66562565138915e-11
5.941249019640509e-11
8.7543540463443e-11
-6.289845814304735e-11
3.218695787847453e-10
-2.326212769682329e-10
1.6623377056158917e-10
-2.4638962239382683e-11
1.2866565054643206e-10
3.8601851671024294e-10
4.301603314080351e-10
1.1333375051444534e-10
5.770648441102367e-10
-5.718876065083456e-11
3.4122349094205757e-10
-1.9053278662298005e-10
1.1895969913593642e-10
-2.269010127372984e-10
1.4265351548348576e-10
-3.195782673151535e-10
1.0287936339787643e-10
-1.375431742568473e-10
4.8182146899375e-10
3.8000271676629415e-10
2.594845671185956e-10
3.2911987946905466e-10
2.529932817633757e-10
5.258207716683774e-10
1.8108593636054786e-10
6.867765752003602e-10
1.754249390646321e-10
3.6039434814933716e-10
3.5190593298247823e-12
1.4307078672820564e-10
2.826328419039891e-10
