[0.0, 28.0]
142.42703579798732
-3.589682554008881
0.03134366928332308
0.03849002789023863
-0.00022986286887047275
-0.0001149996568338583
-3.6902522470800205e-05
3.385254487234804e-06
6.375344810404421e-06
-2.3184625891012154e-06
2.938644404236793e-07
1.7777902861166146e-07
-6.082119919130147e-08
3.8068321125446506e-08
-2.6124445009740944e-08
5.765699970797086e-09
6.954422837357748e-09
-6.726926701255795e-09
-5.222864541854186e-09
1.0990570613518871e-10
3.501602971427088e-09
1.2646495870304551e-09
-1.4705317069956662e-09
-2.924615340684044e-10
2.706623491894303e-10
5.000638167000444e-10
-4.396748396730644e-10
1.7278426259407273e-10
-3.690111784218901e-10
-2.5790749448654736e-11
-2.2330981299385417e-10
-1.6038469434179346e-10
1.4964917552999506e-10
-2.1142017703494016e-10
-4.55119433609036e-11
-1.0050936791894162e-10
-7.873408967557773e-11
1.4360113463391482e-11
5.4093186646601774e-11
2.3399895231957454e-10
2.2419927326635667e-11
1.0351407041077432e-11
-1.9181922119818102e-10
1.842530553676004e-11
-3.0824380345454776e-10
-5.444313621109991e-10
-6.592745287149451e-10
-1.2169327043820687e-11
-4.558892968014647e-10
-1.9811991342113945e-10
-2.1022789451549102e-10
-2.1841726402927932e-11
8.479129217742065e-11
1.4789499822765085e-10
-3.0162951348787494e-10
3.354919731185065e-10
-2.475181397560778e-10
5.063549528402867e-10
1.4608326502568385e-10
5.071607792528428e-10
1.5974870323781934e-10
-7.032663026168202e-11
-1.6822670357881063e-10
-4.4251069058548374e-10
-1.927250896508199e-11
