[0.0, 28.0]
219.99456019095243
2.8735413538860493
-0.2833795719469276
-0.010368946839189284
-0.0001589622866547452
-8.53063560186069e-05
1.90045660589149e-05
9.470980213604084e-06
-5.739773659447722e-06
-2.7775048493198953e-06
1.0418237953050449e-06
1.28915392092106e-06
2.4979245582377827e-07
-3.3859751331835586e-07
-2.521379521133704e-07
1.2112068412831867e-08
8.93089008296082e-08
3.114399250874636e-08
-1.7935928510224483e-08
-1.7778579084056937e-08
3.897597962157721e-10
4.80535507071466e-09
3.0822814710389805e-10
-2.1814153087343037e-09
-4.4310465507937445e-10
-1.3802476824243538e-10
-3.174224563885556e-10
-5.746814811729995e-10
-4.565942489551083e-10
-5.204788352198964e-10
-2.46310778394003e-10
-3.808405396364472e-10
-3.389973020575872e-10
-8.831202419610805e-11
-2.7578933042837476e-10
-6.081266594280428e-10
-2.170606652738852e-10
-5.398932950941507e-11
-2.2217270623613914e-10
-3.128619992174697e-10
-3.3577823317626046e-10
-2.862802707305988e-10
-2.0035997840282542e-11
-2.524035167613571e-10
-1.5457090668246602e-10
4.520834330260057e-11
4.435243449676927e-10
-1.3642358651492435e-10
2.6240741980649286e-11
-2.1679503822824367e-10
1.5559092570953714e-10
1.162420449626154e-10
-1.5068969715237013e-10
1.530127406823854e-10
-1.3645762991978615e-10
-1.2825234622116638e-10
-2.0882864519117088e-10
-2.316613249928463e-10
-5.6468949320499336e-11
-2.0353702998103454e-10
2.467115817199569e-10
-2.1037509260798146e-10
4.3429318840333824e-10
-3.6750754319360673e-10
3.118783937094937e-10
