[0.0, 31.0]
353.22774442693816
6.347466377813862
-0.1302975437061094
-0.00504049157302842
9.016320248380573e-05
5.1608227416011124e-05
-8.080732943813e-06
-1.9102175136183524e-05
-8.821674678875785e-06
8.628712848151707e-06
2.6101184526382993e-06
-3.8510703918151635e-06
-4.653411909381435e-07
1.531533288301156e-06
-2.0916361351537178e-08
-5.613837940060401e-07
8.605458746588183e-08
1.973053828032154e-07
-5.9608830475512e-08
-6.491597965913912e-08
2.599541944538854e-08
1.988534086593613e-08
-1.014130829019381e-08
-4.857389933793785e-09
2.1741239022991716e-09
1.6945166109899e-09
-1.2488246926953796e-09
1.8647250184190003e-10
-7.161714889131217e-10
2.651476211505374e-10
-4.658394878996529e-10
3.3303602124488513e-10
-6.517544148370667e-10
5.477968984210003e-10
-6.104227562681811e-10
1.5786213696284672e-10
-5.654240041109626e-10
4.399118171619498e-10
-5.408123398955032e-10
5.411750956950734e-10
-1.6181042510817674e-11
2.1643200201419238e-10
-3.1861891008557073e-10
5.539989893013504e-10
-2.606786211457049e-10
6.795676547809797e-10
3.351573168356833e-10
1.980011678477954e-10
-1.5068580846873405e-10
4.43830049896717e-10
-2.138471398682859e-10
4.247429208074495e-10
-3.7639195409565647e-10
1.9942602048950101e-10
-2.5934449716303354e-10
1.7894427817979647e-10
-3.0183348149734645e-11
1.171219073705756e-10
-6.364622531949212e-11
2.4340717264522433e-10
6.636691588268849e-11
2.8746473033763603e-10
-3.008015077331653e-12
2.1963106564914201e-10
-1.4723006005590273e-11
