[0.0, 30.0]
274.25312205909336
2.673715369445057
-0.36581589394955283
-0.01226661615132561
0.0003104720130909872
-3.774407494635122e-05
-6.525788556800953e-06
-1.1386064579376698e-05
-1.0482541247571485e-05
2.087312561673686e-06
4.586077363619959e-06
7.602150620495774e-07
-9.945147986605278e-07
-3.2539554996297507e-07
9.743878256102111e-08
3.917519506782235e-08
1.1527978596400467e-09
7.066860413039119e-09
2.1352144659314182e-09
-1.972857402385384e-09
-2.7533609307217712e-09
-1.17688969211045e-09
1.4145668483184306e-09
8.330441399663983e-10
-6.064107345318871e-10
-3.667755180145262e-10
1.5203266141254206e-10
4.452167176448178e-11
1.7521289119195993e-10
1.5780738306600613e-11
3.0786281089313293e-10
-4.0697590132964787e-10
4.13022873499118e-11
1.7377824416252823e-10
-8.143367743711441e-12
2.0620645777397614e-10
-3.525311864357263e-10
3.3900517368077634e-10
-2.466498898178089e-10
4.0337875829779213e-10
-2.690292674316529e-10
1.7833800179372442e-10
1.2942191373842777e-10
1.3720801438474545e-10
-3.7039461848655835e-10
8.954687328808225e-11
-1.6894264573917825e-10
1.1079141027827364e-10
-3.3843998955526053e-10
3.4871301217095096e-11
-5.918914848572736e-10
-1.1392309976260861e-10
-4.6552289070274676e-10
-1.0280056618655309e-10
1.365463560204449e-10
9.933584045077067e-11
1.350186145938705e-10
1.2163028703918007e-10
6.555456787944582e-12
-8.805185756655991e-11
-1.0463215987004904e-12
2.919346606549525e-11
-1.096379787865239e-11
1.4223654837845164e-10
1.9828050668082182e-10
