[0.0, 31.0]
3.6165180475821272
-0.23730684017337642
-0.002824954841748021
-0.00024126843476666288
-5.396347888150331e-06
1.2522331841291121e-05
1.2389290330413423e-06
-3.0516720620299394e-07
-3.4625281489505666e-07
-2.371062943715801e-07
2.076559230480151e-08
5.443447874020482e-08
1.2468738657344192e-08
-4.261128512311975e-09
-4.316825522720197e-09
-2.006142791066314e-09
1.4812493278732708e-10
2.4865617120027763e-10
-2.5543339470945244e-10
-4.823524310741896e-10
-3.554547458226151e-10
-3.147266939447346e-10
-2.5204471282186734e-10
-4.4716619596444356e-10
-4.161107266328247e-10
-5.666926057177853e-10
-1.3554768452803188e-10
-4.420641207895476e-10
-2.460414673915657e-10
-1.627916354586971e-10
1.5439095793782414e-10
-2.6179451773309996e-10
-1.4442762193566776e-10
-5.238423235640748e-10
1.1497697950911789e-10
-1.3879235423633328e-10
-2.1857757684586285e-10
-3.4363653654094524e-10
9.017707315388916e-11
1.018421330596381e-11
-5.867091654228709e-11
-2.4417498195891713e-10
2.860261107891197e-10
1.7219793353446278e-11
-2.909933091182995e-10
-4.9377100633916e-11
-6.604779633663444e-11
-8.845765786224261e-11
3.146375001408399e-11
-4.880952985302252e-10
3.1090344103964056e-10
-1.1754841578777615e-10
3.271007689390237e-10
-5.334072683630467e-11
2.0431488491600812e-10
-3.13160632005791e-10
-1.0011576547254465e-10
9.091646732639064e-11
1.4154237576205903e-10
-9.620947353281095e-11
3.398122273651841e-11
-1.4115349802175256e-10
1.1255460151330647e-10
2.3188718647533655e-10
-5.228817102544698e-11
