[0.0, 31.0]
274.47460013852276
8.317070435064824
0.0032043790385179022
-0.0012940561309356736
3.899848334032128e-05
-4.76403141280708e-05
3.4905730996298702e-06
-2.3130310275362553e-05
-2.7245722972111347e-06
1.3266588022896217e-05
4.868414597812644e-07
-5.499282076158034e-06
5.300478494266272e-08
2.209292401340028e-06
-8.544477479788354e-08
-8.565357496730632e-07
5.2182379381049956e-08
3.1951860948127076e-07
-2.4192739643373364e-08
-1.1182287778476581e-07
8.816191940623223e-09
3.5149472683012625e-08
-2.5132744394861313e-09
-9.424779658612158e-09
7.218687472947787e-10
2.1629449316738205e-09
-1.5101985709128975e-10
-1.9039575339729566e-10
-3.7396448649805785e-11
6.017399279631493e-10
1.0078203102062246e-11
2.3382647583770217e-10
8.989454952014413e-11
3.070876251615077e-10
-3.564542872561551e-10
9.591193058300233e-11
-1.676042339787967e-10
-8.227563597788317e-12
-2.8809971598539104e-10
-1.590405915101596e-10
6.334979641923163e-11
1.6786976009422137e-11
-4.015409377489448e-12
2.1020471049637658e-10
4.7360449998220534e-11
1.5201300093438475e-10
-4.1068248937815777e-10
5.569013237708968e-10
-2.2577461476500008e-10
2.901375833795612e-10
-2.4449152796543373e-10
5.373470983565036e-10
-1.9549377197878938e-10
6.893643123626057e-12
-3.312245817095369e-10
6.683372603308747e-11
-1.265222936219349e-10
-1.6827241970161605e-10
2.4392215337418405e-11
8.433170588274965e-11
-3.2261389775578004e-10
2.038431757068079e-11
-3.344989243370725e-10
-1.8112438426312384e-11
-2.1431503902957277e-11
