[0.0, 31.0]
-2.6472390240695094
-0.44743983358391093
-0.005938137397418331
-0.0003494382364451224
6.747044365432991e-06
3.6512036293959127e-06
-1.2018643983018536e-06
-1.8269170384054262e-07
-8.505260719733098e-08
-6.495813683060823e-08
2.491260485125566e-08
1.7662273059687653e-08
3.0752701161407814e-10
-9.577609409623612e-10
-3.6456890146874983e-10
2.214599596534595e-11
1.405539241787659e-10
1.6620807287436094e-10
9.864442770299429e-11
-7.905492980360723e-11
2.9624650590470313e-10
-2.1828558918898922e-10
3.68563860275698e-11
-3.5148762177810904e-10
3.6589214113205876e-11
1.2625476057430063e-10
-1.7623575791389308e-10
-2.0228985236678778e-10
1.904002110142473e-10
6.290809583077598e-11
2.831570521919816e-10
2.8069462817480074e-10
3.414309596888843e-10
-1.7695851456772969e-10
3.0328644311540823e-10
-1.93584702304409e-10
4.441657370615053e-10
2.0309585191003156e-10
3.5392519032740994e-10
3.13715298826087e-11
4.728943847632288e-10
6.308004720478019e-11
1.0234575720967195e-11
-7.675532748806626e-11
1.2066729322970435e-10
-4.726592911432182e-10
2.336327448090304e-10
-3.063671118386843e-10
1.4474212833235453e-11
-4.066217367490641e-10
-4.994975522702382e-10
-4.1805142319380213e-10
-4.104900257839644e-11
5.298379902298894e-12
1.9718663158946627e-10
-7.721453267317281e-11
-2.565486498332237e-12
2.0627209139049452e-10
5.820788715819184e-11
-1.9821793083085753e-10
3.5955785874535827e-10
8.380943353736631e-11
1.6609049161847568e-10
-2.3300404783430144e-10
3.0755653463100134e-10
