[0.0, 31.0]
303.4058439730374
3.659832824170951
0.29676403788142186
-0.013678805617574095
0.00015914449632899256
0.00021375879009057324
-9.043027123545056e-06
-4.791009699862445e-05
8.518523932300187e-06
1.2444194490534819e-05
-3.7298709622075095e-06
-2.766817473516326e-06
1.293719079539746e-06
4.2851665139357603e-07
-3.8827068987368503e-07
1.8848705158078133e-09
9.826150836529077e-08
-3.1258966386316915e-08
-1.6668382341898996e-08
1.4071594641573702e-08
-1.7651046490817483e-09
-4.8069846407010205e-09
1.5793245119481666e-09
1.0895116196704139e-09
-1.1731619101684991e-09
-3.1839482643505487e-10
-2.610743441235334e-11
-1.6870091402007262e-10
-3.784132022016499e-10
-2.129513938931018e-11
-4.332526747965756e-10
-3.296852250405635e-10
-3.164977491175508e-10
-2.1085722378963407e-10
-5.920116061756676e-10
-6.353588956287724e-10
-5.820175076680898e-10
-3.9020714209833617e-10
-8.091750534589572e-10
-9.839344403297803e-11
-3.473839680370866e-10
-2.2079211159999112e-10
-5.486081123820182e-10
1.2599625955869352e-10
-3.344634398353886e-10
1.8493083541586866e-11
-4.431166265618508e-10
4.508716394237483e-11
-2.581513293367137e-10
-4.400337495368344e-12
-1.783324632445424e-11
-4.047092378062908e-11
4.33971480002974e-11
2.529028502299994e-10
1.4790673302253496e-10
1.3654213938280624e-10
-3.690140166218633e-10
2.742376393478777e-10
-5.007104507808571e-10
-1.2247944146488608e-10
4.431817108695207e-11
4.087169155513069e-10
-1.663102362610141e-10
4.107676204677571e-10
-4.342688461071834e-11
