[0.0, 30.0]
-7.214381503005641
0.03199882822949414
0.048992798740687904
-0.004587932617145372
0.00014277913400963967
-1.0156644108628129e-05
-5.0465960788839505e-06
1.616083667872524e-07
-7.360784060493919e-08
3.46492149821346e-07
1.294152369968387e-07
1.1173454232856581e-08
-2.4606121192961902e-08
-1.1148108356450463e-08
-2.0951226254999042e-09
4.88460882427419e-10
2.81907391691997e-10
2.705442994798644e-10
-2.7311566410666806e-10
-3.411015929426697e-10
-4.284066565819519e-10
-1.1599524572390209e-10
-1.7154997507845977e-10
7.03964530910011e-12
-4.6413031388177965e-10
-1.5224796359977983e-10
-3.394899839033616e-10
-2.035825611173493e-10
-1.8596392745722682e-10
1.1368142203998953e-10
-2.2299046936506632e-10
-6.232444469885606e-11
-2.3337342692194267e-10
-8.199438733988841e-11
-3.127330473664787e-10
1.2596740710553011e-10
-3.842916065669104e-12
1.2334765416555192e-10
-2.331757059212483e-10
-1.8350978701280487e-10
9.63547677188398e-11
1.8306061183621987e-10
-4.400030196937046e-10
-7.564674297866297e-11
-2.6385254758131945e-10
-1.5912934861083577e-10
-4.332602344003646e-10
-1.3165467851261686e-10
-1.7861067733631e-10
1.7570820215929019e-10
-2.024192350906259e-10
-5.2213849309417344e-11
-3.07904002260723e-10
4.08012403874133e-11
-3.5005193272451793e-10
-5.565638264942827e-10
-1.7271231993450881e-10
-2.5043426262172986e-10
1.9108369751023727e-10
-3.2056562697937627e-10
2.3652496076683954e-10
-3.7212802929916306e-10
2.7231590185527153e-11
1.0160711178571541e-10
-3.017499256728586e-11
