[0.0, 30.0]
115.87452386553154
5.495978784941271
-0.0909521935768237
-0.004075527904484023
-0.0002164473307420586
-8.554293938180315e-05
-4.727542580340773e-05
5.236285630020235e-06
1.4989601621167798e-05
2.5448865067716626e-06
-7.117592905259067e-07
-1.5036242501149843e-06
-2.707869391918365e-07
3.465122162289192e-07
4.938227118995544e-08
-2.1740789676787257e-08
-1.901603403230943e-08
-5.603554219309144e-09
8.734803583750689e-09
-1.3997072302238289e-09
-6.588082288063128e-10
1.3485907472081449e-09
-6.557265607564352e-10
-6.817735910242471e-10
6.381923800165825e-10
-5.0505910720992096e-11
-8.399344889216696e-11
-3.5027225112409587e-10
5.232512250358271e-11
-3.5236603241007606e-10
3.109781576048492e-10
-2.510971498495724e-10
-4.643975845815409e-12
-9.660332398428614e-11
-2.6630916731337723e-11
-4.027031600286814e-10
1.1330449594259216e-10
-9.028953809957387e-10
1.9200194733423512e-10
-8.926023513819416e-10
-2.2927870240156522e-10
-7.517062119875607e-10
-2.747961534968088e-10
-2.8265361571e-10
-2.5580687647343015e-10
-3.415398142821814e-10
6.325544238732907e-11
-1.1866008350723156e-10
9.877070682832218e-11
-2.8377748825782555e-10
2.1680981977705707e-12
-4.857463281178461e-10
1.4364470406475716e-10
-2.642035455893094e-10
8.140544131772649e-11
-1.1380852392779353e-11
3.065212045036375e-10
-5.107745901918057e-11
3.640577897249318e-10
-2.0079473937202447e-10
-9.688874186181203e-11
-2.300813299760607e-10
2.9948264325730915e-10
-3.975852373779551e-10
3.318753962183365e-10
