[0.0, 30.0]
107.59948878231675
6.48872165760469
0.03778523421329864
-0.0016357258009938734
-0.00015375756176507754
-2.0635813614218978e-05
4.676543533958615e-05
1.8113749234885705e-05
-1.4511182482110305e-05
-5.374558210648142e-06
4.634282380697834e-06
9.007551674592504e-07
-1.177225085288157e-06
-4.4575965814661155e-08
2.0153442322513155e-07
-2.3690725800064635e-08
-1.1837979048066195e-08
5.3487524379345005e-09
-2.7812224099477977e-09
3.996505436423448e-10
1.3323976284085774e-09
-2.3854913118847927e-09
1.257446181195485e-09
-1.5180785611037748e-10
4.591859756763944e-10
-6.008486419514502e-10
4.980181641444365e-10
-6.244440060632672e-10
6.905855961520552e-10
-3.4628232204061457e-10
2.4240862704736215e-10
-4.480920824079694e-10
1.4439754058951478e-10
-2.7787798660776526e-10
-7.874404139446503e-11
-9.211213668510348e-10
-1.3426426913512635e-10
-8.827843208747372e-11
-1.8322039965483564e-10
-5.895797871400774e-11
4.3512886194315226e-11
-2.0195383437330135e-10
3.30462588640437e-11
-9.089165924077652e-12
-1.1114689169128225e-10
-2.338895253060636e-10
-1.5681503083869576e-10
-9.331708132067637e-11
-4.903583526951449e-10
-1.2661265685920984e-11
-1.9818788492202864e-10
2.46462700758105e-10
-1.5091228206123198e-10
2.344816842887568e-11
-9.244929842463356e-11
-1.8246356035328664e-10
7.859066577002821e-11
-4.250169844230993e-10
2.1095892358538046e-10
-3.7468029422568503e-10
3.858527730637786e-10
-1.787963254712629e-10
3.741435277564181e-10
2.5409361388229704e-10
9.630525734378143e-11
