[0.0, 31.0]
5.9620970284231
-0.29436546007712927
0.006516364376892748
-0.00018755364192966732
-2.3334667503641908e-06
-1.0927471216225798e-05
9.280116060484571e-07
1.7158275130293873e-06
-3.1839655937942217e-07
-3.2480217429494396e-07
1.0848926109797923e-07
7.010123526596147e-08
-3.463534799818684e-08
-1.4769790630626283e-08
1.0907874096528787e-08
3.2377272536173457e-09
-3.148665469919618e-09
-3.5213009986303335e-10
9.623467445557852e-10
9.406612976979286e-10
-4.2800338869769297e-10
4.0374827618997825e-10
-4.75102699038086e-10
5.513647457296958e-10
-2.150100147664874e-10
4.107936296845661e-10
-2.89515895097992e-10
3.1623322572038353e-10
6.69762596529242e-11
4.0063135069426417e-10
-2.0075967686476763e-10
2.1481336560655805e-10
-3.4544155176020077e-10
2.4608828200770576e-10
-3.8125476590838796e-10
4.942098508298065e-10
6.9532141872490884e-12
2.1186893866235744e-10
3.15090482023846e-10
5.740596746219631e-11
1.6040618206844358e-10
1.7302947548304154e-10
5.349186622424129e-10
3.8669438065115343e-10
4.3001322856239126e-11
-1.1619629294206856e-10
-3.77264273753967e-11
4.874657410221425e-10
-3.1899653718951824e-11
5.227099539157758e-11
-3.5845056022805333e-10
3.5768839530679086e-10
-4.4652021293647094e-10
2.879775997514706e-10
-2.8350661825739915e-10
3.229807242966785e-10
-3.919715525239972e-10
1.9066759869950717e-10
-1.4538805774754994e-10
1.555333033311761e-10
-3.015902636891785e-10
1.5999360892650786e-10
-2.938617950559759e-10
-3.061400231231305e-11
-4.0442614419555854e-10
