[0.0, 29.0]
289.2024573253183
7.444727430546192
-0.046979028542141116
-0.0017988886164056396
-0.00015368797336155887
-9.754020346539581e-05
-2.3565039958489102e-05
2.0030413960332745e-05
1.0697342616904466e-05
6.622621842621265e-07
-1.3121125557342412e-06
-7.870491068099529e-07
-1.2672235937163337e-07
-4.047642321364645e-08
3.960741752112313e-08
4.993922061785085e-08
1.7827275190739928e-08
-7.10604827187651e-09
-6.457954505068906e-09
2.0020381236761575e-09
-9.237514311621427e-10
-1.5869753333017143e-09
2.048098370614458e-09
8.843410042931248e-10
-4.0285074969475e-10
-2.0969848046356774e-10
7.137431303558708e-10
-7.459707103779412e-11
-6.020550544195293e-11
-3.676399897249624e-11
9.396701973774909e-11
-4.026478620238116e-10
2.9641691314185105e-10
-2.8812153618126406e-10
3.015098042486283e-10
-1.1804439610478144e-10
3.484099728885234e-10
-4.714886388903373e-10
-1.6010763406286192e-10
6.689165335678929e-11
-1.7717477168965167e-10
-3.8905834540627024e-10
-2.9927715513641213e-10
-1.9826830148265192e-10
-4.454639548022582e-10
-3.739619875104188e-10
-2.1607585627776736e-10
-2.2573110963811346e-10
1.4188718245689518e-10
-3.3667521031475384e-10
-1.3428131167994434e-10
-3.0330801569980825e-10
4.629501340470352e-11
-3.3337553533532504e-11
1.766342602605632e-10
2.930658036115035e-11
1.3349864813911777e-10
2.4940151196571184e-10
-3.451086761472026e-10
2.2419436106476874e-10
1.7474506279268653e-10
-5.305135142801951e-11
-2.460929371259106e-10
8.272286058665783e-11
-3.76992059128491e-11
