[0.0, 30.0]
-5.550368545551222
0.10028106749025725
0.00013110961206330476
-0.00047478915172554964
6.591274975998735e-05
1.1120664396618236e-05
-1.8413308582705467e-06
-4.71545354940637e-07
-4.104019777655493e-07
-9.421377578528029e-08
-7.758081488351567e-09
1.6496655252205047e-08
1.956165421134319e-08
2.1652528121072695e-09
-1.2355858559008345e-09
-1.351300015472881e-09
-2.3788365873450634e-10
-3.3499090718487987e-11
6.504153855325067e-10
4.54550986435319e-10
5.999161714232166e-10
2.001356274354598e-10
1.6331819962724903e-10
-1.375069795965311e-10
5.413371936871547e-11
1.8431428179977164e-10
3.186481470362499e-10
1.2707341306903097e-10
1.540271845796168e-10
-5.642704740191134e-12
-2.67178662340811e-10
2.4453633557622293e-10
1.0933858221687766e-10
2.108095108331825e-10
4.884145134216828e-10
2.15867081182978e-10
8.062375715046471e-11
-8.050415581519118e-11
-3.3546084349881995e-10
4.137641526317899e-11
5.715208004130771e-11
3.622830062155723e-10
2.1720224756070603e-10
8.146763069163135e-11
1.7385694239471923e-10
-1.2104674092231322e-10
3.8265287777688745e-10
7.258447111827544e-11
6.03005942600714e-10
2.6968801013114453e-10
4.883049597587914e-10
-2.8484069272992367e-11
-1.0991791701813931e-10
-4.059178824759673e-10
-5.870859981544422e-11
-1.1730129101326665e-11
1.7554816075875303e-10
2.9508301236096144e-10
1.35889559224509e-10
1.9997644566302336e-10
-2.294541246531477e-10
-4.5046908593300097e-11
8.695369679885257e-11
1.0886838008657468e-10
1.4271007803554545e-10
