[0.0, 30.0]
-4.593062890419895
-0.048787772901268574
0.00433103416458341
-0.00040157054554527163
5.862279422849499e-05
-9.016027410648634e-06
-2.3656405655239012e-06
1.0972371448130114e-06
-4.7017195834105834e-07
2.2182657814613622e-08
9.534159718952014e-08
-5.345592058490239e-08
3.3940825152584175e-09
9.19759434781107e-09
-5.668062175534264e-09
2.824786207772761e-10
7.50623201698326e-11
-8.154643288463585e-10
-4.931827261120164e-10
-4.708718007578272e-10
-6.064729937617435e-10
-7.729056002491322e-10
-3.1499199322221816e-10
-8.875981726915361e-11
-5.103063997166742e-10
-2.027899316827391e-10
-2.311607916145273e-10
-4.6216846809057347e-10
-2.620086859759558e-10
-2.5997954773685135e-10
-2.416464700754105e-10
-4.92420466537777e-10
4.160689837645625e-11
1.6122168018618228e-10
-3.7971905834553616e-10
1.387812738169707e-10
-7.692669364230214e-11
1.3326748345071922e-11
-8.967835615752648e-11
2.5788791125208015e-10
-7.177769652959828e-12
-9.9702944811096e-12
3.1437401328197603e-10
1.319023760639166e-10
-3.027500517725274e-10
-1.393385907721001e-10
-1.9605117869351162e-10
-5.282565734638284e-10
-2.6112431978034517e-10
-6.175368132683356e-10
-2.6525235736665246e-11
-2.2577542149375567e-10
-1.4398705185475876e-10
-2.3914591471539574e-10
-5.328210031244894e-10
-2.9473975584227697e-10
-5.717707503372363e-10
-5.795358890508339e-10
-3.598742332704624e-10
-4.544873977211797e-10
-7.112173630893194e-10
7.225606537318403e-11
-4.2077529119085365e-10
4.725651660838016e-11
-4.186415470089584e-10
