[0.0, 30.0]
284.03476105474664
3.7440088565100273
-0.30374314782173734
-0.013027251224700652
-0.00012606011714426423
0.00021414828379366288
-3.411222090914432e-05
-4.314337463999559e-05
1.5273879418441115e-05
1.046916017113061e-05
-4.553810103595214e-06
-2.2420799436618553e-06
1.0652382500032992e-06
3.625220073703409e-07
-1.80324742374275e-07
-2.1907494699020042e-08
1.2723714901704007e-08
-1.1645698076089585e-08
5.181033247836337e-09
6.647523839879881e-09
-3.240602530229064e-09
-1.8598471983591225e-09
1.5563523145699721e-09
9.885023726731945e-10
-3.4902969482623936e-10
3.3966455326036345e-10
-1.4807274166962272e-10
1.6326375233086783e-10
-1.2363013471218457e-10
2.7460385346115054e-10
-1.1054832840386887e-10
5.101389213268342e-11
2.450022298779485e-10
3.010040829601301e-10
-4.3935505496164753e-10
3.0542924783164277e-10
-1.864923140482863e-10
7.412081921250937e-11
1.1394718928783554e-10
4.3674569525971214e-10
-1.2133756508701317e-10
1.657184745593499e-10
-3.7983790571034267e-10
3.485214282598445e-10
-1.228361518083761e-10
2.080998174669596e-10
-2.436410952013207e-10
3.0515054413727856e-10
-3.109319554943438e-10
5.208487482829716e-10
2.7162416150196055e-10
7.784051611035356e-10
-8.731459273806246e-11
3.5645915459473055e-10
3.479980881710444e-10
2.6051554105920103e-10
1.73675802500954e-10
1.2826900171161006e-10
1.7834969357063024e-10
-3.94875510108093e-11
5.2467115360324414e-11
1.889868973328513e-10
4.99655370723833e-11
2.637869491812357e-10
-1.749937889378769e-10
