[0.0, 31.0]
215.5593575524285
6.452163588067408
0.14256254960008113
-0.00584713628477317
0.0004130163734336632
-0.00016662882685443018
-1.6556174581510617e-05
5.46620499489921e-05
-6.5621213756401904e-06
-1.6010038384555118e-05
6.10880560033629e-06
3.6196638977800717e-06
-3.1000657707302422e-06
-4.782355536870704e-07
1.2121226792655247e-06
-1.1809327200115863e-07
-4.046237877211265e-07
1.336255904072422e-07
1.1857770842861973e-07
-6.824385510127215e-08
-3.071313575329552e-08
2.6541727466193027e-08
6.503333075902185e-09
-7.598904804674555e-09
-1.612782418257071e-09
2.5741133103291265e-09
3.2375707440885333e-10
-3.3814952857375817e-10
-3.2252171340357143e-10
6.890967306672226e-10
-2.3944943533118285e-10
5.791861053961295e-10
-4.543623205288895e-10
3.5327460196545887e-10
-5.114985452342603e-10
-2.781411289036262e-11
-3.6819330581695577e-10
6.446355247730291e-10
-6.861630980945839e-10
4.908155425861542e-10
-4.3992455463588444e-10
5.828289484960724e-10
-5.75253338618866e-10
4.531474634146878e-10
-5.668806532232576e-10
2.471546359602426e-10
-9.230156848069988e-11
3.05844036113642e-10
-1.5837378712282734e-10
2.2561645792926898e-10
-3.702602608128185e-10
1.8990740597271623e-10
-3.27970437896019e-10
-2.0334624785144134e-10
-5.166172343153971e-10
3.167780729901569e-10
-6.982740251664804e-10
6.736647013870287e-10
-4.198993472789703e-10
3.1329264108731075e-10
-2.0765881409128448e-10
2.9186105491215374e-10
-1.0247802180217488e-10
-1.1749285104538052e-10
-1.401819804795294e-10
