[0.0, 31.0]
129.4208523610732
5.09643738474933
0.18695928544889573
-0.008568282627701412
0.00045245343312460114
7.137388347341524e-05
-2.939218766986583e-05
5.613543330966866e-06
8.99517036316571e-06
-2.5630247983660747e-06
-4.1790955099289945e-06
-6.151570442608864e-07
1.3729008272230286e-06
8.260705117158869e-07
-1.7560079758200763e-07
-4.0297222955610434e-07
-1.0357315480015007e-07
1.156869835194848e-07
8.643615767813587e-08
-1.4557401474961411e-08
-3.759796922069723e-08
-4.8863545671734396e-09
1.216028789659836e-08
3.4007902806776663e-09
-2.656891400554132e-09
-1.1990114923827136e-09
1.2586185526770672e-09
6.453880217093943e-10
2.391141968668278e-10
4.064010542927149e-10
3.325257530603615e-10
1.3758125306307454e-10
3.069691749667481e-10
1.2412001023565336e-10
6.04816839791216e-12
1.255181920677656e-10
4.173250484288791e-11
-3.2474847184205373e-10
-2.2370242088717035e-10
-2.657890399037145e-10
1.7040387502847308e-10
9.104285843746637e-11
5.744512460416133e-11
1.814847039578869e-10
1.0225435825557795e-10
-4.850742579838502e-11
-6.960904924643903e-11
-1.0990249328532406e-10
-1.091325079774794e-10
-1.8771763858960105e-10
-8.516403397641206e-11
3.5519457707950233e-10
8.858354942410078e-11
3.386629484857988e-10
-3.3665867124165566e-10
-2.122787120551471e-10
3.8088900306953186e-11
-7.264152499272068e-11
1.6684057652634008e-10
2.408752774240877e-11
4.5496420030142756e-10
-2.4105602496064364e-11
1.0612275385524852e-10
1.3342576381013228e-10
3.0915249718164223e-11
