[0.0, 30.0]
27.423826937543303
-2.6319144088374373
0.34313206553120856
0.02370163440223702
-0.003223896207651905
-0.00010018749828416077
8.350404755424513e-05
-3.163350760557123e-07
-1.3418452255301554e-05
1.6464024448574722e-06
4.3884126392998945e-06
-3.6536212063223386e-07
-1.348852430527641e-06
6.673419015534923e-08
3.6397316273254065e-07
-1.4442742645880171e-08
-9.900556464611831e-08
6.078584354304116e-09
2.9181345100167346e-08
-3.443234823780069e-09
-8.672990943200556e-09
1.0347819639696965e-09
2.7718353249403098e-09
-9.142392359520254e-10
-7.671765704933192e-10
-3.248945758413452e-10
3.020086822455428e-10
-7.224206928074052e-10
-4.857126808131267e-10
-2.674789725430645e-10
9.915870799976338e-11
-2.7047873857042914e-10
1.800650418337129e-10
-3.1633485063894453e-10
-4.833514046009789e-10
-2.585920231213871e-10
3.8357650499198954e-11
-3.6716766461120544e-10
3.583379314783986e-10
7.669476339041071e-11
1.8023068443686524e-10
-4.134682668136427e-11
2.160833706157911e-11
-4.66368169821694e-10
3.9316046932890655e-10
1.573198020266307e-11
1.5280098563259765e-11
-1.143424161269351e-10
-1.371567482834723e-10
3.691412141036539e-10
-2.4957689837301252e-11
-9.674487983683815e-11
2.2178886266753925e-10
9.057947330550848e-11
3.025972996370606e-10
1.8996832388082386e-10
-1.840239112788247e-11
4.699973548614593e-10
3.3158915257952007e-10
2.2417890474986927e-10
3.0514058276816157e-10
5.408142587247275e-11
1.7964568715415081e-10
7.528002285626071e-11
2.8279122534990323e-10
