[0.0, 30.0]
0.11690333271940631
0.37895152083460887
-0.010738151207752799
0.0005285169177177701
7.016432800179465e-06
5.932508514215073e-07
-1.6582553274372212e-06
2.0085851668089445e-07
-1.1399612323915073e-07
-4.461173799154344e-08
4.6057492394252944e-09
3.807041568672668e-09
5.054321934987526e-09
-2.584296636549529e-10
1.449726697790576e-11
1.8489831063893035e-10
-1.539571532353219e-10
3.2225841319382756e-11
2.2984058583958294e-10
2.82660789013015e-11
2.72458804247822e-10
-1.604752617720075e-10
-1.3809688550647395e-10
-2.9817783495434027e-10
4.6533031673814696e-10
-1.364077087767897e-10
1.5316962980408572e-10
-1.4354676191060026e-11
1.6603788666139078e-10
8.439156502267881e-13
3.5044840966739503e-10
-1.564055703422056e-11
1.7442258906042967e-10
-2.0859784309650888e-10
1.913787576629883e-10
-4.576410472862421e-11
5.498789172061742e-10
-2.238487071766615e-11
2.2471339314569975e-10
-1.3219486537260898e-10
1.793648153463201e-10
2.6442092361862703e-10
2.168104124850933e-11
1.9306951494916716e-10
1.2311677730692284e-10
-4.497679704289673e-11
1.4126568220614568e-10
-1.4180127073084826e-11
8.476938337989825e-11
2.3259758172252779e-10
-2.538568061161865e-10
-7.20432258087077e-11
1.0356015812810019e-10
-3.848193630980961e-11
-3.8619522057416263e-10
-1.7201077543110347e-10
-3.448368506239931e-11
2.1723622790374077e-10
7.137754452058415e-11
-1.0429045163282578e-12
8.960101668365317e-12
3.8595847465371795e-11
1.4065113046648803e-10
5.958375546462016e-11
1.9261982140714116e-10
