[0.0, 31.0]
-0.6315636520416703
-0.5142174626444148
-0.011327390475982383
-0.0004895935618027982
1.1920344247545349e-05
4.011784546415928e-06
-3.669064064456055e-06
-8.355254646313199e-07
4.024967670199594e-07
1.4281939907488046e-07
-3.644194551031569e-08
-1.4172278495179111e-08
4.667831306765491e-10
-9.611932390798995e-10
3.917119146443671e-10
9.295838379230783e-10
-1.0324108138480377e-10
-2.036437302393141e-10
-1.1798377214075672e-10
5.0226066225388365e-11
-2.3545856814689893e-10
1.4623722619487263e-10
-1.5725292086740057e-10
-4.7963096537327626e-11
-6.18937583887852e-11
1.3044527369275612e-10
3.5548696090948253e-10
2.545963897182338e-10
1.6828364706600522e-10
3.718672094788873e-10
8.763982105657132e-11
3.3932399853470115e-10
1.7094830093715271e-10
3.15341749891317e-10
3.070019205089101e-10
-1.1972260718275074e-11
4.7646181475774414e-11
-1.0728969202475929e-10
-7.482428897256164e-11
2.8490349290459117e-10
-1.2094962330113154e-10
2.1316350573973464e-10
3.979851715561429e-11
-2.4611031615287856e-12
-1.2671831175861555e-10
3.4199693671166497e-11
-8.129447241008542e-11
-9.031038267055154e-11
-2.0733164064807488e-11
-8.66353508937572e-12
-4.3338386113581535e-11
1.7116625082006366e-10
1.9120769673248187e-10
1.474250992773994e-10
-5.87275415639354e-11
-3.133816757951595e-11
1.031658159890233e-11
1.6925229882559029e-10
-7.50514922260683e-11
1.0444803417847358e-10
-8.774950219428047e-11
-2.0271618503027692e-10
-1.7671544308183132e-10
4.819701444462582e-11
-2.3844250756480925e-10
