[0.0, 28.0]
213.22968080902646
2.1315012980221177
-0.3215538211056116
-0.011516846833488128
0.00035322560289483343
0.0001661400025752683
-1.9433220078695094e-05
-2.6511548468014912e-05
4.782753048876557e-06
5.774089958759044e-06
-2.221359525029668e-06
-6.03049172205655e-07
5.922086085510338e-07
-1.5285388260886398e-07
-4.392152198939815e-08
7.669816085517783e-08
-2.918997253832733e-08
-1.137947053484177e-08
1.3025460473211354e-08
-2.7190333141834063e-09
-2.37854937300029e-09
1.5536520646074247e-09
-4.1087338254510034e-10
-2.5797529862749894e-10
-4.119803506807117e-11
-4.3628891866881746e-10
-5.032637904692127e-10
3.797638631417937e-10
-3.7799927381039104e-10
-2.556890155742419e-10
-4.900824969317523e-10
-1.3212774798976843e-10
-4.3833123762553743e-10
4.3573807584559884e-11
-2.611559908058035e-11
-3.319263797825748e-10
-2.360419943260185e-10
-2.686061586772675e-10
-1.7787479624766719e-10
-6.129585959497904e-11
3.098041517229897e-10
-4.173571350723946e-10
-3.011252992359358e-10
-8.597960680048962e-10
-6.695338490340506e-11
-5.806520503124665e-10
1.548536002038414e-10
-3.3569312650592586e-10
4.095910748315938e-10
-5.790176729853641e-10
2.8241182934770863e-10
-6.306487403174458e-10
5.640457952354465e-10
-5.22173543531485e-10
3.233265292533051e-10
-2.1266903886321674e-10
5.1512025613624e-10
-1.544298882881482e-11
7.92966088591463e-10
-1.9204442626294647e-10
4.335216659432659e-10
-2.4316738820139025e-11
2.0812636734311101e-10
-1.903641946804879e-10
-3.3403140002090804e-10
