[0.0, 30.0]
79.58719148019071
6.485658625439166
-0.007837184231971083
-0.0009332627570613736
7.121143226803892e-05
-5.590639983448892e-05
4.328348611526892e-05
-1.1890561828546578e-06
-1.5429484701634925e-05
5.314503705017316e-06
1.0837356865796858e-06
-1.6862777491711853e-06
4.1490749717429516e-07
1.4523322794887605e-07
-1.3894005198658567e-07
3.486275551300178e-08
3.03758812191875e-08
-2.893170936497739e-08
-5.065686074017876e-09
1.6319561775756553e-08
-6.134060364095371e-09
-1.0018411699311889e-09
3.9263724943506694e-09
-4.4997006139592e-09
3.3500990705226116e-10
1.7405650950166765e-09
-1.3222571540873586e-09
-3.253729631968576e-10
6.221130808665968e-10
-6.611075400732846e-10
8.380174942176897e-11
2.0513412652440686e-11
-2.178388610240338e-10
7.968131437346221e-11
-9.504044696185717e-11
2.380358419332726e-11
-1.6107543573671092e-10
1.882377968942337e-10
1.9765988515481626e-11
-8.747547293278737e-11
2.167579706418327e-12
-5.075862903083888e-10
1.5490771073911234e-10
-5.229970209320732e-10
3.323108724895266e-10
-2.060670954542432e-10
1.017922876430991e-10
-1.9281330077961072e-10
1.2974395880281495e-10
-1.0709669833458554e-11
-5.337416446339268e-11
2.5325677721574784e-10
-7.399276256602511e-11
1.3753617780264024e-10
-5.567640843079074e-11
-1.5493769855509706e-10
-2.533214495436624e-10
-9.100052609018204e-11
3.0430756074552046e-10
-3.5941845303692435e-10
2.48472419953929e-10
-3.855702612016415e-10
3.5318886091532745e-10
-3.4458450226018557e-10
-7.042087704010217e-11
