[0.0, 29.0]
5.816887289638664
0.1195306339507021
-0.0008493793395208827
-0.00034163225931108364
-2.764939750899224e-05
7.30318874823433e-06
7.605256442957757e-07
5.3772598138159404e-08
-1.1753927309102686e-07
-1.209068824601446e-07
2.8849167563329902e-08
1.2657129291796016e-08
-2.1665297340600264e-09
2.1331376448526178e-11
-9.962246494766033e-10
9.332766415585035e-11
3.2111969182012816e-10
3.839311514350144e-11
-1.5902249902652805e-11
2.1471050413990295e-10
2.155740108628551e-10
2.38231498089853e-10
2.537440274362316e-10
1.6554775871248204e-10
2.9688937849601817e-10
5.31501046693645e-11
-2.1801321094323362e-10
2.79994896306863e-10
-1.7653104329791072e-10
3.7093973187498933e-11
2.382754840400598e-10
1.8158868536925025e-10
-3.208818697058956e-10
4.955982573373261e-10
4.063766051295034e-10
-4.781169287117891e-10
4.7712631843574534e-11
4.0872398423665693e-10
-1.5243429664619343e-10
2.326738489229693e-10
4.729029221755523e-10
-1.0929882426385077e-10
-1.2138414607054351e-10
7.604475807542222e-10
-1.0314623027129312e-10
-9.950301868751576e-11
4.011573204014329e-10
-6.149083540114904e-11
-7.123402418012109e-10
3.271949621047817e-10
2.0029008569498545e-10
-1.4091510265858202e-10
2.1133761443738095e-10
1.7548748791957328e-10
-5.628817009730654e-11
-4.5772262390083345e-12
7.376169896369408e-11
-1.1636447472395992e-10
-1.3680250008981584e-10
3.2241001970310116e-10
-6.44053407495191e-11
1.0235924323078427e-10
4.929970468511521e-11
1.4625214829137355e-10
1.7561369280675332e-10
