[0.0, 31.0]
280.1094634489504
8.301441176975908
-0.02363698131786096
-0.0017314155791181868
0.00017366123713779592
-2.7370590302790627e-05
1.4066132798907027e-05
6.960682547390809e-06
-1.449614319870487e-05
-6.8279000895030724e-06
2.1155338583824867e-06
3.4040714104118304e-06
9.59443255860514e-07
-8.03383272786787e-07
-7.372952265252533e-07
-4.34930793807481e-08
2.3769485503921044e-07
1.1932726886055476e-07
-2.8435855182733916e-08
-5.431123085918603e-08
-1.2956823477179685e-08
1.5967685847040193e-08
8.654878480427075e-09
-3.1293936798601295e-09
-3.183165566326597e-09
4.5257063138095134e-10
8.252393312268354e-10
-3.3345541242991205e-10
-2.5392416096401863e-10
-1.9809369182928504e-10
-4.794136099590781e-10
-1.0497240795200393e-10
-2.786747397437813e-10
-8.547688466782584e-11
-2.012034103982269e-10
-7.47038023857685e-11
-2.0847039088774e-10
-7.639262906952814e-10
-1.7420771269491297e-10
-2.053967109750055e-10
1.9854276712286322e-10
-4.903662399273469e-10
-1.5720634014827874e-10
-2.5672585570881556e-10
8.05664150608437e-11
-2.7767045981130135e-10
1.0229107878806805e-10
-4.1503699162965197e-10
-1.2653435235602865e-10
-1.1886639426981254e-10
-2.819212172574863e-10
-1.0271494306311342e-10
-4.029322611769564e-10
-5.2596895055006356e-11
-2.383011988801849e-10
2.316516291386031e-11
-7.447478441321313e-10
-1.7541492997348721e-10
-1.7151561162103746e-10
-2.8038170105894074e-10
3.9990759154738773e-10
-2.1148787221136214e-10
-2.8276720983111487e-10
1.430305696994825e-10
-1.6431720136962275e-10
