[0.0, 31.0]
116.4359796249584
0.4057035378146421
0.44256083842507754
-0.008604330438284276
-0.0015291750068061004
7.837715528691433e-05
8.922866947052992e-05
2.655076229728232e-05
-2.5374929765387265e-05
-9.82335562325375e-06
8.65554788515136e-06
3.141284988856898e-06
-3.2358915424420964e-06
-9.762130118574611e-07
1.2558050827279663e-06
2.894208811055595e-07
-4.921868097289728e-07
-7.883346484076683e-08
1.8768282400988368e-07
1.8949513505889972e-08
-6.500197112941361e-08
-3.22213940713698e-09
2.0366722418249203e-08
5.785245879742424e-10
-4.474194387718693e-09
1.7910420710852058e-10
1.7353756178749006e-09
3.646941955978448e-10
1.2221998379598361e-10
-6.8561976763678894e-12
7.011050247211633e-10
-2.3907041120718413e-10
4.746941536853109e-10
8.365735016533044e-11
1.667570014012195e-10
4.3027080423271623e-10
6.185297245780026e-10
4.1252227573362213e-10
3.072502764373936e-10
-1.1749132282926992e-10
-4.9511148683590035e-11
-1.527175502082883e-10
-2.7551658863397593e-11
-9.329155307839707e-11
4.792145701581665e-11
1.7985140281182305e-10
1.1830220457295707e-10
2.329611257125239e-11
1.9398229572490823e-10
-3.2931158925488235e-10
-1.1643925285356477e-10
-3.2120004222101227e-10
2.0459338838793916e-10
1.557568554252895e-10
5.828015245671851e-11
-4.6025122420255086e-10
1.4645803985422165e-10
-6.43204044382087e-11
-1.557793643511369e-10
-1.7850562458146067e-11
3.077049603094715e-10
1.8428346253199824e-10
6.06035035278009e-11
2.5354226146699615e-10
2.2955043764283456e-10
