[0.0, 31.0]
-2.590250753722039
0.21813276298853998
0.00047388344588229135
0.00022682942723613363
1.4268032346242151e-05
3.357367719625691e-08
-1.280553645552665e-06
-2.0570328388886062e-07
-1.7946476982248353e-09
6.404989740290418e-08
1.2942053243741593e-08
-1.0538694075758883e-08
-2.2751422332510074e-09
3.738208523789876e-10
3.106192215993091e-10
6.338472818992641e-11
-5.04545006824616e-10
-5.063219553117379e-10
-3.810759821986955e-10
-2.2563463422096812e-10
-3.69741019248238e-10
-2.714085269017138e-10
-3.85550924297966e-10
-1.514614468870039e-11
2.3838885980266694e-11
4.9287520182588755e-11
4.796526918135889e-12
1.7019016063927002e-10
-1.7633537140733386e-11
9.620857211473627e-11
2.002162271126605e-10
1.0615633405922958e-11
1.2388353354477048e-10
-1.2188496549409733e-10
-9.48743157037994e-11
-5.1432450708023703e-11
2.8024427774977353e-10
2.2317180570572345e-10
1.2110746369331265e-10
-1.9575291245895945e-10
-3.408012101769176e-10
-4.711498251231146e-10
-1.933410174121666e-10
-4.6207567422749136e-10
-2.400395117294961e-10
-3.9377509264911013e-10
-2.711200787685898e-10
-2.8243992125909733e-10
-1.0884746526240564e-11
-2.1403765859898275e-10
-2.905456825598819e-10
-1.2300299290758315e-10
-9.881456423175444e-11
-4.715882584093705e-12
-9.662525079699395e-11
-4.000107292454429e-10
-6.16828109646294e-11
-1.2529256731464236e-11
3.2456352431834517e-10
1.736440523116045e-10
2.2394396105655874e-10
-5.5816030469989875e-11
-8.153519362085132e-11
-1.538379109787009e-10
-6.932190194343535e-11
