[0.0, 31.0]
14.44725591497164
0.021367502231396485
-0.10658598709829088
0.003809930355180289
0.0006351220660003507
-1.2299540840370134e-05
-1.272026775787804e-05
-5.600606817412739e-06
-3.261192254677143e-07
1.0941532961040788e-06
4.6339084714074805e-07
-1.268138676652549e-07
-1.5310787990517944e-07
-1.486080440996563e-08
3.3745196871663744e-08
1.3593571715877417e-08
-4.005578592556971e-09
-5.8208571359008765e-09
-2.43153421776564e-10
6.186620870773082e-10
5.899445109928836e-10
-6.585893568909527e-10
-4.5138278612141475e-10
-2.78116188939926e-10
-2.538492082876361e-10
-1.5262252020839491e-10
-2.1996924012382903e-10
-1.1352830989101263e-11
-1.6648027956628507e-10
-6.042298148834792e-11
-6.336626854494782e-11
2.3949112673963255e-10
-4.1889539583595143e-11
2.520183489979119e-10
-1.467637103563805e-10
2.2940112085120745e-10
-2.1533371908379663e-10
4.4023429200876466e-10
-2.4178533536742297e-11
1.66485148976546e-10
-1.893777041908476e-10
1.4193481383821497e-10
-2.9125958619936985e-10
-1.0741132072296081e-10
1.3733176539885073e-10
-1.1338621332257186e-10
-8.575138925537411e-11
-2.0274400459757867e-10
5.88918096099145e-11
-1.7373746181782705e-10
1.1881321381998845e-10
1.5246179433292678e-10
-3.2049026200218494e-11
1.8588422002297894e-10
-6.20269641449202e-11
3.4022190039040524e-13
1.064338980194871e-10
-1.4095356900825857e-10
3.151393819192687e-10
5.510144813370136e-11
-3.066147434858493e-10
1.2471030715043156e-10
-3.943345247494901e-10
-2.411001472170495e-10
-5.413783741460633e-11
