[0.0, 31.0]
120.98886867232092
6.096417992899631
0.06334578778466007
-0.0042618241988060255
0.0003787564689286951
-3.425542373641499e-05
7.418443217872416e-06
-1.9903955690067843e-05
-1.4309547732362699e-05
3.392455200059423e-06
5.465383413491849e-06
7.765051839667176e-07
-1.503905617911699e-06
-4.4845835435894587e-07
3.3528485333647134e-07
1.2952220468683028e-07
-7.949392549730168e-08
-3.486885983216317e-08
2.2530233545369272e-08
1.027976123191174e-08
-6.087279131425906e-09
-3.206717815369766e-09
1.4153150568471251e-09
1.0514514201444518e-09
-2.0914380548569022e-10
-2.516857380193677e-10
-1.9367532052324412e-10
3.938114269065382e-10
-1.9203233684182312e-10
1.3056910901277978e-10
-3.2202031309418476e-10
7.359033891780745e-11
-3.7179808738752666e-10
2.8627058641274493e-10
-2.6492079169700725e-10
-9.495492097430676e-11
-3.2533903628944205e-10
4.366266134823593e-11
-8.725520234784834e-11
-1.3817612486195776e-10
-3.339065832742228e-10
-3.245739064616244e-10
-6.132949001409583e-10
9.018043361187836e-11
-4.6346197443265474e-10
9.618636952061825e-11
-3.668327474012271e-10
-5.251625850970624e-11
-5.320243413746053e-10
-1.0102746265028164e-10
-5.220302465315661e-10
1.414243740014336e-10
-1.356461461974646e-10
2.8752804735175724e-11
1.5480432409938106e-10
5.1487185644692574e-11
-1.4042247155680275e-10
-4.804283340573278e-10
-3.0258971553634604e-10
-3.426785644406237e-10
-2.550573944668573e-10
-5.215855442157365e-10
1.4053298432835704e-10
-2.3096532022545554e-10
-1.3556005505014078e-10
