[0.0, 30.0]
5.111663214768133
-1.0898380424784493
0.03120144089786853
-0.001011763929955617
-2.1196983350544156e-05
6.105004114445993e-06
-9.593212580113887e-08
-1.9106306672621664e-07
1.1307249208106387e-07
2.4920393680580988e-08
-1.3068747641785308e-08
-4.3278588752064395e-09
8.611095979359852e-10
4.935017338089785e-10
-5.238657341819272e-10
2.4475458321051506e-10
4.373162333463555e-10
5.408223193399013e-10
-1.8799459417401837e-10
-3.4437160297503516e-11
6.710739864052716e-11
-4.122905571018972e-10
1.4684221849671962e-12
-4.197973879372007e-10
-5.4013918937811e-11
1.4831238248313838e-10
-1.9643015233434216e-10
-1.799782735565473e-10
6.994658669380531e-11
1.8543587377800044e-11
-3.191537127753766e-10
-2.2460868189098575e-10
-1.769733531237995e-10
-2.675803319990359e-10
-3.1577670314811515e-10
-2.703415554522711e-10
-2.3206058053064267e-10
-4.035395436809103e-10
-9.682100284458818e-11
-5.700565335336868e-11
1.287059919882859e-10
-2.112303865138854e-10
3.587028046133009e-10
-1.3819896602036246e-10
3.4125656116491256e-10
3.2646712593959976e-10
3.8713455702548755e-10
4.216338062735687e-11
-6.494057884913518e-11
-2.0395060589549287e-10
1.7982267563631073e-10
1.197160285559602e-10
1.0526771502983313e-11
3.365620423732892e-10
-2.748740046594944e-10
3.7014475459292665e-10
-1.7083251169639325e-10
-6.812805287572486e-11
8.144383442035365e-11
-1.8532181689715161e-10
-2.7167666339643408e-11
-1.276399684587283e-10
-4.008789607266484e-10
4.00287220299466e-10
2.0983983916981603e-10
