[0.0, 30.0]
339.0413533608018
6.093932954072249
-0.03479561300578402
-0.0026460086345473826
-0.00018442289830058366
9.498574284779537e-05
-1.9712926496069294e-05
-3.113045945024282e-05
1.87937342659369e-05
2.5031779142969335e-06
-6.4871966278008545e-06
2.3797773157684385e-06
9.928066786485246e-07
-1.2645086808575879e-06
2.5051425798473273e-07
2.945190230910614e-07
-2.1121577585437914e-07
2.7194919329115167e-09
6.876411026246484e-08
-3.081667113811067e-08
-1.1730351469168893e-08
1.490010222793323e-08
3.6790376278057517e-10
-4.074672394246808e-09
5.608783545320687e-10
8.04952534800234e-10
-2.1784103315095453e-10
-6.109079596525485e-10
-1.2644267821100076e-10
-1.3150003778696488e-10
1.18613158460755e-10
-2.998221795856822e-10
-4.252587419746517e-10
-6.156462488285716e-11
-9.911696587369752e-11
5.890851565118506e-11
4.526748217538983e-11
2.1166650563030893e-10
-1.2397112190543172e-10
2.449383300019401e-10
3.33845567149403e-10
4.364507397399532e-10
3.5331619189558204e-10
4.580277185799804e-10
-3.0644492999592e-11
-4.579276879470543e-11
2.1950499489770383e-10
2.077744158457308e-11
-4.007039329008935e-12
3.066042254676038e-10
6.136601693176025e-11
2.2183536717729577e-10
8.631032098352032e-11
2.415432688293999e-10
-1.5024650568854278e-10
1.0166662113478886e-10
-4.956335958689988e-10
7.113706669932223e-11
-1.4316260530514835e-10
7.761531165133314e-11
-2.3445068557903243e-10
6.556826627302799e-11
-3.138678159659249e-10
-6.927632859570327e-11
-1.3553600533527168e-10
