[0.0, 30.0]
241.3335109583167
5.109577985626257
0.015653734417211244
-0.0027964294309271373
-3.4725763404356884e-05
7.372429835707055e-05
4.710861389781437e-05
-1.105064652640791e-05
-1.3453691522154563e-05
-2.3050136902729075e-06
1.1122331411582128e-06
1.1714987233365434e-06
1.0425572239199511e-07
-2.6401895853158223e-08
-1.5805430015770673e-09
-3.848135551727678e-08
-1.8109780996225463e-08
4.768779254002321e-10
7.759547297820772e-09
-1.5990639819052929e-09
-6.211022600595801e-10
3.294961223057207e-09
-4.199805979682126e-10
-2.211353219642551e-09
4.709339722006135e-10
4.340742243026666e-10
-1.4506169644425845e-10
-1.506041248271894e-11
-9.9618684208381e-11
2.4687321988322683e-10
-7.010076888548524e-11
1.0200496237397746e-10
-1.78669315483559e-10
-9.89052535492255e-11
-1.2777695548498463e-10
5.2654626121451364e-11
-1.4573388888678347e-10
2.92071818656881e-11
1.0133859703348196e-10
1.585014297992442e-10
1.5063344528845928e-10
-8.869131668712382e-11
1.688792918678554e-10
1.8746588744612188e-10
3.6404223480166214e-10
2.430082383843859e-11
-6.351864895533347e-11
3.5420426336304416e-10
-9.199715952755641e-11
2.1460288931540737e-10
1.8280291622829568e-10
1.8614550412505328e-10
1.0607627659458197e-10
8.496755818763195e-11
4.5333276486143395e-10
2.2041154176942372e-11
-1.6289334370458007e-11
1.4652494015409448e-10
-9.662945975756403e-11
-6.509622143892482e-11
1.9707376902994507e-10
1.895756217557023e-10
1.3483414964015588e-10
1.4100025215559773e-10
4.3489270806857376e-10
