[0.0, 30.0]
12.860484206336071
-1.2064413255145459
0.02944004096003734
0.0010241119094847211
-0.00024511921847287615
1.6212323310732743e-05
1.0143984150381993e-05
6.763376222825924e-07
-1.1553573809806757e-06
-4.1646750934722754e-07
5.386312664690847e-08
9.782432217393474e-08
2.8435007170085495e-08
-1.3631670930406569e-08
-1.1340132978842126e-08
-3.848177969918333e-10
2.7877823764210123e-09
1.0002712170825509e-09
-1.5664084557476813e-11
-6.971602632258156e-11
1.222238499734089e-10
-9.812746689847816e-11
2.0395276165317843e-10
1.2900287191465111e-10
7.93964479160692e-11
8.8377404718671e-11
3.9781376375066814e-10
-5.74086492297221e-11
-8.672002571964293e-12
1.2137093311923884e-10
2.518207966823175e-10
-1.254901897755389e-10
3.3183105681614987e-10
1.7779074599899106e-10
1.925512367278609e-10
-2.269421319239467e-10
3.924838616413383e-10
5.750112851117783e-11
2.2465677303316523e-10
-3.13420837388705e-10
1.0047893764292335e-10
9.825499472108415e-11
1.7968041443769628e-10
-1.5315951133902682e-10
3.6012587915557844e-10
8.664865081993248e-11
-1.9259913378074445e-12
2.927595197207272e-10
-3.4692277570759335e-11
2.1057674194088128e-11
8.640642945250602e-11
-1.024635688249363e-10
1.6004834121011339e-10
8.948628132016785e-11
-3.496100084166922e-10
5.68492365018604e-11
-2.5497392195725076e-10
3.355386271950055e-10
5.384507706316484e-10
8.335775151533771e-11
3.386975213966999e-10
-1.7915435166564623e-10
7.220073868485665e-11
7.453878702044708e-11
-1.0717714959545792e-10
