[0.0, 30.0]
288.5898492419221
0.5247640682804159
0.35914924701406564
-0.004723956179331591
-0.0008866057988146538
-4.340538838466579e-05
-2.5628487246284057e-05
1.864371275799161e-05
1.7573153737548197e-05
4.997846670941012e-07
-3.731422490191507e-06
-1.776211203045931e-06
4.999135004625133e-07
6.367422723851799e-07
1.0954930984865239e-08
-1.500986570421365e-07
-4.9826479885778044e-08
3.163438604399121e-08
2.4542000846638245e-08
-4.702072448259675e-09
-8.336137257823205e-09
5.233565249042329e-10
2.0927830726931418e-09
5.153749046320035e-10
-5.383524640201191e-10
1.674227233032554e-10
-1.418767660730723e-10
4.8473806542840116e-11
-1.3431716072459127e-10
2.8939565420964643e-10
-2.641995226755274e-10
3.7526165408396487e-10
-1.8581574662342348e-10
1.8820512416333983e-10
-2.2027620213172053e-10
-9.899446386850869e-11
-6.377919456959485e-11
1.5363811057058013e-11
1.2919071846092066e-10
1.9814726726411705e-10
-1.172479578564118e-10
3.17094685410301e-11
2.3772248155266936e-10
-2.2452515993337905e-10
2.2998236845495026e-11
-3.2983664041307967e-10
-3.5491957672486754e-10
-2.7957618597317884e-11
-3.0060032629323576e-10
1.1889857254368012e-10
-7.761759155150199e-11
-8.173522105310584e-12
-3.928205196796029e-11
-2.1403574983286354e-11
-2.539716734505189e-10
-2.1243422653439497e-10
-6.164540134999204e-10
-4.725109438123706e-10
-3.5462665760402556e-10
-5.254272672756556e-10
-1.7262655335096505e-10
-3.054780024146461e-10
2.468579351520435e-10
-1.2431475051814425e-10
-2.005759063282915e-10
