[0.0, 30.0]
8.774389599612533
-0.7490311259574417
0.0234836885562726
-0.0006157350063785344
-8.861779018326086e-06
-1.0122668244898052e-05
1.9023249538636144e-06
7.854728792115572e-08
-2.998142024670423e-07
7.793337696465317e-08
2.321491954450098e-08
4.352608429545173e-09
-1.3964626309519905e-09
-2.414748439688185e-09
2.605897921369558e-10
-6.510147637451243e-10
-7.181336912324183e-10
-7.828556424213212e-10
2.022281483388253e-10
-6.106746597346497e-10
-2.747656088267633e-10
-3.96721482881001e-10
3.044893081471851e-11
1.4370766069519933e-10
-3.558811768166004e-10
-4.266479200124398e-10
-3.0933897665729676e-11
-3.5086348497215517e-10
-1.39417390449002e-10
-2.741532254503434e-10
-9.399824498476461e-11
-1.2782104239733179e-10
3.8267822139051186e-12
-3.1424551693600795e-10
-3.281720292295092e-10
-5.204257975741119e-10
-5.541168827538784e-10
-7.689429735851229e-10
-1.5918862641715723e-10
-4.316391008255804e-10
-2.538934744327168e-10
-4.3397463519837334e-10
-4.848739044420846e-10
-8.352703760636893e-10
-3.8458314619143293e-10
-1.4960233816757764e-10
-3.2895686441858893e-10
-3.779724962589959e-10
-2.3123343924135074e-10
-1.1433060080550895e-10
-7.740524904671633e-11
5.017936350165472e-11
-1.392862120304756e-10
-2.0166310782769912e-10
1.0395791124400392e-10
-1.66428883645102e-10
-5.84909119800956e-12
-1.7194487920960463e-10
-1.2310897604055765e-10
4.816402660627659e-12
-5.349620132230294e-11
2.3602424737619063e-10
-2.666652381966924e-10
3.5774685463369385e-10
-2.979996621522998e-10
