[0.0, 31.0]
9.034338442522799
0.4257235038097089
0.02203764289351873
0.0004853276883636653
5.015989131619885e-05
4.299099278810822e-06
-6.470425319187969e-06
-1.3984795899263946e-06
8.658053952694319e-07
4.486877340417172e-07
-1.0399207690589477e-07
-1.3031642580431072e-07
6.801907990424073e-10
3.481152010495914e-08
6.929112563168972e-09
-6.89725666691511e-09
-2.576604515974473e-09
2.5883452977907596e-09
1.853392205697648e-09
1.1209411951196888e-09
2.0074378005912496e-10
1.2446898355219795e-09
5.441880233796118e-10
9.906931749244375e-10
6.011116190778494e-10
1.2389059733305402e-09
7.80414559386543e-10
1.1770008606393046e-09
7.512897685130289e-10
8.263160691385504e-10
5.84157050792036e-10
1.227161139467466e-09
5.151920861738421e-10
1.079167304840767e-09
5.117261042526288e-10
5.500561690191833e-10
4.0685136975534965e-10
5.697350613627472e-10
5.853353177059379e-10
7.351931299318074e-10
5.742311932352812e-10
3.9976757663137135e-10
5.165022214250169e-10
6.18287963256711e-10
3.0604958361370925e-10
5.603376166814659e-10
3.5307890697851e-10
6.517606380614409e-10
4.058297573190557e-10
5.399442323296231e-10
8.027663761013846e-10
7.871618635832297e-10
3.7189563443790267e-10
3.50652968925665e-10
5.04994552454115e-10
4.4440938068933437e-10
2.5999307548912735e-10
4.970714487254224e-10
3.396234928712046e-10
7.638339924129532e-10
1.4383085308228493e-10
4.322218932915684e-10
2.662799825808376e-10
-1.516499224264078e-10
2.455667789968924e-11
