[0.0, 31.0]
9.118786661533337
-0.19427502918061426
0.014447913966947765
0.0001315012757040089
-9.860303168203065e-06
-3.215199876702706e-06
-9.51408869529409e-07
9.553430169838079e-08
1.9030409962399895e-07
9.630110449148983e-08
-2.048263137490836e-08
-2.8025798341027572e-08
-4.2012257349173e-09
4.03576856502232e-09
2.887180571676041e-09
-1.891148766649623e-10
-2.1788250030527043e-10
-7.891387710560262e-10
5.53974574242868e-10
-1.3525667687775986e-10
4.433817115072737e-10
-7.317595594990058e-11
1.2506612103697212e-10
-2.2692715378860746e-10
3.205153226951449e-10
-3.4208929526127194e-10
4.5684124133302543e-10
-2.2120637625110667e-11
7.920784877927618e-11
-3.1716370142004015e-10
1.625698333370422e-10
-3.2925789162162143e-10
4.4193449844451367e-10
-5.680903871041413e-10
3.462285374362972e-10
-3.9945636263381984e-10
4.895551404645412e-10
-6.493736021400482e-10
3.379367541335159e-10
-4.0626022538913954e-10
3.3380585425841924e-10
-3.643392003586069e-10
1.5817518655474443e-10
-2.005871233795421e-10
1.0895395754330727e-10
-1.4354613744932123e-11
-1.8259247167769817e-10
2.4581809265877904e-10
-2.900958841945871e-11
-2.562246587026327e-10
-3.0405217216713436e-10
-2.2935063558213766e-10
3.608747465246968e-11
-2.5645688650252704e-11
1.1506719363290519e-10
2.6618450038693725e-10
3.587339915342418e-10
-7.13622798505316e-11
6.82512866066788e-11
-2.0665220664864774e-10
5.677108757287817e-11
1.1857112164529965e-10
2.962662250315694e-10
1.4770888486435724e-10
1.8877287274399133e-11
