[0.0, 31.0]
-2.1227904639612527
-1.8609945951853106
-0.09719546254928178
-4.1149162651511436e-05
0.0005398158438014762
6.0067410539161964e-05
4.5178138363490716e-06
8.018354485947913e-07
6.410225723118174e-08
-1.327333645167094e-07
-6.855879713553457e-08
-2.9384583894620645e-08
4.010263001412836e-09
8.329111786956428e-09
2.4925392004241306e-09
5.826942805239237e-10
-1.2552503993543143e-09
3.1127875928170716e-10
-1.1277172367957098e-10
6.515822368978642e-10
-4.663065889967794e-10
4.965977425331233e-10
-5.304309638868192e-10
2.5379109373114674e-10
-2.31794134544826e-10
6.768658485924832e-11
-1.5542490533156703e-11
2.1413060496573236e-10
-6.14277671418886e-10
6.673998205787414e-11
-4.647108114794728e-10
4.404661596602412e-10
-3.6473722596543787e-10
-1.56800008036993e-10
-2.0535957009411364e-10
2.1140278282629113e-11
-2.2344038091425706e-10
-1.5893852976940592e-10
-1.2138688838687865e-10
7.1672966519423e-11
-4.0319825309220614e-10
-7.359993494928709e-11
-2.5459285940461904e-10
2.1555280712493813e-10
1.1194409248595222e-10
2.9782304909833405e-10
-1.7127402385187684e-10
3.4854827418108294e-10
-4.240405891292651e-11
-6.882130434858442e-11
1.3506946196801804e-10
5.800635643423223e-11
-4.1526564875722955e-11
1.0052370184852502e-10
1.5493392800271152e-10
3.097603270066198e-10
1.8628915755749487e-10
2.6719702225447986e-10
2.8705883574364602e-11
-2.0499349978027192e-10
7.012825124259722e-11
-1.2478364533468494e-10
1.915543105535923e-10
3.224980387655672e-10
-1.3469873513322135e-10
