[0.0, 31.0]
157.59263478862343
6.3512506049473085
-0.12095547694737528
-0.00393290862845076
6.958182383046803e-05
4.049072905109002e-05
5.452060047382674e-06
-2.400375127658493e-05
-1.1045635733474657e-05
3.998610871704943e-07
1.2645233044041575e-06
1.5379389804822655e-06
5.978732965030402e-07
-1.0174289860205632e-07
-2.1843235602536403e-07
-1.0260406591460137e-07
-1.4963082126827212e-08
9.099776557267117e-09
2.1412116798877583e-08
1.553014702103789e-08
5.439502430291893e-10
-8.371347792902522e-09
-3.4859070171093077e-09
2.6273088397033138e-09
2.264939487788252e-09
-6.651058046285774e-10
-2.745837240423905e-10
6.806692326245557e-11
3.723200516706471e-10
-4.29661552700081e-11
-1.0199965449472979e-10
-8.792082604849524e-11
7.096839485503145e-11
-1.8548648902879344e-10
4.413462986008825e-10
-2.0135764220928658e-10
6.561760013736681e-10
2.46215004859407e-10
1.705794991179516e-10
5.294935499298236e-10
4.854215725207061e-10
4.290146809167086e-10
2.415544792820243e-10
-1.5884095440179705e-10
3.6666032710099016e-10
3.436112764147682e-10
4.243753555102237e-10
6.099409515506938e-10
2.753778378146903e-10
3.942995636346397e-10
2.940048596815196e-10
6.974869577758032e-11
6.610306882420624e-11
2.978290065612787e-10
2.0242997746862834e-10
1.3217454825358448e-10
-1.3510511326412837e-11
4.8291296642713734e-11
1.2303290657736325e-10
1.8737297480326937e-10
5.392751851639384e-10
2.9523231157214643e-10
-1.574016680648437e-11
6.383826388210492e-11
-1.1501831221873115e-10
