[0.0, 28.0]
126.22965769576535
-2.6900036360042803
0.28506005260200556
0.024768499837840983
-0.0024398139767541106
-0.00013892969986393128
-3.117085390153454e-05
-9.244799270265214e-06
8.904631458317824e-06
7.195210500353375e-06
2.0744392785783443e-07
-2.152843246090245e-06
-9.288089346805841e-07
3.744873285315488e-07
4.434982031473284e-07
2.2918306983184565e-08
-1.3859257309503685e-07
-5.11408982390264e-08
2.9235873823367922e-08
2.5181571617203113e-08
-7.843444790509695e-10
-9.054678258028044e-09
-1.950303203488674e-09
2.1615583638802694e-09
1.7193632488146328e-09
-4.4734328650025053e-10
-6.111030928245783e-10
-2.5418524151907136e-10
1.8259396713990973e-10
-1.875601046896052e-10
-4.0665937408902157e-10
-2.926743318165767e-10
-3.143692152951293e-11
-2.883825413877867e-11
-1.313055334790785e-10
-5.024067704797518e-10
1.681124964185256e-10
-4.5469284372770745e-11
5.047257840056429e-10
4.0323202876683976e-11
5.65042343726573e-10
8.589205911833416e-11
2.9835037889441975e-10
-2.0511433412885363e-10
-5.829657737452236e-11
-3.252799776592326e-10
-1.441797328772907e-10
-3.338948379309224e-10
-3.720212336674279e-10
-1.8058919372740377e-10
-2.6529424422800496e-10
-2.8605954839026135e-10
-1.5267885408152915e-11
-3.4806690267743083e-10
-2.1615719083728374e-10
-4.5851340357204346e-10
8.911432764821024e-11
-1.981217434362954e-10
9.413606735248709e-11
-1.7589242226686603e-10
2.301432442555294e-10
2.020747789582165e-10
1.171663026670797e-10
-3.472099449445754e-11
8.537722072051964e-11
