[0.0, 31.0]
284.1216764442506
5.912914923797483
0.05616061181494471
-0.0030274375936152485
-9.758530491335767e-05
7.649966079864527e-05
5.485448372645544e-05
-1.9292615999489713e-05
-2.1931546536321154e-05
3.0897827642787177e-06
7.969962920290814e-06
4.827572425080126e-07
-2.7538049983635664e-06
-6.72506250029859e-07
8.827528938551845e-07
4.022979127402763e-07
-2.537487777236126e-07
-1.9563919477865847e-07
6.482198036412409e-08
8.207948576471481e-08
-1.36818525738855e-08
-2.849545188980936e-08
2.860889486493483e-09
8.291868188489463e-09
-1.127684461885975e-10
-1.8615537816185184e-09
4.093904523632034e-10
4.216397514321666e-10
4.090775503738735e-11
-6.92099829006581e-11
-2.3736227634893424e-10
2.690130213681672e-10
-6.818489899172241e-11
1.0637447392536605e-10
1.4263057284752514e-10
3.3342264946876614e-10
6.171544813610551e-10
-2.6770569244531346e-11
3.290477034037916e-10
1.994886543426591e-10
1.9396551698156258e-10
2.4544397695250648e-11
2.461756435850291e-10
7.319032658329282e-11
1.832347539510972e-10
-1.247869082321698e-10
-2.4677332274839637e-10
4.140685634768935e-10
-2.5754529921462045e-10
2.7720703537121376e-11
5.92521965584672e-11
1.7313720221800054e-10
1.8944797883199546e-10
1.60038983712751e-10
4.6116445640629795e-11
3.7393143126082775e-10
-2.089543312892445e-10
5.369521346133638e-10
-2.35871063392594e-10
3.8123175223496517e-10
-2.825554502595831e-10
3.0258421900724687e-10
9.965822763475912e-11
1.7907176489879514e-10
-3.4941908439647646e-11
