[0.0, 31.0]
209.01068423777176
3.7239796858729317
0.13900787910191637
-0.005478371649527811
-3.152527361536701e-05
1.9203858899583887e-05
1.288796046797492e-05
-3.4301780622368086e-05
3.2771816797411567e-06
3.956071044834677e-06
-2.3935003385306017e-07
1.5212246467679425e-06
-5.680561685670588e-07
-3.956607143771825e-07
2.2086585517828224e-07
-3.548187571880202e-08
-2.8501200651678356e-09
2.0929669999790035e-08
-2.2395038756176403e-08
5.069040405325234e-09
6.827507409686025e-09
-6.84823350626878e-09
-7.778947196740972e-10
2.373556036105501e-09
-5.228760785951117e-10
-8.136535395618288e-10
8.762042609670524e-11
1.1343704224241927e-10
-3.361060992834133e-10
-4.163040512201747e-10
-3.597904918148147e-10
-5.892010215135014e-11
-4.1162067609481715e-10
1.0242136317263608e-10
-6.706371294497417e-11
8.262792565824574e-11
2.5334756583701286e-10
-5.663090417937508e-11
1.780123380617717e-10
1.5709866727193042e-10
1.1100701991232448e-10
2.113196307181866e-10
-9.666775603127848e-12
1.711473025489785e-10
1.5784914181539157e-10
-1.89122026549217e-10
4.09371114072515e-10
-9.467413121090145e-11
5.7195983346819856e-11
-5.046184290562631e-10
5.6676841254384143e-11
-4.983379538312944e-10
6.715455246819535e-12
-6.572196370233155e-11
-2.829310758593478e-10
2.2670144560467748e-10
-2.1455564015791408e-10
2.3237596337921207e-10
-3.7039370483380723e-10
-5.3097299262959994e-11
-1.1324356549718599e-10
2.1157843356072945e-10
-4.293714896830101e-10
-4.2684437998808115e-11
-7.779121883329976e-11
