[0.0, 30.0]
227.7262544322385
5.110546830611889
-0.010413277444481601
-0.0023939928035023833
9.765099793819478e-05
-7.449438255207018e-05
-2.2510862405181938e-05
3.143493759793471e-05
9.877647855554133e-06
-8.66216853282252e-06
-5.805219649073279e-06
1.070911808975342e-06
2.4878205239346913e-06
4.530216386089848e-07
-7.535213368693962e-07
-4.0765709858903576e-07
1.3172568323193055e-07
1.8438179546165298e-07
1.5658430311372304e-08
-5.798068600862881e-08
-2.5013609078265235e-08
1.1198000035031735e-08
1.218517505795724e-08
-2.644574703472597e-10
-4.129227825383466e-09
-2.03323415216866e-09
5.973123450560138e-10
-7.090819927053135e-13
-2.0881507789957893e-10
-2.3242786727686904e-10
-4.5672989795822476e-10
-5.042659393626104e-10
-1.0726792696711083e-10
-4.418412138326951e-10
9.578823424587988e-11
-2.0334097072929611e-10
1.8757046695956208e-10
-1.755449738984924e-10
-1.0114747204668668e-10
-4.3872352252442327e-10
-2.10655367355249e-11
-4.5146001308114527e-10
-4.1754419473437466e-11
-4.4724892922667864e-10
5.4692926987988e-11
-5.939411384190326e-10
1.1907476740042035e-10
-1.0494809355111968e-10
1.704955722275062e-10
-4.559446095595665e-10
2.2975246288523612e-10
-4.467499423642864e-10
1.8484866103881024e-10
-4.963645960492303e-10
-2.3664993681549024e-12
-1.7703205573367036e-10
-2.733872939119312e-10
-3.4047145593703024e-11
-1.2751154408309564e-10
-4.126306097793508e-11
-3.5042926090771846e-11
-3.0933103313594794e-10
1.6223903931396487e-10
-6.602223938148037e-10
5.840462087976046e-11
