[0.0, 30.0]
208.8531086803903
4.683109925013409
0.05809996382323051
-0.0028065589025331006
-9.314344942077013e-05
1.0551011155717701e-05
3.042435885416149e-05
-2.8895136723494556e-05
-7.3746479837884324e-06
1.1352726706966934e-05
2.097951891781907e-06
-3.065040759810202e-06
-6.07424867410145e-07
5.9126814580856e-07
1.567916779149099e-07
-5.6040328080580974e-08
-2.9358739119443456e-08
-1.2830272153498264e-08
1.2912968705111e-09
8.5295753302475e-09
1.5994376086732487e-09
-3.290862588682874e-09
-9.95928728313543e-10
5.683568854574048e-10
2.9268577011254555e-10
-4.214003674097683e-10
-2.766427587311006e-10
-3.428517729251093e-10
-1.0370852306054576e-10
-3.340904066853482e-10
-5.6934692208665775e-11
-9.349480992602731e-11
6.795724463429545e-11
-6.298715270907321e-10
-1.2396636377229887e-10
-6.461128289424946e-10
-3.933017111427714e-12
-9.938941388713975e-11
-1.3894670501573008e-10
-4.442099440115347e-11
-7.911482202452491e-11
1.525954796295884e-10
-1.2663152341790192e-10
3.2721593523225703e-10
-4.0976133441587e-12
4.080419317957692e-10
5.459515339261522e-11
-1.6270697699704715e-10
2.9495357221156375e-11
2.1840559039602784e-10
-2.2195187338338315e-10
3.508533294506764e-10
-1.5608371109805295e-10
2.5073392464595355e-10
-2.161947145863357e-11
-3.593572073012635e-11
-2.548351235813191e-10
2.535698061720319e-10
-3.502715662457002e-10
1.1793487446402344e-10
-1.4824175339991788e-10
1.45545613710506e-10
-2.525774520603161e-10
-3.680442432030395e-10
-1.840251263098371e-10
