[0.0, 31.0]
-7.723109338954646
0.3291748064633465
0.0018484540040979425
-9.680364511636884e-05
-5.397869846543815e-06
-1.3940190763973703e-05
2.580714994729569e-06
1.8569587439110198e-06
-6.605448148289645e-07
-2.2454058778397495e-07
1.7911044749538346e-07
1.0747905433550359e-08
-4.5401834562925754e-08
7.47276457912885e-09
9.515473619749807e-09
-3.5416268351110916e-09
-1.7657700348809326e-09
1.4445948385710163e-09
2.333549894323222e-10
-2.4889878863034294e-10
-3.703121821662865e-10
2.8027061821686296e-10
-9.056605369237406e-11
-1.1554649058099312e-10
5.7314127337727897e-11
-1.3268506965128332e-10
7.650847967968354e-12
1.5626160876190589e-10
2.7422963070450926e-10
2.3130814900346262e-10
2.3765055757250225e-11
2.703866668484732e-10
-1.5096850723319738e-10
2.5003496932111475e-10
3.686866338786032e-11
2.1515079870197924e-10
-9.698748651599465e-11
6.037604157635452e-10
2.0371668093308397e-10
4.146244956085077e-10
4.814528760520996e-10
1.5051063296006494e-10
2.1493509132746984e-10
1.4582040616703833e-10
3.388515204138772e-12
4.0798764062684066e-10
1.8949625244338217e-10
4.6312872068146955e-11
9.841358205583746e-11
2.824374505422104e-10
4.6549654134476783e-10
4.5107476189573365e-10
1.7438199652797244e-10
9.276391454197662e-11
-1.3124654660075873e-10
-5.681764827798889e-11
2.6590298635256365e-10
-3.4224823746366293e-10
2.1817274342597493e-10
-4.2355057681849567e-11
3.548793872608646e-11
3.153811755052352e-10
2.6089902410384865e-10
1.0871333905187093e-10
1.210116910508966e-10
