[0.0, 28.0]
11.452241394616147
0.5611332391442286
0.024572491985582454
0.0003671149410953507
1.6114877518540073e-05
-6.502579601274918e-06
-2.7113970153259775e-06
-3.2384132836677476e-07
2.5768193134857754e-07
1.5439989272487448e-07
-2.2974993348328363e-08
-2.6662387694378028e-08
-1.6392255445050261e-09
3.781093665534794e-09
1.624159117404495e-09
-6.197140192383319e-10
-4.980512740632463e-10
-3.8900760241567577e-10
1.4559748304045047e-10
-7.8806690777181e-10
1.1240431489966658e-10
-2.857830277947013e-10
8.525606503237974e-10
-1.9528264125602904e-10
4.366870491170031e-10
-1.3359099546004863e-10
1.5548002231478853e-10
6.6147705358326664e-12
-9.88171022961059e-11
7.52786467315077e-11
-4.7650737091923377e-11
7.034127292748202e-11
-1.5438378206018973e-10
1.069522434676021e-10
5.529475805257751e-11
2.756300375715236e-10
-1.7682681706933892e-10
-1.5315873569708376e-10
3.1450444101205764e-11
-1.618063775691407e-10
6.449702744607293e-11
-6.020914048547857e-10
1.268993322384188e-10
-3.9922983186524254e-10
-5.777100336210286e-11
-4.4292563746482807e-10
4.662232907542809e-10
4.959139394260106e-11
2.429670774568875e-10
1.8640877948297744e-11
3.72242818995598e-10
2.2367560425392973e-10
5.218832300161524e-10
3.097903625448245e-10
6.292182160718687e-11
-1.1508525528038839e-10
2.526805610280244e-10
-4.82383664978858e-10
-1.8495618683320123e-10
-2.364590397561822e-10
2.743390059492143e-10
2.4924229965654568e-11
1.6399905438542229e-10
-6.010088783103346e-11
1.8113724316841325e-10
