[0.0, 31.0]
-13.931227896096813
-1.0046505482823909
-0.012745508595635264
0.00016509345872164658
7.822664887409563e-05
3.377287992564107e-05
9.403497089288957e-06
-2.2581781028329305e-06
-1.9844303317095854e-06
1.0377016374853027e-07
4.932567366595607e-07
6.54525606567023e-08
-1.1534148374149766e-07
-3.841366395263723e-08
2.3717983452420764e-08
1.4428483453692089e-08
-3.3871412641553573e-09
-5.328897091664946e-09
2.8443881874579103e-10
1.0568054299023804e-09
1.5571934168075463e-10
-4.185208172644318e-10
-1.5822691625684e-10
3.41594433913447e-11
-2.613138414875723e-10
4.0258013797710574e-10
-4.3925067780635955e-10
3.9909852861036533e-10
-7.992004577670564e-11
-1.2752514191054336e-10
-1.1775893335198783e-10
3.32882990469843e-10
1.700248409865003e-10
5.381774446483608e-10
-2.8751369102439116e-11
2.4855595606652356e-10
-4.0427815152406446e-10
3.1402932656150476e-10
-4.88039090646203e-10
2.6501922748013124e-11
-3.2363238418658566e-10
1.1874062866030824e-10
-1.695629130427593e-10
-5.822304244218782e-13
-1.4414316760876828e-10
2.836311734879828e-10
-4.935959671343943e-10
2.788950073421753e-10
-3.8209323469708223e-10
3.1818219269729036e-10
-8.232144537013777e-10
2.359204494230291e-10
-6.164556388519046e-10
5.5228665736864805e-11
-5.047499756202108e-10
2.746544513519561e-10
-2.184803434041493e-10
3.0134152059081687e-10
-5.292154851527627e-10
1.9645660147912553e-10
-1.914640026681387e-10
7.094753295006492e-10
-1.545293789310806e-10
2.877969849742154e-10
-3.176810862938402e-10
