[0.0, 31.0]
274.99823517041494
5.514134246420952
-0.021683000825558765
-0.002880324390515368
0.00013505559708041603
-5.8149562027917575e-05
1.0125233828758126e-05
2.3279450527429598e-05
-1.5095707139805239e-05
-1.2428708789917797e-06
4.4686578361774e-06
-2.2721938457677516e-06
-2.65709416009443e-07
9.784112666214753e-07
-3.9132050870515633e-07
-1.3957393703797486e-07
1.9500984997532467e-07
-5.0058068535962684e-08
-3.8378412932246097e-08
3.613902407286968e-08
-5.242067079310747e-09
-9.235002861490784e-09
6.926981055947675e-09
6.326904971878342e-10
-2.0154517244261627e-09
1.1614236889859618e-09
7.081877148486001e-11
-6.263880135157387e-10
5.723394351155817e-10
4.877230133829951e-10
1.769394296167233e-11
3.7051881471395993e-10
2.690976494313147e-10
3.4999011751300163e-10
4.887944408099551e-11
1.296875015416568e-10
-2.29599158933243e-10
-2.3547960181596923e-10
5.718840257433928e-10
3.4542056163650834e-10
1.507549362802545e-12
2.9212534462001153e-10
2.329694632600774e-10
2.2223204059473265e-11
1.0307718281668627e-10
-2.4166870674564596e-11
-1.7990174329346948e-11
-8.672890864677724e-11
1.8597305618449854e-11
-2.74901217644522e-10
-2.187309358357171e-10
-2.1603040011418856e-10
-1.7737066090701615e-10
-5.5328581298135066e-11
6.275782463359014e-11
6.1896009423726e-11
1.126806156173001e-10
-2.9052805128996617e-10
1.9083290076873716e-11
3.377108763892813e-12
7.192143107536753e-11
-1.694002029608872e-10
-4.6617836803534195e-11
-2.0352111186696734e-10
-1.6779082707101016e-10
