[0.0, 30.0]
287.1378995845731
4.956860888832099
0.12701594806067304
-0.004733813979640627
-2.109929278178998e-05
9.402112135303449e-05
3.8138890619426495e-05
-3.116398850143704e-05
-1.0547981773063092e-05
1.1184866384359815e-05
2.172974553680348e-06
-4.06865474128387e-06
-2.596056198772906e-07
1.46530487386268e-06
-6.853911161737288e-08
-5.222538908374872e-07
7.90262356684261e-08
1.8360008367322823e-07
-4.357950338975094e-08
-6.175604096565454e-08
1.6856293907032397e-08
1.8218671284632472e-08
-5.897798793364518e-09
-4.681281073334094e-09
1.1254068076844578e-09
6.915270160241851e-10
-6.316377470017745e-10
-1.3026586843012544e-10
-2.7330496352529264e-11
2.0562502750763828e-10
9.243323537427834e-11
2.3040250835211492e-10
3.183754961722759e-10
1.3055057199925344e-10
-1.7983544419628563e-11
-3.283447403366319e-11
2.225610472222923e-10
-1.0069282796995501e-10
8.243332367482541e-11
-3.7479762452576345e-10
-4.067498710518533e-10
-7.959070869560411e-11
-1.2300054457270852e-10
-3.768564834846773e-10
-2.999231339413106e-10
-2.672773669951338e-10
-8.163097396122703e-11
-2.2775982534422945e-10
1.2065126548241948e-10
-3.6354536607065935e-10
2.765231235522615e-10
4.5251257995732195e-11
1.9981004752415553e-12
-8.917709660092905e-12
1.8448672694411654e-10
-1.964573186105109e-11
1.505918443465007e-10
1.4444575801397028e-10
-1.1255571169910596e-10
1.5247516163293696e-10
1.6249535906154244e-10
4.3844466210386075e-10
2.5207658028671356e-10
2.912020099498497e-10
1.2830103405500413e-10
