[0.0, 30.0]
-8.173779657089792
-0.45324537436396756
0.007745629825256302
-3.665930896834403e-05
-9.869146748289705e-06
1.0145219087870487e-05
1.8606303671888726e-06
-4.2993131278943527e-07
-4.909137738848392e-07
-1.3464598966061933e-07
7.241125288162172e-08
4.544918205160272e-08
-7.408836511041653e-10
-9.319224511677975e-09
-3.63694543876035e-09
3.8571302072960883e-10
9.265526237300232e-10
-5.602064742070657e-10
-1.3795179701810933e-10
-4.4801591466486635e-10
1.4509462722289152e-10
-1.874488777935344e-10
-2.2528999869807288e-10
7.402811106018126e-11
1.249030123443259e-10
-3.038932090130258e-10
1.519736857785923e-10
-3.4446180580876493e-10
-1.003597923224973e-10
-4.2997968858599374e-10
4.674181345221945e-11
9.299877073757856e-11
3.0102190800325537e-10
-9.231403314641516e-13
5.057559403561527e-11
-2.38978644786165e-10
1.0058209123992047e-10
-1.4252058004663286e-10
-5.24467234231896e-11
1.9929620559004764e-12
-3.1338517784206463e-10
4.285588960041308e-11
-5.652481594812309e-11
-2.1931477757574296e-10
2.289963899136679e-10
3.545404592206717e-11
3.0410603547889396e-10
-2.206648112483171e-10
-5.0705906380730646e-12
-1.3008717568103563e-10
-2.885219254995968e-10
2.589143194975969e-10
2.2454248763287467e-10
9.287436087854478e-11
4.847092417094426e-11
1.7431490815573006e-11
1.496041697404442e-10
-3.452246986347929e-10
-2.578550337019327e-10
-3.212408545200676e-10
-2.829790832606335e-10
-6.401579026813681e-11
3.758897076898164e-10
1.9228791702638364e-10
3.306683992955743e-10
