[0.0, 28.0]
194.62230306145273
-1.1719001879468742
-0.3148524628190455
0.004012678138974416
0.0010943018909331476
8.023426876438972e-05
-1.4764665216586608e-05
8.00599028546923e-06
3.2777816937928344e-06
-7.010595520442967e-07
5.982243025633196e-07
-6.046007570886576e-08
-4.514692269200155e-08
-2.200557600448728e-08
-2.077851123617034e-08
5.477861599917186e-09
-6.636183865941015e-09
-3.993260790325664e-09
1.5486255870676103e-09
4.3497196979297994e-09
1.938575832165972e-09
-2.2977591395177537e-09
-1.1081941353223746e-09
7.146711410832777e-10
2.683028751677247e-10
-1.2598441739286524e-10
-3.6140646979001957e-10
4.712267305249953e-11
-1.9683775057690985e-10
-7.956714872744451e-11
-6.648132205378772e-10
-1.2713818875284078e-10
-7.374402819987717e-10
1.5412496629451007e-10
-3.526810515177623e-11
6.962814434493288e-12
2.5333006683275603e-10
2.901970509858441e-10
3.829815571172806e-10
3.318985816321474e-11
4.962137253451655e-10
-3.731130782372384e-10
4.953337404605257e-10
-3.773220513673336e-10
2.612423631043132e-10
-3.6478334831498195e-10
9.639440136581347e-12
-4.1009591895398677e-10
2.658749358802498e-10
-2.3228202186698216e-10
8.380186617373116e-10
-3.4352692356214855e-10
5.033424788389411e-10
-1.3956527759264797e-10
1.3275028301094122e-10
-1.492355631555533e-10
1.4712744472521963e-10
-3.4811485298406667e-10
1.0289522214937239e-10
4.4911132705154996e-10
7.298244608931839e-11
1.5004488087154118e-10
-1.6863324439800093e-10
1.0045766331426275e-10
7.845306758760477e-11
