[0.0, 31.0]
285.39520077241644
-3.469805654160757
0.07835983713740177
0.034936216998367464
-0.00026815465668795596
-0.00024445739666045964
8.059694418223997e-07
-8.2891458499788e-07
-1.3575038025193882e-05
-1.0300849421274023e-06
1.3807191290057882e-06
1.4154450342541168e-06
7.462668760184683e-07
-3.097373325164999e-07
-3.545799479569598e-07
-6.24813252915021e-08
6.111838252239716e-08
5.819549401071706e-08
1.3725501028831355e-08
-1.705758019975395e-08
-1.423759275410711e-08
1.9974515163499366e-09
5.869896817173643e-09
4.3037515677515844e-10
-1.6586448312060525e-09
-4.002668773386397e-10
4.5008098302475624e-10
3.196512668090002e-10
-2.117442272379502e-11
3.7279663069497627e-11
-1.9123306116895241e-10
4.046392447053808e-11
4.772920098285668e-11
2.4515221529478377e-10
2.363696203075458e-10
8.682872243915994e-11
7.699602160199606e-11
2.7800376196431347e-10
3.28901922294049e-10
-1.2456926622162468e-10
6.902312094076677e-10
-3.133877338081175e-10
3.9353180745549507e-10
4.251585601448298e-11
1.81881136204904e-10
-5.9672950652392e-10
2.2324732966907226e-10
-5.817266618734119e-10
-1.2539828368518816e-10
-6.861222335150294e-10
1.222984620265398e-10
-7.353004405068886e-10
3.9211797924120156e-10
-4.8275079816134e-10
3.275646626016152e-10
-4.984347425525472e-10
1.9143078419999042e-10
-4.0347379489420303e-10
3.142607521192994e-11
-1.272857440844801e-10
-5.2878805806196104e-11
-1.2513381479564118e-10
-5.6236293894563576e-11
-2.5022011448648156e-10
-2.0421224627683833e-10
