[0.0, 31.0]
247.19888179228792
5.2113462579237115
-0.026320866823084692
-0.0032796974604838466
0.00012418029333195624
2.7022624424576346e-05
-6.592779998184785e-05
-8.474953490743262e-06
2.1302951583396357e-05
6.681491201259637e-06
-3.919417769568792e-06
-2.8377594500637263e-06
-2.324455881002493e-08
5.400281520975009e-07
2.546331084707062e-07
2.7038804633713323e-08
-6.683480217676836e-08
-4.551986219388612e-08
-3.7609392853210056e-10
9.528096675843592e-09
4.197972827447545e-09
2.042335104734745e-09
-2.502280375350508e-09
-2.044521003834662e-09
-4.261754910880752e-10
5.037892249800011e-10
-1.2861357346328857e-09
-4.900567270777849e-10
-1.123446582660877e-09
-3.314830150927052e-10
-9.428102959590216e-10
-5.49817972672497e-10
-8.609143419811605e-10
-6.880249532468028e-10
-4.5388640937201725e-10
-3.2796549962485226e-10
-7.985113139820699e-10
-4.2653481451580556e-10
-1.0828791107823121e-09
-6.379147162182844e-10
-9.60484355578278e-10
-1.9420369999110261e-10
-5.434241895772314e-10
-3.200451466713573e-10
-1.9124820905825172e-10
-3.5866171705167977e-10
-3.0089490216943883e-10
7.701861085322213e-12
-3.935970878174528e-10
-1.2621707336363714e-10
-3.7748160502737005e-10
7.473061298373753e-11
-7.802914204193544e-10
-1.700249989664053e-10
-4.478359909877918e-10
-2.3881424292582023e-10
-2.9004751719960776e-10
3.895661161983444e-11
6.594360156282108e-11
-4.431167397339573e-11
1.0631273971912363e-10
1.7045244284726822e-10
-2.904475741668512e-12
-2.993090653163291e-11
8.584396555075568e-11
