[0.0, 28.0]
215.2127500954646
0.5301288775589599
-0.2823923762588482
-0.005145614905485319
0.0002851448829320963
8.267133767776326e-05
4.407930714697667e-05
1.4096194222634107e-05
-7.042478768979102e-06
-5.9576671514616055e-06
-3.4157495356568696e-07
1.0923386865999778e-06
3.8881713575763655e-07
-1.5745318583241535e-08
-6.526685012991446e-08
-4.565051813593198e-08
-3.8195647382655975e-09
9.276193714615967e-09
1.539537381948343e-09
9.94369877672587e-10
3.1106365110591973e-10
-1.87885111391567e-09
-5.173406046563226e-10
2.8598892817887725e-10
-2.0059012738751122e-10
-7.189805066258517e-10
3.3815426469432884e-11
-3.0195497452567314e-10
2.0549245096764194e-10
-3.580719970923697e-10
3.112407964289953e-10
-7.914140392294923e-10
1.3738675669533282e-10
-1.0078141926735004e-09
4.657828060967678e-10
-7.378458147427724e-10
2.646496333505728e-10
-2.216446413614456e-10
3.604969607121976e-10
-4.257832200318953e-10
5.383406210566499e-10
-2.420503361469452e-10
6.507057582219737e-10
-3.906180353517259e-10
5.188111380188853e-10
-2.871739570021021e-10
5.751129670321569e-10
-5.297771324054893e-10
3.44457599911481e-10
-7.041180342322098e-10
3.763379518142239e-10
-3.65587625817276e-10
4.4682235726251223e-10
-3.918536311993266e-11
2.4062763614067983e-10
-9.568744474343618e-11
1.5289924086875544e-10
-1.2039059434286676e-10
2.685874738524667e-10
2.6626273544788563e-10
1.7872862963393782e-10
1.8473592252477717e-10
4.325163629380834e-11
-6.943757226451972e-11
-1.174057639686356e-10
