[0.0, 30.0]
-2.0407530694659606
0.7490010769082508
-0.025361339815977532
0.0011545773001303476
-3.224821930262151e-05
-1.0157171079958149e-05
-3.534252726649093e-07
1.3705255157037943e-06
3.3494430066715024e-07
-2.1683047834571478e-07
-1.0123179672434734e-07
3.805856430098457e-08
2.6909324846899368e-08
-6.105116474896214e-09
-6.909311248440023e-09
4.634625865283417e-10
1.6595433595111364e-09
-5.383291401350454e-11
-4.36733598992023e-10
-4.4365022214649234e-10
-2.2652566812165123e-10
-1.6887417721265524e-10
-2.6404701826614087e-10
-7.85642872507626e-11
-3.4264796198129517e-10
-2.423874600934223e-10
1.8933493182718445e-10
6.71161423419038e-11
1.1216399157470957e-10
-2.7919322707599146e-10
2.2786824133218498e-10
-8.403268267490682e-11
7.136436247083166e-10
-4.661916789196411e-10
4.189597442472862e-10
-4.2334133317206015e-10
5.133243195888814e-10
-3.0288897626771737e-10
6.107956662813621e-11
-2.7794986529117055e-10
9.841550155462657e-11
-5.236136445620518e-10
5.578319697999498e-11
-1.8257193157051472e-10
1.6525180690973494e-10
-2.6554892400306197e-10
3.259644610178731e-10
-1.7619582180684963e-10
2.8181407956157785e-10
-2.6027554000580716e-10
2.692736962896063e-11
-1.15672476637478e-10
7.234762213045403e-11
-5.1448387139483195e-11
3.7310925576623835e-10
-6.03499982395494e-11
2.8996530255517754e-10
-1.4811161259421754e-11
3.177961121833088e-10
1.8288139228587237e-10
6.684373947254934e-11
-2.323137885778279e-10
1.7944174265917293e-10
4.51060621344886e-11
-4.969715734912467e-11
