[0.0, 31.0]
127.93305115113861
7.664979221424738
-0.038361824849773005
-0.001183124174456633
-6.348199908487447e-05
0.0001266163909679451
-1.4085804337686031e-05
-4.5700993588355756e-05
1.1058421100779577e-05
1.685962979985794e-05
-3.986634309279775e-06
-6.231153169515178e-06
1.2968611837725283e-06
2.3674859543448655e-06
-4.097112962943746e-07
-9.061823642969681e-07
1.2130773234838314e-07
3.3941784808044545e-07
-3.3488927002840845e-08
-1.2052660625626236e-07
7.631421061945575e-09
3.8018093471068364e-08
-2.0327285157278565e-09
-1.0325911293293846e-08
-2.936108873018594e-10
2.33494613806668e-09
-6.638832648648117e-10
-5.561992459689731e-10
-6.355143050646626e-10
-2.0365300207612877e-10
-8.029338461592941e-10
-2.456125968681615e-10
-8.744122040641767e-10
-3.6974353043380207e-10
-4.350585017691425e-10
-1.2810501465323413e-10
-3.0696180107793007e-10
-1.1330195186397058e-10
-1.9486953335431674e-10
-2.0739813647392327e-10
-5.38326776250829e-11
-2.978475990327205e-11
-9.532725690904828e-11
-1.243705755909779e-10
1.2113119030235002e-10
3.753127490077381e-12
3.0020772857245905e-10
-7.934590139521446e-11
1.4872317834880174e-10
-5.261119158423788e-10
3.326037987112463e-10
-3.2693353525537496e-10
5.234151266867951e-10
-1.5009464985738992e-11
5.185887356001146e-11
-1.0671009682802435e-10
4.701880764496661e-10
-1.5446705034167825e-10
3.623762878892385e-10
-1.7506368831932428e-10
3.5937848368928065e-10
-3.279118081846643e-11
3.204576206770683e-10
2.9912324344017e-10
4.295584582235998e-11
