[0.0, 30.0]
352.6505759676425
1.5528484763835912
0.46870084440248583
-0.009217763914541266
-0.001359875213694718
2.312116878323333e-05
9.642257838142345e-05
-3.560215926509e-06
-2.1737739125869296e-05
5.94909745016116e-06
3.0323885549985593e-06
-1.9735157478956872e-06
-2.2673836375103505e-07
3.4506813142575423e-07
1.9553462320393162e-08
-4.20744270861371e-08
-1.5679962662444566e-08
1.19338731961899e-08
6.449860366019166e-09
-5.5211401523013714e-09
-1.4586566584844796e-09
1.5667968783826797e-09
-9.638392711190269e-11
-3.865607525356408e-10
2.22446199302313e-10
3.8149827240059765e-11
-2.393020547022124e-10
-9.762780584564885e-11
-2.606234906607113e-11
-5.3937777246707716e-11
-1.7661814646387313e-10
-4.1238821093545514e-10
1.392070525258763e-10
3.88885906575722e-11
-4.709468677684141e-10
-5.3245201488606036e-11
-1.7592903607869653e-10
4.2971256790806626e-10
-3.6494350450260754e-10
-8.445441177887335e-11
-3.0076580215620745e-10
-2.1566294919879693e-10
-1.3611408333706216e-10
3.4798834303130104e-11
-2.937197596523779e-10
4.9167586077098854e-11
-4.169158193582673e-10
1.2671362168642002e-10
-6.088111844624817e-10
-8.574434360382803e-11
-3.892250683088092e-10
-2.9263318012070045e-11
-3.1684841542135e-11
-2.496486147803108e-10
-3.7494046688197497e-10
-1.4395259995489186e-10
-3.597958853252751e-10
-2.5367800145780603e-10
-2.0867984935545756e-10
-1.1253915113161343e-10
-7.316090249869303e-11
6.815176930740041e-11
-1.196629321698492e-10
-3.141797463659592e-10
-1.2976632266268581e-10
