[0.0, 31.0]
9.53863548558838
-3.2864523172537647
0.21624818137563076
0.05648564348785047
-0.002939291702961593
-0.0005199450404143241
0.00013905885254489737
9.852835642280665e-06
-1.6971875862333182e-05
1.1950628388016977e-06
4.280699707429582e-06
-3.7669407910553315e-07
-1.090303348524654e-06
-1.3563675943036433e-08
1.7701052800806574e-07
2.3195587366530372e-08
-2.605794986053145e-09
3.913008167336477e-09
-7.2048028048646085e-09
-5.743770895297414e-09
2.0857580902121892e-09
3.048701894997152e-09
2.205500698841612e-10
1.2853845895050011e-10
-1.066243519577761e-10
6.817256025563016e-10
9.714970773222729e-10
8.088176974120046e-10
6.257453176752217e-10
5.243278565664953e-10
6.243518605379472e-10
9.624953634790059e-11
6.150558864220206e-10
8.030560383818509e-10
4.3734909845756677e-10
9.385506505924132e-11
3.6178179839298946e-10
3.611892381215348e-10
3.5851703368687884e-10
2.6302282581867167e-10
4.6075942333779177e-10
5.409646300987207e-10
6.818695348786572e-10
4.5667710029336066e-10
8.904050923587881e-10
-1.345384452382696e-10
4.5049365961735683e-10
1.1955995594275484e-10
2.8747029566977524e-10
4.6968668702175114e-11
1.0096869098215185e-10
1.5346876635397122e-10
1.4572988766046419e-10
2.3839418031866197e-10
-2.1488203513422782e-10
1.7617762565247358e-10
1.342839502190557e-10
2.777087521391728e-10
-1.2171147767821097e-10
5.40244837160877e-10
-3.9394500583074055e-11
3.412191483800813e-10
-2.2828309446901149e-10
1.1835724841037165e-10
-1.3669532321230898e-10
