[0.0, 31.0]
9.004359949897056
0.013249611292524343
0.01629579450669178
5.0952605528677035e-05
3.41151300345043e-05
4.001780237219927e-06
-3.4716188806718892e-06
6.098697109772143e-07
1.2335002888958653e-07
-1.5801835616129392e-07
4.977518532649612e-08
-7.234393826518043e-09
-1.0934559969894e-08
8.244808610594173e-09
-7.919362633493564e-10
-7.652790370314036e-10
7.027014015087241e-10
-1.394051492299714e-10
1.6261551988441813e-10
8.926995833472973e-11
2.12817949705839e-10
1.7285420414075458e-10
-1.6982522795287656e-10
1.641466903545755e-10
4.257296828271711e-10
-2.475430076962676e-10
1.66160150805249e-10
-4.647023154940126e-10
-1.900837289246876e-11
-4.544118808931732e-11
-8.572340905387396e-11
-2.3192367327483557e-10
2.5429940817670647e-10
-1.9043162289668589e-10
-3.720167372147004e-11
-2.5910302295013213e-10
-2.1608426692445796e-11
-1.0980609241698843e-10
1.1651743535176417e-10
-2.907235800110717e-10
1.5763427807130295e-10
2.164495478697996e-10
2.539881240983889e-10
2.048456871354566e-11
-3.0804740863376565e-11
4.87568372521943e-11
-1.5873131619242053e-10
9.91448216262794e-11
2.0458336052288887e-10
4.20132708578045e-10
2.425708354241985e-10
3.2365283340099694e-10
-2.1191533773477957e-10
2.2672132910637093e-10
-7.021119407058596e-11
3.744618781952809e-11
-1.7516722886979117e-11
-3.4855363967973535e-10
-1.6678577238039176e-10
2.0844198555838785e-11
-2.113056590352466e-10
-2.1491849686911547e-10
-1.5952673800287185e-10
4.756776336499582e-11
9.060014746840218e-11
