[0.0, 28.0]
-12.558738428771603
0.6581221287986592
-0.0029580060430611037
-0.00014970178277295596
-3.5248320007267493e-06
-7.146389226961386e-06
1.8719410886105763e-06
7.738142697853984e-07
5.498104231594369e-08
-5.9303564218604936e-08
-1.7318730123665005e-08
-8.75153071024791e-09
-1.1655043152886383e-09
2.1723877822735405e-09
1.0654578284679767e-09
-3.5373424483032547e-10
-6.025375924759799e-10
-2.464676141644532e-10
-4.1514027507904844e-10
4.9654749266499976e-11
-1.1354105135859438e-10
-1.7844384364740462e-10
-9.26648072939444e-11
1.151510038807319e-11
-3.1462211805551343e-12
2.2322748184340486e-11
-4.7845217215033245e-11
3.090677486012719e-10
2.2426837028177243e-10
1.0461844483487465e-10
8.414745877912068e-11
2.515818596637841e-10
4.70928059867696e-10
2.2009083529625136e-10
2.932197654309723e-10
-1.2180698319798352e-10
-6.546909983207217e-11
5.586811525397406e-11
-6.871770718157964e-11
3.936853098528308e-10
8.552155216441346e-12
-7.473844250701464e-12
-2.171814065869148e-10
-3.230879510034969e-10
-3.244505702517264e-10
-1.7788338673217655e-10
-3.599221096268829e-11
-2.5904673026898927e-10
-2.8203009969861585e-10
-1.1618781974372634e-10
-2.6205549611375073e-10
4.323853712496882e-11
-3.351732178064014e-10
-1.4159034859650902e-11
-1.1683179733489932e-10
-2.3015207171116808e-10
2.895946099750006e-11
-1.462900761657231e-11
6.242595526463485e-11
1.81646978985546e-10
-8.850412150411254e-11
2.5742088081084635e-10
2.395157849662761e-11
2.05575401708356e-10
1.1169090927863459e-10
