[0.0, 30.0]
136.99243188577813
5.867379680460382
0.03747590807717846
-0.0031481648096818786
6.989755381692556e-05
0.00010021857598143561
-3.220293366459486e-05
-2.056002014371521e-05
1.496285627883522e-05
6.451141478889002e-07
-3.877295238028191e-06
1.4482331232315408e-06
7.266373630267864e-07
-6.25913917884198e-07
-4.064038934691945e-08
1.7252063771667708e-07
-4.0592605620325864e-08
-3.647203240823653e-08
2.3024627489759237e-08
4.4441884488027856e-09
-7.256116594900912e-09
1.2516685166070851e-10
2.1298973377301726e-09
-1.273318680994417e-09
-7.295792208859118e-10
-9.782377350331302e-11
3.918815685803646e-10
-8.770312615150754e-10
1.9816546573698525e-11
-1.7945901934923646e-10
3.136096777153086e-10
-4.756189943984921e-10
1.8795344744014532e-10
-5.674462170339732e-10
1.9416959713631596e-10
-5.305798565529497e-10
2.615238563104753e-10
-3.105100346024086e-10
-1.1758688012541758e-10
-7.954685488244194e-11
2.2635523535730464e-11
-3.1966894926063425e-10
-1.0159121029311099e-10
-4.002166184817287e-11
-1.2732925407498168e-10
2.8363898804999245e-11
-1.858369876699125e-10
1.8187518026832853e-10
2.7361632166694753e-10
-1.5707044768890475e-10
1.2371310264929253e-10
-4.3658819574364795e-10
1.5886716639617063e-10
4.7864847971923464e-11
3.9741418524213526e-10
-3.781196520934362e-10
4.560498727501944e-10
-1.1041660052391434e-10
1.199363538700867e-10
-9.072124519464192e-11
2.6523831909835886e-11
-8.25629935926451e-11
-2.8506657700976167e-10
5.525774005471264e-11
4.941950285282284e-11
