[0.0, 31.0]
330.7850963251589
7.158028700550573
0.09441944552420338
-0.003119482793067004
0.00027304399870069055
3.9609871635936944e-05
2.3567774923374272e-05
-6.762743503145793e-06
-2.2304587650505594e-05
-4.361161365112745e-06
6.43009124704707e-06
3.979938334487807e-06
-6.393239665450322e-07
-1.6975816923473645e-06
-4.4923941849207487e-07
4.408459114771757e-07
3.202075225734447e-07
-3.6632861902192e-08
-1.1952832465682018e-07
-2.98264924885335e-08
3.0758321332473054e-08
1.8761350124727892e-08
-5.399893730462617e-09
-7.089857488707884e-09
5.611780053711757e-10
1.6108963091012976e-09
-2.1380503393764283e-10
-6.739250771254016e-10
-1.7177158755448554e-10
1.4161282618055412e-10
-4.143423250013702e-10
2.6144231677930343e-11
-3.766877554454243e-10
-1.1118667119376412e-10
-7.446536818548364e-11
-1.8931907443066897e-10
-2.6832837659179434e-11
1.247718407409273e-10
8.002217627255312e-11
-2.0987469214362346e-10
-2.360503821882085e-10
-1.4155718768794699e-11
-2.134719168447155e-10
1.7111701133509504e-10
-1.860974224299404e-10
-2.0060747704104675e-10
2.6164838620372704e-10
4.143792366931997e-10
-8.370830299746784e-11
2.0754203737816663e-10
-1.5917586820950224e-10
1.97760564240551e-10
-3.708329976857846e-11
2.891425104127347e-10
2.2371545669670954e-10
1.8570829519813993e-10
1.172351443319188e-10
1.919722534122054e-10
3.0041257296192933e-10
-1.8383772068205184e-10
6.615593676330358e-11
-2.6939667994271476e-10
2.3035523665818904e-10
-2.011454199188204e-10
1.8959881956934756e-11
