[0.0, 31.0]
178.35630197545046
5.446442077388889
0.03432237209933088
-0.0028952698056740342
0.00015367405607677687
3.8387309505755664e-05
4.122005878068954e-06
1.3426732141805466e-05
-1.1174679951330644e-05
-5.518135785963834e-06
5.710474278445837e-06
6.451290012318984e-07
-2.181312122411414e-06
4.1866486221756483e-07
6.322068175684614e-07
-3.5824417347906247e-07
-1.0722015928027335e-07
1.6352721707698015e-07
-1.527083047776427e-08
-5.226750234893613e-08
2.1316807065416076e-08
1.3289012852270578e-08
-9.52476347531811e-09
-2.4043291582712906e-09
2.915161120889833e-09
3.724588609715662e-10
-4.2927592186154506e-10
3.818596905950092e-10
1.2396253254398933e-10
-1.070058037516264e-10
-2.1795285345534468e-11
-2.921827425323523e-10
3.3247687991562823e-10
-4.768640656923843e-10
1.2761759937795656e-11
-3.3418375523184084e-10
2.5923872703147223e-10
-7.597615328279985e-10
2.0512224983592175e-10
-3.584784723949569e-10
6.204007010380946e-10
4.047516396837502e-12
4.017757058325145e-10
1.1383070758956672e-10
4.8938751167921016e-11
3.146272573737205e-10
-8.866517973965023e-11
1.4303987973501816e-10
2.7767808407193847e-10
2.9635597747026763e-10
1.9862748822267432e-10
1.9184558910924165e-10
-1.5294454556366648e-10
-1.1148677164539753e-11
-1.6011646705970553e-10
6.115059791409206e-11
-2.7456059999854573e-10
-1.0323909110965338e-10
5.378782544127863e-11
7.601847749905446e-11
2.774122397162369e-10
4.113136565706807e-10
1.5057023591648416e-10
2.1196604181957583e-10
-1.163728340980169e-11
