[0.0, 31.0]
9.793493069867784
0.25010137530120197
0.021063711819117772
0.00032469521289371113
2.532636944615035e-05
-6.01087750762354e-06
-1.5846012541972426e-06
1.0742426224206245e-06
-1.397420471610035e-07
-1.9669181759745503e-07
9.973668994549163e-08
2.0731674508687352e-08
-3.07790816879597e-08
3.641102566555701e-09
6.84131876855732e-09
-2.8245183837425964e-09
-1.0138387964842683e-09
1.0118777065766053e-09
-1.7172883594937452e-10
-3.1694439227223144e-10
3.349969502494238e-10
1.496968753673714e-10
-3.1793324840838767e-10
1.2305922241944542e-10
-1.4431652241337937e-10
-7.843254008824594e-12
-1.2197754727769346e-10
-4.760385558898682e-11
-3.1033984134781517e-10
-4.2524369574442806e-10
-3.339710960151908e-10
-1.365939139329659e-10
-2.4244514738101443e-10
3.533567882476883e-10
8.762513939376703e-11
1.969011002411377e-10
-1.9405843681691132e-10
-1.3128194514726843e-10
1.9280038394123638e-10
-3.555754895373126e-10
-2.4860749881483476e-10
-2.492558452728953e-10
-1.0008222617783556e-10
-2.9406472849728564e-10
2.5340951311261657e-11
-4.153903747347386e-10
2.039837700611166e-10
-9.901534775353389e-11
5.204769158679842e-10
-1.6923192021078784e-10
2.5848571228510523e-10
-3.4866903279266387e-10
4.022675097737935e-10
-2.2645653101595922e-10
-1.266649029622635e-10
-1.2754534492503834e-10
4.1810987722038053e-10
-2.7270729650628026e-10
3.5113264442624654e-10
5.753513649469643e-11
2.870931302792077e-10
-2.079361180145789e-10
4.4337183181208183e-11
-1.6323175341139483e-10
3.107293760980112e-10
