[0.0, 31.0]
343.9139413805378
-0.23282407318940496
0.016823006307636744
0.0010088779775992828
-0.00015201430332418775
-4.4024276027340034e-05
3.723413029064036e-05
2.002305823878587e-05
-6.424709080682999e-06
-4.9336983900639825e-06
-1.30859621961362e-06
5.548125526671067e-07
5.249673169212204e-07
-5.285386619633831e-08
-3.1291890376607823e-09
5.6138682159607545e-08
-1.9484349588381024e-08
3.2208966418147446e-08
4.1816922928677826e-09
-9.208338162407e-08
5.396902901646998e-09
8.102287871058518e-08
-7.924097346478388e-10
-4.1097687335164794e-08
-1.0322971641917412e-08
1.1416629042605628e-08
1.1675175827225378e-08
-5.2023773794562924e-09
-5.310141874355136e-09
7.56015787493265e-09
-4.142438679506523e-09
-1.0257530195168108e-08
6.383731812069406e-09
7.43711421133244e-09
-3.914865106009589e-09
-4.816534315985882e-09
9.330150650545419e-12
1.736224486849115e-09
5.90587869949385e-10
-1.4675353725654357e-09
1.381418323352383e-10
7.569426472540542e-10
-1.705644193709805e-09
-1.1271796218851225e-09
1.5450215428147926e-09
2.285325178899772e-10
-1.0816658902108708e-09
-8.124006421161478e-10
4.0771457366119587e-10
-2.8631044198078475e-10
-2.571875354514988e-10
-3.269435948455822e-10
-6.027878020975213e-11
3.234724308551521e-11
-3.461020813038354e-10
1.8445459455550032e-10
3.1822326991585324e-10
-2.485105366189843e-10
1.0183965353736177e-11
-1.382690758134547e-10
-1.453218562164502e-11
-2.0276379245925117e-10
1.338339994175705e-10
-2.9637017967105737e-10
6.781293936286764e-11
