[0.0, 30.0]
316.0461351268849
0.11821723002501132
0.02533095576290443
0.00012820852652430513
-3.582685431614603e-05
-1.5953497048650615e-05
-2.4091146441686536e-05
-1.5114248739706964e-05
3.642552946352776e-06
4.516195973257603e-06
2.074295066454602e-06
1.403814327576213e-07
-6.772744486317917e-07
-3.9004615911964517e-07
-1.336354647791292e-07
4.195796024562521e-08
6.617608046412515e-08
-3.8068703847120545e-08
8.181408175205023e-08
6.33270133769305e-08
-9.3049434882541e-08
-3.255638783001916e-08
3.914956729342294e-08
1.5774554808088094e-08
2.1658128479850664e-10
-8.319307311450648e-09
-5.436764200352488e-09
-5.879396952871874e-09
-7.443690984743263e-10
1.4251116918631207e-08
1.3738918577514877e-09
-1.3327839295741979e-08
-1.407420800650801e-09
7.477826538154624e-09
2.5035684313583126e-09
-1.8506835491465433e-09
-1.9719592706627356e-09
3.8534129851633803e-10
-2.734745059346443e-10
1.5346716850892309e-10
1.6096183331656259e-09
-8.02033312553063e-10
-2.2417418746376365e-09
6.355639202546551e-10
1.2681794141094247e-09
-1.7315420851984674e-10
-1.2212074946178652e-09
-5.318340231050653e-10
-1.0552414598773898e-11
-4.2626008332464953e-10
-2.4279186155755505e-10
1.7427492914205383e-10
-6.629475268992807e-10
-7.075715322345689e-10
6.560453500245763e-11
-3.8646189368392706e-11
-7.68152300791085e-10
-5.418021866607822e-10
-4.964175275812773e-10
5.6753887940519646e-11
-5.354841829128346e-10
-1.3281400956982527e-10
-2.6105845067583406e-10
2.123535877781707e-11
-6.691586975372884e-11
