[0.0, 31.0]
82.47032880024325
0.20049366139159275
-0.018285080926275395
-0.00036892279974942916
9.036995270662323e-05
-4.027802877208433e-05
-3.8015770573938596e-05
1.5043045510740614e-05
8.918703846011152e-06
-4.2926994789889995e-06
8.205761827230785e-07
9.252854529972457e-07
-6.040091038270807e-07
-1.0843396658192718e-07
1.725383321912109e-08
-7.50781051648685e-09
-2.87255063855738e-09
-2.1271995463946677e-09
5.935788140623833e-08
1.6039862291210985e-08
-5.8885068439424926e-08
-1.7243451296289858e-08
3.3888597612505956e-08
3.3700948975138695e-10
-1.2838227465885962e-08
1.0271940789300345e-08
4.039550057144991e-09
-7.103812707336935e-09
-2.607091305609546e-09
-2.240214804814311e-09
1.8344996220123995e-09
6.7288023547143506e-09
-2.7633429275531466e-11
-6.1845409812058904e-09
1.2780033270621989e-09
2.517652209828028e-09
-1.433870070577422e-09
-9.733025306782782e-10
2.0215347609816382e-09
3.9122838943965846e-10
-5.749671675523139e-11
-6.840171906119286e-10
-7.827627953678847e-10
5.477391445991634e-10
9.272109148762602e-10
-8.051206905943896e-10
-4.0785308253217704e-10
7.936251047132016e-11
1.1524621271949824e-10
-3.819192822440936e-10
2.0159780537731384e-10
1.6163074062738904e-10
4.62497284082529e-10
8.820262462869754e-11
1.7036519594478853e-10
-5.443948001262e-10
3.500781985796859e-10
-2.5784484004034704e-10
-1.99249186251412e-10
-3.55069174748976e-10
3.996334161915549e-10
2.981057717477972e-11
-1.9173201612129675e-10
-9.512798331531487e-11
9.956843971450592e-11
