[0.0, 30.0]
17.03435119173627
-0.1211937066536546
-0.004970467759353211
0.0007091974497545766
-7.421725147353657e-05
-4.71478855700222e-05
6.387468748949007e-06
2.9315091900332137e-06
-1.7986938064666302e-07
-1.8983477025519665e-07
4.574894715522508e-08
-6.341157569110103e-08
1.722250910566854e-08
-5.708631341960458e-08
-8.150099899700874e-08
4.922718164092391e-08
-1.905380422514035e-08
9.824482505178786e-08
8.475973564835345e-08
-1.2835728977465258e-07
-5.7553424002032365e-08
6.105838411765122e-08
3.446302395417222e-08
-2.1649237638403925e-08
-2.5901163630195666e-08
4.882002644138732e-09
1.0662502929441167e-08
9.037882697894852e-09
4.702243332547902e-09
-1.656979671269938e-08
-7.3575863316499495e-09
1.1331362544281546e-08
6.2072801537546e-09
-7.443369120792558e-09
-5.3590251921805376e-09
3.091960987437552e-09
3.3018934582658574e-09
-8.332412397321235e-10
-3.054591794023325e-10
-1.7220388315939344e-09
-8.635509189976854e-10
2.1549199347052396e-09
1.3002925840780614e-09
-2.003020180275979e-09
-1.271352263877085e-09
9.705971479571826e-10
1.1336082186572182e-09
-1.063825774869271e-09
-2.5612833806721187e-10
-2.734186833401711e-10
-2.0975304547340564e-10
-1.0421130995950232e-10
-2.959994543492051e-11
-1.000078342138944e-09
-3.8681492230456254e-10
2.2235329448404388e-10
3.3398990062202164e-10
-4.302404701498429e-10
-3.2551436095903184e-10
1.932995580822025e-10
1.6954381286981549e-10
-4.297003771896519e-11
9.753425494848768e-11
-8.712884514771055e-11
-2.9008627936137034e-11
