[0.0, 30.0]
-16.708098143950213
-0.01958496041468167
0.006206922995386339
0.00026850416951811296
-5.352960521947125e-05
-2.649535583339283e-05
3.446800700126563e-06
1.5202089331985373e-06
-1.5310082859564559e-07
-9.218607240631237e-08
1.2209053181615634e-08
-4.9508520508901196e-08
1.3005067987715008e-08
-4.97453406642495e-08
-4.354861275294028e-09
4.017257577853018e-08
-7.538055158454971e-10
6.929334755829626e-08
-8.710500608941216e-09
-8.825565145551581e-08
4.273425792424263e-09
4.485876267736203e-08
4.2817570887237045e-09
-2.062689138568371e-08
-4.619979672502025e-09
9.359658813898045e-09
4.256101323781336e-09
3.254405211229571e-09
-5.3084728221347515e-09
-9.726124168091397e-09
3.823779510068222e-09
7.52450409946536e-09
-2.1301807919234594e-09
-5.265479672940958e-09
7.370539205892589e-10
3.662327005816207e-09
-5.031364557811351e-10
-1.1954875756184294e-09
-4.5810273350987356e-10
-4.780108263524448e-10
9.536395098983568e-10
1.0175601702816774e-09
-8.941499416774129e-10
-1.2824629840348805e-09
8.967854359399212e-10
8.852620272137564e-10
-3.694862815103957e-10
-6.618812171193209e-10
1.4353246422677058e-10
2.898005085548992e-11
-2.5615204632260005e-12
-3.2072783569447396e-11
-5.379400990645682e-10
4.247522707609643e-12
-6.5900253750752356e-12
7.9686985601975e-11
-4.572231340750261e-10
3.00976243643961e-10
8.899857992578986e-11
-8.129726258416617e-12
-1.169771000652427e-10
-2.3467586677085617e-10
1.4566076036869783e-11
-1.2418576873167504e-10
-1.347796243640129e-10
