[0.0, 31.0]
-1.0465043590463394
-0.019487069324244786
0.0006473990525012475
-0.000386064227000533
-3.5818822162943915e-05
5.3811030716260167e-05
2.7392714562453486e-06
-3.237846971083569e-06
-2.499950179340992e-07
9.050996137706516e-08
2.2130692245120855e-08
-8.320919475487356e-08
3.151793945783947e-08
-1.654303063672616e-08
4.637448141699591e-08
8.238641009770435e-08
-6.34236368109538e-09
3.876838532003206e-08
-6.137423272974293e-08
-1.1539212704002265e-07
7.596348048850613e-08
7.532345629967423e-08
-4.939076151136862e-08
-2.5735034769524896e-08
9.938678558181474e-09
6.245907996306056e-09
6.522783712642145e-09
2.3634998015193586e-09
1.6735767048714921e-09
-9.559947431350818e-09
-8.697468134425284e-09
1.3122788301215662e-08
7.424742470833857e-09
-1.0004225381566056e-08
-4.0350133194710585e-09
3.499064267661094e-09
2.5162552741103783e-09
4.340187311243275e-11
-8.086411511392045e-10
-1.1436770349059551e-10
-1.0649727080831295e-09
-6.544337523484266e-10
2.581256533222511e-09
7.57834119952546e-10
-2.511250518208235e-09
-5.782486326620204e-10
1.5578649152723787e-09
6.98185263983626e-10
-7.203727433307004e-10
-4.539228793637473e-10
4.947939419667205e-10
1.6538245607249046e-10
-3.900934567685138e-10
1.5736051846034756e-10
2.841884705980536e-10
-3.571085592317146e-10
5.450570402408189e-11
3.9901195803661123e-10
1.5194504865054272e-10
5.4772108130781336e-11
-3.036354362853784e-11
-2.2079111826777446e-11
2.3632389863318337e-10
8.360618165651541e-11
-8.493436210698473e-11
