[0.0, 31.0]
224.8702942559712
0.281650891270704
-0.032993153551845414
-0.0007216090960706814
-2.831618001887195e-05
9.442011694069462e-06
5.42516304326035e-05
-4.581069362438944e-06
-2.3110715773040184e-05
5.569465402405361e-06
5.841926619049091e-06
-2.821867341425473e-06
-7.295292357079071e-07
8.645488613412289e-07
-1.4116361176436745e-07
-1.5691081039268275e-07
9.919689356705828e-08
-4.811152908347759e-08
-2.6249139714155362e-08
8.064071591530699e-08
7.509840394685278e-09
-5.7094236454083356e-08
2.7257957405457937e-10
2.409168779601142e-08
-7.264537247426076e-09
-5.083026695927045e-09
8.84299437881133e-09
1.4376734692333173e-09
-3.5695403303262856e-09
-4.610399598514994e-09
-2.417620915821682e-09
6.101098902313021e-09
3.674960844181215e-09
-5.158795432406243e-09
-1.7425023556109802e-09
2.4758545443512482e-09
-3.194745434337904e-10
-1.2326875356010099e-09
1.0497025347733317e-09
5.94210583192203e-10
4.379921746664264e-11
-5.06623685345782e-10
-4.4060342652262213e-10
4.4581499724211907e-10
1.2148065411930709e-09
-6.598438872505756e-10
-4.113991275407057e-10
5.919074975166936e-10
-1.9742084010378747e-11
-2.70904659542376e-10
7.374153084179355e-11
1.7932400216869645e-12
6.103663152905476e-10
-2.3247524786558587e-10
-9.306658919739901e-11
8.109160724535542e-11
5.476744377171622e-10
1.8238491660194966e-10
-4.1091580429268944e-11
2.9185511671014196e-10
2.5543118563999204e-10
3.548633236015733e-11
2.7561734488151184e-10
-3.3367225669223034e-11
3.142096364834632e-10
