[0.0, 30.0]
141.2638756922649
0.28945646735567393
0.021112435537930702
-0.0002945749388263444
-3.448773999333066e-05
-4.239694516579676e-05
-4.540058758524464e-05
5.021824742881736e-06
1.2978891075477614e-05
-3.1127382206711517e-06
2.0512927524259876e-07
1.4291587873024987e-06
-6.781020653307707e-07
-3.5527580987899106e-07
8.563985636674075e-08
2.4778403442082408e-08
-5.247460203984999e-08
6.06590628293187e-08
1.2780165027315221e-07
-6.4187206047205e-08
-1.1356243088067444e-07
3.09581983803875e-08
4.6389169902919166e-08
-2.387708928762433e-09
2.5379508913614995e-09
-7.532589944297471e-09
-7.963031756997975e-09
5.55810796503e-09
-6.847605598213601e-09
-3.085462399435909e-09
1.55572029043307e-08
2.719998575970393e-09
-1.2047523979696429e-08
-9.880765389438077e-10
3.2041103216166217e-09
6.755701936400041e-10
6.872703084473404e-11
3.0343977206493894e-10
-9.529384626925493e-11
1.368655027093453e-09
-1.8584771931268077e-09
-1.2538771260951101e-09
2.022780385191138e-09
1.7263495107898527e-09
-1.8683194280048136e-09
5.0457663658228114e-11
-4.1489599661949466e-10
7.564774695317517e-10
-7.652508531374065e-10
6.667339535638996e-10
-6.021520468058477e-10
9.375294784758191e-10
-6.117612261692095e-10
-4.4455478503428053e-10
-1.8658675158426994e-10
6.508439192420335e-10
-5.672742700339304e-10
-7.646744380661778e-11
-3.7825957923181095e-10
1.3780573546816118e-10
-1.2389428927063379e-10
2.824368368208882e-10
-1.4894739937713632e-10
3.687968301133639e-11
8.967420755760311e-11
