[0.0, 30.0]
343.2165217903628
-0.020528274192389933
-0.0225527123491576
-2.2151293435562763e-05
0.00014349922966213596
2.0584743176511218e-05
-4.259865546143005e-05
-5.226520264784159e-06
1.0913753592382893e-05
4.471319939527682e-06
-3.2196941836600185e-07
-1.2621819615179529e-06
-5.726356334645833e-07
5.134701090776749e-08
8.393924063477802e-08
6.938537977710435e-08
3.440638656554798e-08
-8.588773124157373e-08
2.228350266344606e-08
8.312049832299971e-08
-4.548798766513101e-08
-5.547282444058355e-08
1.791452026380645e-08
2.642000275339714e-08
5.681097650627377e-09
-1.2867392739656785e-08
-7.725194867546746e-09
8.261211289829066e-09
-4.13330018820989e-09
-6.145652736751988e-09
1.0112336074265142e-08
3.612810218218724e-09
-8.997077229910298e-09
-3.013425215164962e-09
3.4880732541591507e-09
3.0687606894358504e-09
-9.092920648504803e-10
-1.906806916154093e-09
5.58600388949274e-10
3.508583870066067e-10
-1.6421002023162774e-09
2.422319130290889e-10
1.8063612970997128e-09
-9.40300425871635e-10
-1.785442856853792e-09
-1.5900264222892012e-10
2.8716882246091264e-10
-3.053807438023613e-11
-1.199321730256343e-09
-3.411723914443228e-12
1.0530658188027861e-10
2.338585822263346e-10
-4.351551020166738e-10
7.008763073606415e-10
-1.5185481443517176e-10
-1.2157303967981216e-10
-2.404624753047972e-11
5.124752203164239e-10
-2.9529374873927705e-10
-5.305196650586798e-10
-2.0376598090112936e-10
7.064021192481565e-11
-4.718835978015508e-10
3.317380245483225e-11
-1.080914834257672e-10
