[0.0, 31.0]
93.95769925019404
0.26232994194532866
-0.01647008137405874
-0.0006241261569779512
0.00011092117947433424
-4.881955540812958e-05
-9.229218009739866e-06
3.5257143232185896e-05
-4.101739716847684e-06
-1.2233434822692238e-05
4.78651137239176e-06
2.8862677300487915e-06
-2.641444477011073e-06
-4.150925803956891e-07
1.12382412754637e-06
-8.170336876278975e-08
-3.690150089356255e-07
1.4628982733033205e-07
6.282649896620456e-08
-1.1648252491558783e-07
2.2695725880359183e-08
6.996194457219309e-08
-2.7392079694506252e-08
-2.792217555864015e-08
1.5258180563472414e-08
5.323414153613126e-09
-8.146196665878575e-09
-9.337243164527575e-10
5.941831307934302e-09
5.377284869742401e-09
-6.216158486558508e-09
-7.479755912522869e-09
4.896913554232012e-09
7.206604875151128e-09
-3.4093202310011677e-09
-2.509713947440744e-09
1.6363426856268406e-09
1.1256222944931853e-09
-1.1000658534293403e-09
-2.7957168083309975e-10
4.6318272831961217e-10
1.4909533664890323e-09
-1.132624944987498e-09
-1.259543152940206e-09
4.565097965419332e-10
1.2547633922730153e-09
-6.222480343650461e-10
-8.144576122250283e-10
1.1785648268792827e-11
1.8860088780513403e-10
-4.359389314979395e-10
-3.856546992752916e-10
-2.900922829831825e-10
-3.146110798733851e-11
-2.110200677026071e-10
-5.973347837784713e-10
-5.882896261507504e-12
8.42306413262472e-10
-1.0447523453529307e-10
6.148469302452485e-11
-3.8196824296377794e-10
-8.846104006566306e-11
-1.8583013873815975e-10
-2.1785079484402473e-10
-2.2943179807724894e-10
