[0.0, 30.0]
-4.18496925258011
-0.040334101063293035
0.0009268646987472958
-0.00010207506424983398
0.00011870695268474771
2.215623105182696e-05
-1.0013007245561778e-05
-1.4006072059277941e-06
2.9798410502948007e-07
8.301856571163234e-08
-6.189836604924491e-08
2.2554961734746266e-08
-2.3958335196740408e-08
1.2210074482687436e-08
1.0768748223712054e-07
-1.4161908562716745e-08
2.8472808034081917e-08
-3.310494297524083e-08
-1.1324851923705218e-07
4.5578603669218924e-08
7.849209061899463e-08
-2.1738717580876123e-08
-4.624369177232725e-08
3.2512643552232476e-09
3.541974589341558e-08
2.3342854448024193e-09
-1.327418079046314e-08
-4.690341361641073e-09
-5.2321307069910266e-09
5.473371264543148e-09
9.329453207185484e-09
-3.5232009698382738e-09
-8.393472321016947e-09
1.5924315069689647e-09
7.0032129835828545e-09
7.313940036776734e-11
-4.0121901243042555e-09
-2.6948706793308394e-10
9.334485912802715e-10
8.125154908525384e-10
1.2425818551184882e-09
-9.406317403708844e-10
-1.45778571734886e-09
2.259130847606063e-10
1.4280686323678216e-09
1.2207648274863457e-10
-1.5382318208031045e-09
8.078651873667115e-11
1.0560413280932223e-09
3.2494137905489364e-10
3.626667295988413e-10
1.687634386864926e-10
3.2150364402620636e-10
1.1845383489873298e-11
7.068931296877249e-10
-1.4315539559930756e-10
-2.856635096443561e-10
-4.513496035936395e-10
7.130472830441256e-10
-3.825664554919534e-11
6.446983721415631e-11
3.321291666503218e-10
2.1387219293826922e-10
2.0359283244253907e-10
2.4549515248318915e-10
