[0.0, 28.0]
17.374861451948238
0.10722100729437804
-0.005389019635007696
-0.000641858984799275
5.669286669671609e-07
3.975425641987852e-05
-1.7137957210836855e-07
-2.096140274497057e-06
1.7730243592323338e-07
1.7065102846632134e-07
3.240813405692875e-08
4.7607708143280455e-09
6.75691566236191e-08
-8.032438118983271e-08
-2.5080280773077852e-08
-3.2699498187185004e-08
-1.0040501392908057e-07
8.455639662114473e-08
1.1802707451244374e-07
-4.871400744275788e-08
-5.456278620245811e-08
2.558043577876543e-08
5.185259582298678e-09
-1.2478271506903077e-08
4.42609242320458e-09
-6.089179400712983e-09
-2.3712915598036214e-09
1.6680651355263257e-08
2.067493972055615e-09
-1.4051211599377468e-08
2.0425642450030241e-10
7.522898612091405e-09
-2.718586328705219e-09
-2.676328484429108e-09
1.2103477825041939e-09
4.0036770034315626e-10
1.1598544176100561e-09
1.675940813058557e-09
-2.1518700304731153e-09
-1.3416495619168251e-09
2.0278444556785416e-09
9.609155999691094e-10
-1.3570424436368476e-09
-1.1715950982242324e-10
7.075183508051148e-10
-5.128540789022838e-11
-1.534363799042409e-10
1.8411051553592442e-10
-6.085089195268608e-10
6.179215021006642e-10
5.345995967359278e-10
1.7838136710921607e-10
-2.8969566523903086e-10
3.9191267523785063e-10
3.217040910774135e-10
-1.6899834382579634e-10
2.964018123096243e-12
-1.0543856747025813e-10
1.1283852429581262e-10
2.5682338487288155e-10
2.43293859805209e-10
1.821093573665311e-11
2.9763683625734755e-10
1.1326023103000184e-10
-1.7210194407983827e-10
