[0.0, 31.0]
152.26236123093196
-0.093507852645852
-0.029004284467483633
0.000537321882111603
-9.276855732498441e-05
-3.994368291702485e-05
3.805113034382641e-05
1.8035380946270916e-05
-1.5231547092678808e-05
-5.069051931699235e-06
5.212794802891218e-06
1.0489025842530673e-06
-1.3660130802307218e-06
-1.1194023485148831e-07
3.668703303637627e-07
-3.3722413468359276e-08
-5.544134190531202e-08
-4.349241262625906e-08
-8.54787226323203e-08
9.330241349408342e-08
7.907647399708212e-08
-8.035873737471836e-08
-4.7076746004244625e-08
3.321088999953642e-08
3.701349774985682e-08
-1.5638682116143423e-10
-2.5807043778610305e-08
-1.2790919511593805e-09
7.592135397406643e-09
-6.671777481751035e-09
6.421031308226949e-09
6.6534609411088314e-09
-1.1297922074031695e-08
-5.603603919652802e-09
6.869569628750469e-09
5.359743956438186e-09
-1.756074593084137e-09
-4.222425280951024e-09
8.268390077743916e-10
2.180356878851998e-09
-8.956806427578237e-10
6.536309812183194e-10
9.849471729804674e-10
-1.96605189480377e-09
-9.8344679113467e-10
2.1102999508258663e-09
5.603319477573036e-10
-5.734396778144639e-10
-1.5529956692142693e-09
6.798984170404892e-10
4.821277086673343e-11
2.0024496978586378e-10
-6.849097186620407e-10
4.2030387203979674e-10
-1.085576999582989e-09
1.706531450193667e-10
-1.8963251849017815e-10
1.259487352097215e-11
-1.007404720331386e-09
-1.7409659679472592e-10
-3.692295760446565e-10
-6.000680458404357e-12
-6.988198165845545e-10
-1.2808416659995733e-10
-2.6756726353643616e-10
