[0.0, 30.0]
3.7429442998482596
-0.17193071814420471
0.01782350005934166
0.0007522613359663848
-8.872186543884603e-05
-4.403973630162171e-05
-1.8011635665426032e-05
2.0493663968336697e-05
8.674279919667256e-06
-7.7475467359328e-06
-1.5282448707107688e-06
2.2165078446776983e-06
2.8124188603255288e-08
-4.745510637732198e-07
5.3598508035228515e-08
6.411272625882586e-08
-5.708145805683419e-08
2.7452571960007902e-08
7.18666882960533e-08
-3.967277598416203e-08
-6.060682568747364e-08
2.3063212605712864e-08
3.229689671471425e-08
-2.922041740349486e-09
-1.1363147871181624e-08
-3.8944485616959805e-09
4.8280337097999845e-09
2.1061338263875376e-09
-7.915535357971294e-09
2.2087314094790325e-09
9.366925960770984e-09
-3.250513022621101e-09
-7.2665378611434775e-09
1.9219088718125556e-09
3.097249093352844e-09
1.6019827407123677e-10
-1.2590123361393161e-09
-3.296215929886538e-10
8.041737706331948e-10
-5.580439974891839e-12
-1.8239818497189328e-09
4.779098877609444e-10
1.2440468301275695e-09
-4.831661566154008e-10
-1.014791909692682e-09
2.0286484382712682e-10
2.731672855188269e-10
2.2418816663742659e-10
-8.819199104053313e-11
-1.7542820321301078e-10
5.281611209186038e-10
2.336872380164321e-10
-5.844014444488457e-10
4.3385305146120105e-10
6.011325314280632e-10
-1.1833309784039673e-10
-3.0150049944590225e-11
2.2220446893069398e-10
4.4146480062012906e-10
1.593946533178357e-10
-3.330120517084372e-10
3.015007410355527e-10
-9.998569231407012e-11
3.527237227700656e-11
-2.2591615778950986e-10
