[0.0, 31.0]
212.74919279647767
-0.38954373443794044
0.014267255833992182
0.0013701473964929764
2.153121331804181e-05
-3.6358474199356404e-05
1.9529024284547035e-05
2.669764489404975e-05
-9.044355822315489e-06
-1.0073960412624763e-06
5.664476412601911e-07
-1.4758475848170606e-06
6.549668245621031e-07
4.416020377062147e-08
-2.6836766506375915e-07
1.329934806902169e-07
-7.436891158899349e-10
-2.067595679121183e-08
8.662664883189287e-08
-1.025252826210753e-08
-7.268952145850253e-08
-3.0484391542880398e-09
3.506783973099886e-08
8.134094965721725e-09
-1.4267715242341742e-08
-8.142526489865799e-10
3.968336548487556e-09
2.4406029299621826e-09
1.1718328661596255e-09
-7.857633592896911e-09
-4.949985775482142e-09
8.09981106804091e-09
4.389650620133843e-09
-4.947572485048856e-09
-3.4611348677389853e-09
2.769390449217938e-09
7.176641699225802e-10
-1.5375080649865988e-09
-2.032793613854401e-10
1.7456317091461838e-10
1.0958937963108553e-09
9.503449466977763e-10
-5.687385599716186e-10
-1.4173067887269365e-09
4.292587507581796e-10
1.132635370220269e-09
-5.882115384824155e-10
-8.678764909181044e-10
-1.0913693715304996e-11
1.0138720380001753e-10
-1.3941714570623256e-10
2.967136828027278e-10
-4.543430481613034e-10
1.1668831111169605e-11
2.2290942743039122e-10
-1.502863128533144e-10
-1.5352888302215654e-10
5.988085685274634e-11
7.667286322687995e-11
1.840177075594187e-10
-1.2047933838271367e-10
3.278940078826769e-10
4.547696274869596e-10
-1.8872791235621952e-11
1.76441503882089e-10
