[0.0, 31.0]
13.135392513201907
0.11823763953089945
-0.0007926588459123396
-0.00046043436037904043
-0.00013459712857111813
1.6695406745488685e-05
1.1555021182412864e-05
-5.806611337157055e-07
-3.321881865569194e-07
-7.358980342628395e-08
3.807893510027104e-09
-5.33631911929429e-08
-1.953955039918427e-08
-4.298325919187486e-08
-7.331002392020547e-08
6.877909301250431e-08
2.3515482985751924e-08
3.855107468105794e-08
6.62265627217057e-08
-8.045758168815547e-08
-7.447853240502906e-08
4.566970730999757e-08
4.114210267113843e-08
-3.220898024726006e-08
-1.6086416098174787e-08
3.111072679165794e-08
6.029098869317512e-09
-1.49980061451507e-08
-1.7615141737416936e-09
-4.516836801934453e-09
-2.1454212508065377e-09
8.533570504098664e-09
2.9447040929259403e-09
-7.941785129203774e-09
-1.6126173114183916e-09
5.866737975904695e-09
-1.4018574870435284e-09
-4.727039000014241e-09
4.124263886564367e-10
1.486184837824777e-09
-7.686691987128711e-11
5.645428414741329e-10
-4.854750460545959e-10
-1.4671529743281219e-09
-7.492362809615579e-11
1.174361309393441e-09
-9.511698619778998e-10
-8.342363689999859e-10
3.7844495027618094e-10
6.774186718841517e-10
-7.042518955633226e-10
-1.4204334237414732e-10
-1.515465664783271e-10
1.845979830642566e-10
-1.040543962314904e-11
4.618203994943805e-10
-5.537595113575991e-10
-1.39303346974495e-10
-2.003522754687768e-10
1.438067369867348e-10
-5.900395804464905e-10
-1.615736007724532e-10
-1.780378562340088e-10
1.469877071436346e-10
-1.874571126389899e-11
