[0.0, 31.0]
248.66839850047123
0.4531720436980746
0.022777722991699237
-0.0012353290907995995
-3.4662255357421677e-06
7.83518706600477e-05
-1.675209574514647e-05
-2.893796546444302e-05
1.2802765021252833e-06
4.977728987891113e-06
2.2973506448712055e-06
8.488183098271302e-07
-6.911692151403918e-07
-6.735036470017946e-07
-1.527745503654424e-08
1.2159578720674337e-07
7.365987388711982e-08
5.83089489773185e-10
-8.995517325076858e-08
2.0828364045015864e-08
7.048579660964265e-08
-2.4880913615665426e-08
-2.833986584385775e-08
9.13224425033317e-09
1.0492065476041817e-08
1.5037706676633558e-09
-4.602350106687034e-09
-2.7054379076411763e-09
-5.706585798778283e-09
6.928363609984998e-10
1.0511647687184483e-08
-3.620603925015064e-10
-8.785328029647014e-09
1.514168121249323e-10
4.7203442837094405e-09
5.862986673288653e-10
-2.8297450459953913e-09
-9.276544810765569e-10
4.471484227905687e-10
-3.830257180865777e-10
5.318043755379782e-10
5.30640038780778e-10
-1.6582716353483574e-09
-8.957391589133168e-10
6.792338868988511e-10
3.0729635151201413e-10
-1.241581169460207e-09
-8.829466396428984e-10
1.7213725401663819e-10
-2.178862654737879e-10
-5.346430572187529e-10
-1.8376174953417123e-10
-2.7660516700753313e-10
-9.73497192528398e-11
-2.106579823388277e-10
3.8209238293116235e-10
-3.3620106093746215e-10
-1.2021237209169407e-10
1.9017342289961658e-10
3.633134135135955e-10
-1.1849752105394238e-11
-2.961316738179458e-11
-3.1949407348898815e-10
2.430537989937803e-10
-3.194586108976473e-11
