[0.0, 31.0]
101.73933276803491
0.3071343420899834
-0.013817364063027469
-0.0007889954656343156
-9.188073570234714e-05
-2.2564716366491507e-05
2.3822267343308268e-05
2.3110957481316943e-05
-7.679323100791714e-06
-9.511685047085176e-06
2.1536993533782924e-06
2.9045491512349174e-06
-6.285240120067776e-07
-8.207586688797506e-07
2.765062960908639e-07
2.3425828008705478e-07
-9.87966129456226e-08
1.0181365571401057e-09
-1.475341573230694e-08
-6.889613931639544e-08
2.7929126083907552e-08
5.715578133288007e-08
-1.637147599068131e-08
-3.198826904855895e-08
1.8987624428253628e-08
1.3967633199741088e-08
-1.5527432541976e-08
-7.269053813482997e-09
1.4096954381308621e-09
4.78635473105854e-09
6.677861514421378e-09
-7.510268612413034e-10
-7.74054792895763e-09
1.7897559639858644e-10
5.819012583987274e-09
-1.5855988381036336e-09
-3.968974794790033e-09
1.588599317797055e-09
2.07946650630978e-09
-1.2814940440128184e-10
-1.1204803325899483e-09
-1.135570639058245e-09
-7.43982779780658e-10
1.3329870577088879e-09
3.262924471182612e-10
-1.2854291240438e-09
-4.227528424776954e-10
9.42739723100176e-10
-3.617652941216636e-10
-1.0830185962009464e-09
-3.2945962081726135e-10
3.309466165353506e-10
-8.326958090323687e-11
6.092368700840566e-11
-1.3514047506835677e-10
-3.270130877313849e-10
2.093667691738962e-10
-3.357221422040498e-11
-1.6844538448316488e-10
-1.4037471955105488e-11
3.276729140281408e-10
3.6389673589880994e-10
2.866877931229787e-10
2.640506882064567e-10
-7.770034268579817e-11
