[0.0, 31.0]
184.3723735028309
0.26480885457912584
0.030027842575817747
-0.0008600146983012199
-7.71049312507987e-05
8.57041205879296e-05
1.5089926987022728e-05
-3.325406825405215e-05
-9.117106099173281e-06
1.0807337351109677e-05
5.631301148054387e-06
-2.6887044246033993e-06
-2.766598391719204e-06
3.64329595552699e-07
1.0223424332338815e-06
1.228475482195644e-07
-3.566443304340875e-07
-1.0211462879084576e-07
2.0030545359729237e-07
1.7991730313665075e-08
-1.2883530552220198e-07
1.7897967263931825e-08
5.792554563259756e-08
-6.3474324577658555e-09
-7.576542179732742e-09
-1.048269141295811e-08
-6.468720567056743e-09
7.001980540251927e-09
4.541221447823616e-09
5.702417994814924e-09
-2.0054986049256831e-10
-1.3523009338500833e-08
5.751252779077312e-10
1.0306661386152244e-08
3.793052283078483e-10
-3.84827021789909e-09
-1.0426347202827966e-09
-2.723956356567839e-10
1.0845926541702731e-09
-9.284694837483818e-11
7.517940371172037e-10
1.028826425037185e-09
-1.5165719149913988e-09
-1.3114201726969204e-09
1.97940596740543e-09
7.788055925667419e-10
-4.0846343185226577e-10
-4.2103895489044155e-10
-4.3984831674055383e-11
1.7074948838137132e-11
3.369695082243786e-11
-1.4976447172532804e-10
1.033453182190834e-10
-9.01182069583996e-11
-7.003549699235239e-10
8.675062937370874e-12
2.523089751447875e-10
9.690530183497241e-11
-4.367360917033576e-10
5.121681543116405e-11
3.055607411377043e-10
-3.0501632618316814e-10
8.229557399353457e-11
2.1752533866132393e-10
2.421543992768972e-10
