[0.0, 31.0]
112.63672940498398
-0.12698089631716447
0.023314146920296548
0.00014734192837795136
-0.00011675383862480127
-6.17592778767947e-06
1.358544355929748e-05
3.221561120902055e-05
-7.823701253851807e-06
-1.014698896467279e-05
5.1042923620670744e-06
1.952748401301707e-06
-2.2212870281738927e-06
-3.079615872842453e-07
6.723073395305128e-07
3.9242335417807524e-08
-2.0608339379234575e-07
7.181347405847093e-08
1.4210083283319323e-07
-9.467002887355799e-08
-1.0780246329278868e-07
5.107679870058121e-08
4.98312273065245e-08
-2.4620574379817252e-08
-8.348765018657182e-09
2.1399631341833928e-08
-5.705199749823112e-09
-8.644407752818293e-09
2.9498050160923495e-09
-6.32598533598732e-09
-2.240311371503014e-09
1.1674629072979839e-08
2.152345373462256e-09
-7.75801868011359e-09
-7.382704623219074e-10
5.332827881528392e-09
-2.4027162501249094e-09
-2.201980473583083e-09
1.3263784101744626e-09
8.410909081296944e-10
1.4310944791544392e-10
1.545805642647763e-09
-1.03107669058197e-09
-1.0051275061526896e-09
1.2781493475959116e-09
1.6924963386046792e-09
-1.248561292939059e-09
-1.3937392586152576e-10
3.2940373312697333e-10
2.2722445892528092e-10
-8.327751297159769e-10
5.530908307860713e-10
-2.330643840965768e-10
4.729118596171185e-10
3.5347927965088574e-10
3.68726394761744e-10
-5.600448588255006e-10
3.341334052269662e-10
-1.1569046637329829e-10
1.7300430788405795e-10
-5.804654279107243e-10
3.2488171085072004e-10
1.8221165045259117e-10
2.4715440298811785e-11
2.74566531218981e-12
