[0.0, 31.0]
-3.576816768757694
0.009131902706562282
0.0010651813867856982
0.0001074432673017053
0.00012499220293565007
-1.2387850246121466e-05
-1.0965356966434857e-05
5.908797672374093e-07
2.7177555283154837e-07
3.5210805920865564e-08
6.6973349335696466e-09
5.265742674880056e-08
1.2196825954685882e-08
3.7535286040102275e-08
6.726259063516124e-08
-6.422482504182848e-08
-1.9252675042932447e-08
-3.4944203141351145e-08
-5.7787707595209394e-08
7.318397690942409e-08
6.326446061568889e-08
-4.202922558526425e-08
-3.6012670319681564e-08
3.023980064026283e-08
1.68693806825568e-08
-2.842321394664363e-08
-6.980576517664757e-09
1.3402829809847542e-08
2.8328918484594124e-09
3.814195895459515e-09
1.654766023723688e-09
-7.538325450331855e-09
-2.3927764134164867e-09
6.736045870568582e-09
1.4424580404577563e-09
-5.670096541157262e-09
3.4993409323060695e-10
4.4800401627636845e-09
-6.806296595191248e-10
-1.5067827795610955e-09
-3.488571200462355e-10
-8.913032452756633e-10
1.0632925071994546e-10
6.15826870731664e-10
-4.069858905512531e-10
-1.7307022454288975e-09
2.3956872406236843e-10
3.350099328370155e-10
-9.285749925942421e-10
-1.2437957676238585e-09
-2.2464134709749734e-10
-1.9375931162045857e-10
-4.4078501467794877e-10
-1.0503118909920656e-10
-6.719881240332982e-10
-4.461066730850849e-10
-3.0296862563531055e-10
2.1778045475401598e-11
-6.855879707862832e-10
-1.8723166004412128e-10
-2.8089689535393436e-10
-2.1254076314167043e-11
-4.674855142482691e-11
-3.674129377383305e-10
-7.5313226015135e-11
