[0.0, 31.0]
-14.214643330949624
0.05794818315061783
-0.003949940601360845
7.916454607548093e-05
3.66510532479598e-05
-3.7241516162133934e-05
-2.767350855431489e-06
2.401431297630107e-06
2.797392014964024e-07
-1.3233923554157845e-07
-1.5276905544760182e-08
1.4059734317515668e-08
-3.9884441579313235e-08
-5.714401721069776e-09
-5.684030760159028e-08
-8.145907696630444e-09
1.6684165846941943e-08
4.133421172664954e-09
8.26564916326761e-08
5.801374640046543e-09
-8.810408938008132e-08
4.106660244218866e-09
4.244325201008176e-08
-5.512107034247909e-09
-1.2922872155574257e-08
-1.3506949895438549e-09
1.2500094267591815e-09
-2.5197732353762915e-12
4.036637246477485e-09
8.195064060504568e-09
-7.382159234321231e-09
-8.049687514295051e-09
6.714974925548e-09
5.448501081568708e-09
-3.939492825546058e-09
-2.6347583808761426e-09
1.3773327883856582e-09
2.0825089925859865e-09
-3.0112405791407816e-10
8.268479437871537e-10
4.750509488473932e-10
-1.2168728409325483e-09
-3.753957084337992e-10
2.070853723829271e-09
5.345123937179599e-11
-1.3615449830585505e-09
-1.5786147536842662e-10
7.761018937480296e-10
1.153573720211894e-10
-1.3742665194051692e-10
-1.3033212244920552e-10
3.900915846847814e-10
-4.4552484559718837e-10
9.91382824854377e-11
3.1504872076428516e-10
1.5738744848710516e-11
-2.4709628264287574e-10
-6.329246934719697e-12
1.5865135812982192e-10
2.3156392047318023e-10
-1.2018420363538542e-10
2.3712353023359515e-10
-5.946986677799892e-11
1.126542755013968e-10
-3.03676974464904e-10
