[0.0, 30.0]
-14.531749740379597
-0.09138943230021093
0.0002875892608664369
0.00022373337968644713
2.389255857621807e-06
4.638007314089558e-06
4.304707198644755e-06
1.1252027219340081e-07
4.462033789317272e-06
-4.388364618263943e-06
-1.1112177755335592e-06
-3.011282110479671e-06
-5.713185988321973e-06
5.9904771086470375e-06
5.221839124830776e-06
-3.5571184092020986e-06
-2.2950328756969243e-06
1.2260036702040909e-06
6.48599990355355e-07
-2.9000224467971246e-07
-1.3085446776928285e-07
5.106136389221198e-08
2.0665566644501323e-08
-6.831419028805301e-09
-2.010460640500746e-09
8.254444414369886e-10
8.574756130937949e-10
-2.0068426548300767e-11
1.8085918103305992e-10
-3.2022109892782694e-10
3.795891935032562e-10
-1.4055798437632507e-10
1.9681381620794847e-10
-4.995279970419322e-11
3.7142183962951384e-10
2.976980118086317e-13
2.0505962081728415e-10
-1.141710022017922e-10
3.7626148787331525e-10
-1.9445394543246594e-11
1.5764074790853327e-10
-6.640244015797136e-11
2.8399895942919375e-10
-1.8894842143467878e-10
-1.1313235607430039e-10
-4.0307624105515885e-10
1.8688479179236157e-10
-1.2532265973598837e-10
2.259178915849513e-11
-6.94840979443647e-11
3.0726542426297463e-10
2.003300563590944e-10
3.825022674001106e-10
-1.5545544587176161e-10
2.3309208356172596e-10
-1.6665500206771344e-10
1.5472412829785785e-10
-2.350593824175108e-10
1.3162910697957091e-11
-1.8020834342135342e-10
5.299419829439856e-11
-3.4413133444951413e-10
-2.3523820102559783e-11
-4.369023924560745e-10
-4.817596799072925e-11
