[0.0, 28.0]
11.23834236646368
0.24796502600544465
0.012650357096352927
-0.0005534936922173603
-5.30309716719445e-05
-1.3186002954033357e-05
3.491799149383614e-05
1.2158028315426236e-05
4.0124686144031247e-07
-4.010562903699216e-06
1.1250541962635097e-06
-2.7627726293357494e-07
-5.8279930090734525e-06
7.338640810266992e-07
3.865100181428827e-06
-2.8374728886638277e-07
-1.3647213490058787e-06
4.762218937238569e-08
3.214626137428457e-07
2.0137597526605257e-09
-5.421739633836238e-08
-3.834134257719815e-09
7.480506932639545e-09
1.2960559642747935e-09
-1.8467667584950544e-10
-2.237448954169514e-10
1.1242685470862109e-10
3.449785254579187e-10
1.5827670863314134e-10
-4.2287055322205896e-11
2.444686907752802e-10
1.557497192780104e-10
9.692132632051697e-11
9.441168295946919e-11
-1.340604639812635e-10
-2.0515917871959559e-10
-1.0018190061056526e-10
-3.66361329370206e-10
2.4230372774038695e-10
-5.077604153003177e-10
2.5560532814756085e-10
-1.6997007906085372e-10
3.6943570515730676e-10
-2.491098587670134e-10
4.2907499296470816e-10
-3.195891998050646e-10
1.5398628530192746e-10
-2.3409195673876217e-10
4.004559814670742e-11
-1.423766507931898e-10
1.9552820432590964e-11
-7.563144639113859e-11
7.901491517413388e-11
-1.1231553826066386e-10
4.3192020010493707e-10
-1.5536313083356865e-10
8.00684556125451e-11
-5.800229568683987e-10
9.921608187664878e-11
-4.868579500233942e-10
-2.225161230672153e-10
-3.9868679713031204e-10
-3.662084387327245e-11
-3.902220697368134e-10
-1.0435338525960018e-10
