[0.0, 30.0]
348.314912147081
-0.30256787977251465
0.0019378770617204325
0.0010275321804750794
-1.1285032504583799e-05
3.169218785439189e-05
-2.4069732075084296e-05
-1.896720585316863e-05
1.994604646759641e-06
1.9925676384165805e-06
2.104141859260735e-06
-6.232915417240579e-06
3.2683944559756373e-06
8.264268427168079e-06
-3.641905368028512e-06
-4.613494313228714e-06
1.7003922132376375e-06
1.523426958222803e-06
-5.054164205065186e-07
-3.3753324214373867e-07
1.1174996293169885e-07
5.25257693182559e-08
-1.9596211226273417e-08
-4.833281668177079e-09
3.4753434886225707e-09
5.554174848821436e-10
-3.8449267368884326e-10
7.088188739211189e-10
2.3418549443026486e-10
-2.701799508669469e-11
-6.276288884401555e-11
4.976517154662842e-11
1.2944187570906512e-11
1.6387299627691093e-10
4.1003734881745137e-10
1.5828535877243392e-10
1.8189586773431528e-10
1.4141753135442685e-10
5.44820232224909e-10
8.502920295465409e-11
4.4049281428922906e-10
-2.2495435517297887e-10
4.9170198191733475e-11
1.941462270631905e-10
-1.2673632286805528e-10
-2.7205804281207332e-11
-3.622420279269197e-10
2.408148239657677e-10
2.830659439392115e-10
-1.2990296484029987e-10
1.5912223062116378e-10
3.527985077212538e-10
1.8866105734155454e-10
4.881388664705764e-11
-5.272386409328501e-10
-1.631657828310669e-11
1.3563047992109622e-11
1.2260443299237468e-10
1.4287260833867328e-10
-1.4556212968429888e-10
1.2986456395601984e-10
3.5861403043462295e-10
-2.2388403228022487e-11
1.228125075239712e-10
1.1545756765058716e-10
