[0.0, 30.0]
-17.263495240084325
-0.031268111726965434
0.005790520241584482
0.00010398850344808661
-1.113068757144747e-05
5.491829116082372e-06
-2.684500796969338e-06
2.8315309760342516e-07
-3.230228442279588e-06
-5.280684319606337e-06
7.82308476255468e-07
-3.5326116026111624e-06
4.033067571659625e-06
7.102280837901319e-06
-3.6786345748408044e-06
-4.228142645217926e-06
1.6141730523593097e-06
1.4594897329746323e-06
-4.561032579306229e-07
-3.4604846422495627e-07
9.162038533349201e-08
6.022038149408948e-08
-1.4868699202134355e-08
-8.748973749036264e-09
1.4067844446296483e-09
4.761610959284787e-10
-4.459576289925523e-10
-8.647321318675914e-10
1.9988024001384129e-10
-2.492305837262484e-10
-3.605695834239039e-10
9.091243928793645e-12
-4.1926778654076265e-10
-2.7614629434858856e-10
-4.496871810910257e-10
-7.276058603807589e-10
-2.6850282182544555e-10
-4.041110731860622e-10
-6.626663509970772e-10
-3.1712911501585877e-10
-3.423280820697129e-10
-2.7000864392196197e-10
-1.834972845325732e-11
-3.089619716651726e-10
-2.1748167614916648e-10
-5.222796676521943e-10
-3.7614611038901935e-10
-3.396714653328511e-10
-3.1053711471109545e-10
1.4732985774597253e-10
-1.8291084763422106e-10
1.1867594552740925e-10
-2.9296890617351096e-10
1.7444889111037173e-10
-3.1503391831893644e-10
5.487478741934309e-11
-4.616394176480414e-10
-1.8599725693471786e-11
-8.355016205151429e-11
-1.244402655937421e-10
-2.0127644667775427e-10
-2.6461959120020675e-10
-2.5747093431260026e-10
-1.1047137326842367e-10
-3.778810704416934e-10
