[0.0, 31.0]
333.9565309232586
0.3540464849742135
0.015075138695549904
-0.0009146251330502189
-3.132131528598237e-05
-4.499492632550135e-05
-7.687968163581822e-06
3.480226201648033e-05
-2.7726220633001614e-06
-1.7265923723642988e-05
3.137744387279994e-06
2.910970815487424e-06
7.834649554808073e-06
3.564401839419758e-06
-9.073851588439505e-06
-3.0227964634762846e-06
4.568753804364544e-06
1.2220307720731025e-06
-1.4308276551897788e-06
-3.246556903848908e-07
3.156023771121327e-07
6.307684066351846e-08
-5.116945346441979e-08
-9.815825631107507e-09
6.5004339806076676e-09
7.159501315269409e-10
-8.87660141488745e-11
-2.063806376669457e-10
6.139982928965828e-10
-4.727991118158565e-10
5.166632562075982e-10
-3.981725703593036e-10
4.173273242088525e-10
2.2540837027376553e-10
9.292938588502372e-11
4.991670244808907e-10
1.618298623314045e-10
3.7754180451751625e-10
3.9607073507904944e-10
1.5305367549314356e-10
-7.562937242813655e-11
-2.1249588090357955e-10
-1.593484800048131e-10
-1.1148156747272039e-10
6.860836041068693e-11
-2.4209023962931e-10
1.1072315256305105e-10
-3.499190641602628e-10
1.1260248612620479e-10
-1.3064286667149616e-10
7.114163384943194e-11
-6.117327379578076e-10
6.072880217760282e-10
-3.4911803330082985e-10
2.3239415022304084e-10
-4.226333368191175e-10
5.73532146303848e-10
-1.9458069745305253e-10
3.694664121744791e-10
-2.017772291282162e-10
-1.0051792425577456e-11
-1.1809083211057962e-10
-5.132477150550916e-11
5.171208709478918e-11
1.529162577719222e-10
