[0.0, 30.0]
357.69746401706846
0.06234574410942116
-0.021244617992977458
-6.0718082998420484e-05
5.0226886749871695e-05
4.586157763480393e-05
-2.90529146524615e-05
-2.836249826009745e-05
4.477210923884763e-06
3.248588199820073e-06
1.4575375174494959e-06
-6.364643649486919e-06
5.295469537062059e-07
8.805477539432507e-06
-9.81680960645513e-07
-5.093051122624008e-06
4.778488365026448e-07
1.7553741161006138e-06
-1.3820700236633076e-07
-4.16387788123846e-07
2.692438720682343e-08
7.229085273497367e-08
-3.4200765980251834e-09
-9.954543827631253e-09
9.059963576902006e-12
8.34804272263429e-10
-1.488697214936141e-10
-4.4939491389820097e-10
-2.0353418744632297e-10
-4.752823349773124e-10
-6.308261602003333e-10
-3.3235344001816227e-10
1.4448080567618307e-11
-2.0772205573485933e-10
-2.1922010399022795e-10
-4.5939429354356294e-10
-1.1119678925620031e-10
-5.188685832064223e-10
-1.9318033963923998e-10
-2.399631329915794e-10
9.413919186796554e-11
-3.38440965193573e-10
4.586782051460076e-12
-2.423614442213098e-10
1.2651044575197258e-10
-3.6913409393445927e-10
-2.2923169595532606e-10
-4.715087203801301e-10
-2.2316832837480418e-10
1.2458609922501596e-10
1.0733621718492616e-11
3.123697644531268e-10
-1.0963333830250267e-10
1.2799263235221054e-10
1.7946558486340488e-10
-2.8649432521347634e-10
1.0183413901712387e-10
-1.0851973239777506e-10
-2.729179122299471e-10
-2.606937690229034e-10
-2.2722596384467993e-10
-3.123447092665965e-10
-2.3503276004928627e-10
2.3883994127836845e-11
-3.1976373409566854e-10
