[0.0, 31.0]
57.10070346374359
0.21136580633139374
-0.01649439150098729
-0.0004975091076597577
1.7210322596823908e-05
5.575596535958905e-05
4.289386455447566e-06
-3.420992168196779e-05
-3.823019570289103e-06
1.344970466800097e-06
2.4106823558532617e-06
-1.0177481102846244e-07
-1.198737866372311e-06
3.7085349155359976e-06
5.216114138232594e-07
-2.815131969726172e-06
-1.9560736114358646e-07
1.0985243931594074e-06
6.326043095439605e-08
-2.853772510550089e-07
-1.7356586054818498e-08
5.55703162408351e-08
4.8611047245537596e-09
-8.987171971502286e-09
-7.646420112475275e-10
1.3391235932344932e-09
3.3881140932090283e-10
-5.158280227198571e-10
-4.925358014647438e-10
-7.007425903421267e-10
3.240256590015908e-10
-1.590394846938637e-10
1.4349766640822393e-10
-2.5479727661402087e-10
-9.246090230840851e-11
-1.2122386978021893e-10
-1.9629957016776154e-10
-2.0984009232957577e-10
3.813820219031339e-11
-1.357338353309445e-10
-9.621262221861764e-11
6.6912818537422014e-12
6.79418167976878e-11
8.336671562446865e-11
1.3895651914698438e-10
2.904280196591209e-10
3.1186875250747515e-11
5.331021834866875e-11
2.0533014822826234e-10
3.4916920938734e-10
-2.0144791558931025e-10
4.00963306959974e-10
-2.182492040417697e-11
3.267680618542911e-10
6.083742771369058e-11
8.684512005633833e-11
-1.7895774000519858e-10
2.2514389379521861e-10
-3.095776792516407e-11
6.56406826102823e-11
-2.188549637286564e-10
2.473970514772182e-10
-2.5696178124013355e-10
2.9215351633356097e-12
2.911080589442472e-12
