[0.0, 31.0]
7.57925120386374
-0.05787008360567699
-0.0036811714063312395
0.00010845790665996231
-1.4397261963884634e-06
3.1767270786439362e-06
-1.0853811631915608e-05
-1.0913577591070233e-06
-6.916749884483749e-06
-2.192577503154302e-06
6.384982419756745e-06
-6.271974826991669e-07
1.06479456746886e-05
2.736224615455761e-06
-1.2917145664707183e-05
-1.940743320470708e-06
6.56325805522506e-06
7.54506843452734e-07
-2.0712504410296623e-06
-1.9654808489223392e-07
4.625345166394048e-07
3.816706011455496e-08
-7.816490795917648e-08
-5.599020664220874e-09
1.0273276703696267e-08
4.996968083514886e-10
-1.23009875413896e-09
5.7636382842469714e-11
2.6271142897032017e-10
-1.33672766122884e-10
-6.914974808739715e-11
1.1511064904749719e-10
2.957652488668484e-10
-4.624716577928861e-10
1.8339844966991774e-10
-1.0631106038217386e-11
-7.99241619499001e-11
-8.408376865031851e-11
-1.8318797025821326e-10
1.98739256832534e-10
-1.1809141778374806e-10
5.7324550819453045e-11
-1.5769517773821262e-10
3.0463560105357456e-10
-2.458106837013e-10
7.571006905255594e-11
-2.2375907435796027e-10
1.7595653572863458e-10
-1.34356223278374e-10
3.326367675807917e-10
-1.0870247373339945e-10
1.5762020127688586e-10
9.029071216687918e-11
-2.2243109821588723e-11
-1.9148621495370317e-11
-9.802014971591788e-11
3.8644156199634054e-11
-1.3643297770922085e-10
2.7907626896557074e-10
-3.586524558672821e-10
3.900406495996911e-10
7.022657318683043e-11
1.0004341056503342e-10
4.057216085153545e-12
2.0370335828050738e-10
