[0.0, 31.0]
13.855614621883127
0.125642897480001
-0.0007550164081883155
-0.0003590909191399775
-6.552619155096976e-06
2.799328308620158e-06
-8.211836198264904e-06
-1.190429018089288e-06
-5.384310634349746e-06
-3.117317308727008e-06
4.882756951298219e-06
-7.632501989204242e-07
8.149311109496078e-06
3.7859884801940086e-06
-9.868241208504872e-06
-2.7327361649779982e-06
5.009069066281538e-06
1.0744932988975238e-06
-1.5794573430059324e-06
-2.8306725504030733e-07
3.523414180520492e-07
5.5104513271411296e-08
-5.952171463339896e-08
-8.347303853567976e-09
8.608676800982753e-09
1.3540967408011036e-09
-8.584837218070778e-10
-1.4479929032698355e-11
4.6386782812320543e-10
-6.32587132150687e-11
1.2285000948688248e-11
1.5988412018852668e-10
-5.499139258463485e-11
1.4115387658777695e-10
-8.476055281738148e-11
-1.8413618179557765e-11
1.1778747684045671e-11
2.845180393153712e-10
-7.227607441387417e-11
2.5423152755742675e-10
1.9423111934555898e-10
-3.0498318675959314e-11
-2.507957080071723e-10
-4.1985302356356695e-11
-1.4060667477944174e-10
2.2487264531669855e-10
-4.562061825275069e-11
1.3117776742740788e-10
1.3710453526612757e-12
1.344986874756468e-10
-1.3712888891684412e-10
5.5890032569095324e-11
3.483085586202687e-10
7.097855760897574e-11
-2.7095107960366343e-12
-4.450133989485668e-11
5.378489984060001e-10
-2.0413800181522468e-10
-2.3221500626388832e-10
-1.1561550069316475e-10
1.7027026787554977e-10
-3.1078155151771136e-10
1.7765192236710517e-10
4.676139557753135e-10
3.7239068514563445e-10
