[0.0, 31.0]
106.64980366856662
0.2681400675592428
0.017890121587882016
-0.0006995237181702355
2.222855698486667e-05
-3.710080271796873e-06
-4.232501121041116e-05
1.3029782554790627e-05
2.535201993377951e-05
-7.89889354453761e-06
-8.391594147366284e-06
4.428504127527364e-06
-7.448647964547398e-06
-2.6495898760391347e-06
9.298721881300514e-06
1.2026538786081556e-06
-4.678600500397025e-06
-3.6596363350629216e-07
1.4531959350780934e-06
7.428088397406509e-08
-3.131079929508969e-07
-8.721425288257598e-09
4.828400945427526e-08
3.501382907148584e-10
-5.681644077625792e-09
4.210954798801789e-10
-9.730700936690817e-11
1.6615933638608304e-10
9.498364985294714e-11
3.431352431763107e-10
-8.20251435582589e-11
8.011547819784369e-11
1.4549025965228964e-10
7.140365232527307e-11
1.5550715276135503e-10
-3.967098431128324e-11
2.761570426910951e-10
1.534416973466656e-10
2.6280212440822586e-10
2.1659023849414735e-10
2.435493296776154e-10
3.196692506286161e-10
2.6447970630488567e-10
2.2728748515558005e-10
-5.115394470708168e-11
5.682962388262976e-10
-3.9287906664962346e-11
3.215404739751438e-10
4.4890280455809986e-10
-3.6412304748480793e-11
7.820986599035807e-12
8.985595093476926e-11
-1.0867776427729531e-10
1.07180856840382e-11
1.5856865758134837e-10
3.4679346241913665e-10
-3.483899880930427e-11
5.65372623948543e-10
-3.711686602931647e-11
6.803273584772854e-10
-4.5855328876024466e-10
6.825744141155661e-10
-4.113972132056758e-10
-2.827945854500342e-10
7.891911512428506e-11
