[0.0, 31.0]
1.7291281505141687
-0.22399575164298227
-0.014910089058197799
0.0008156908711871357
5.704776367552899e-06
4.479368226376162e-05
5.918795182119814e-06
-3.2952110302294966e-05
-2.7147804707465133e-06
4.519691771839728e-06
1.1055157703498598e-06
1.4281697190396048e-06
6.161134512435678e-06
-4.810649806159994e-07
-6.903997999338813e-06
-1.1574690633780172e-07
3.5537250200270954e-06
1.1693994720877248e-07
-1.1601096671659367e-06
-3.726783510169059e-08
2.7433708635039077e-07
5.149676526946695e-09
-5.148288945693813e-08
4.992357956526325e-10
7.85588911343329e-09
-5.474887621290209e-10
-1.4402023792367781e-09
3.0574065062406814e-10
-1.004964042949846e-11
-2.4783679234875594e-10
-7.65576293676714e-11
1.2004169539603478e-10
1.5342118649196427e-10
1.2057797135803348e-10
9.515382671836655e-11
1.1211865366755877e-10
1.6026947021112474e-10
1.9292149775364691e-10
-2.0086083374954284e-10
2.971408006886566e-10
4.413047428078035e-11
4.8589984283088484e-11
9.886116817186638e-11
2.539874062375593e-10
-9.313380578103337e-11
3.2582165680665965e-10
2.519857565953236e-10
1.6676499910527264e-10
5.121677468264221e-11
-1.3295997988548727e-10
1.0204206880481146e-10
-1.916798416337597e-11
-1.5869642220743244e-10
1.3174879582925688e-10
1.341960847175334e-10
-1.627573573882441e-11
2.1805298476747498e-10
3.5209976774221927e-10
-1.8515799525412622e-10
4.050425822662013e-10
1.4778359634705493e-11
3.25995601922889e-10
-2.119042101707969e-11
8.572236854226304e-11
-1.9924669652940756e-11
