[0.0, 28.0]
113.02173407139367
-0.24775913751547354
0.011869541349757429
0.0007622686032534672
4.748045629113814e-06
-4.336325409528596e-05
-3.078082936296898e-05
1.4934903106240473e-05
6.791055700353937e-06
-6.181050664736748e-06
-3.0207250411050522e-06
1.2577955565656074e-05
3.4065523092002617e-06
-9.852877606055354e-06
-1.8756206735253553e-06
4.123335874770854e-06
5.923533125135715e-07
-1.129443406955339e-06
-1.2042845784785842e-07
2.2514797649939053e-07
1.5306433669544255e-08
-3.533065520687408e-08
-1.0883537324421502e-09
5.016433464215172e-09
-5.113684209420538e-10
-6.809313471507201e-10
-1.485173011944882e-10
6.219490533763003e-10
-2.8406066854895303e-10
-2.87039342756508e-10
3.749179929922389e-10
-1.5145984420882578e-10
8.327090660447806e-11
-4.102454363211153e-11
7.608707258527731e-11
-4.9935236136326e-11
-4.587016579591441e-11
5.295497733996628e-11
-5.413123274188851e-10
-3.4537933341036874e-10
-5.907999081903535e-10
-9.133174317696979e-11
-5.539061642890686e-10
-2.9352327017250503e-10
-3.406628795476553e-10
-6.134424542217035e-10
-1.8107886924604683e-10
-4.040227825319674e-10
6.034565687971073e-11
-5.147709564460885e-10
-3.6369842671032223e-10
-4.82248510255083e-11
-2.9239904988708514e-10
8.035863206136211e-11
-3.94694536176786e-10
-9.778567534124792e-11
-2.8953832469148696e-10
-1.0227678537420809e-10
-2.49524727044774e-10
6.151602721672128e-11
-2.2796655376171662e-10
1.3474991105866322e-10
-6.891746086878237e-11
-8.74765373363014e-11
-5.293369268705862e-11
