[0.0, 31.0]
245.55086594538787
-0.06889444018625847
-0.033536821724147486
0.0005382079620926977
4.873249046600938e-05
2.3342125791938492e-05
5.72225042665179e-06
-2.5758924685698325e-05
-1.7337500861353961e-06
2.0894609832357937e-06
-8.719832796547723e-07
-1.0647998754439488e-06
5.462830955055064e-06
4.52918337877913e-06
-5.141252256433341e-06
-3.4658790346378943e-06
2.4445117507301154e-06
1.429250381204731e-06
-7.460568858903494e-07
-4.006468473618348e-07
1.676527598654725e-07
8.58000689554666e-08
-3.143938953042762e-08
-1.3970910153120757e-08
5.775475290304586e-09
1.2143713703480411e-09
-1.0159783809885278e-09
1.9496714665670396e-10
7.340769362141887e-10
-3.4101661616005556e-10
-1.41530066926714e-10
3.304279460493932e-11
-1.778522131708194e-10
-4.6772398086665385e-11
2.5848673198102793e-11
6.130883197868423e-11
2.8398631671317893e-10
2.415203121828524e-10
1.4133411629524738e-10
3.833702701010348e-10
-5.494008591467416e-11
-1.0399147915547696e-10
4.784686593067041e-10
-1.2574158558343998e-10
1.349321757756718e-10
-3.6983009803955924e-10
-1.943654324247638e-10
-4.1551639063829555e-10
-1.8950300618791443e-10
-2.4661906087357135e-10
1.8423813991644792e-10
-1.9371157639535976e-10
1.9385921442419067e-10
1.2448906714250825e-12
-5.594556383033835e-10
-2.1554743000691225e-10
-8.116803249126145e-11
-4.2220403307573794e-10
1.1215715471755521e-10
-3.327527694089309e-10
8.072733615499658e-12
-5.858843533531102e-10
1.5844230645930752e-10
-1.3302085501255154e-10
6.306806122874564e-11
