[0.0, 31.0]
-17.264094465078756
-0.08083861441467023
0.0026493682525820703
0.00025703996571976704
-1.3089981886415399e-06
-2.478410660331855e-06
5.94302916122828e-06
1.3997017743952647e-06
3.550319017043612e-06
3.399787508875927e-06
-3.274065983796194e-06
8.795927405777623e-07
-5.4831547760113466e-06
-4.182013171172986e-06
6.638037737112601e-06
3.0038849947202827e-06
-3.369829400108191e-06
-1.1764660812532452e-06
1.0622220696301526e-06
3.0910823457061946e-07
-2.3677099345487183e-07
-5.9546101747832814e-08
4.042903086331886e-08
9.019110401031036e-09
-5.468144406719929e-09
-9.961607797170055e-10
5.76822645252228e-10
-1.0760931897926116e-11
6.258515319087199e-11
-2.0755365015282379e-10
-5.220113736065889e-10
-4.621659764311017e-10
-2.2994538343926924e-10
-1.7689286568754936e-10
4.64940876174038e-11
1.1796273404419056e-10
-7.06290764787047e-11
1.526342256696038e-10
-2.6143128999512677e-10
-2.706288839598478e-10
-1.3380363115868173e-10
-2.712966892203288e-10
3.0764339516325236e-11
1.3500601976663644e-10
-1.3108953156791846e-10
-1.1410472379400392e-10
-3.073395119252743e-10
8.97642140538035e-11
3.0007140829635e-10
-1.6262691104451952e-10
2.0418738154340326e-11
2.4376439900235116e-10
1.4910411308507754e-10
7.896559875376888e-11
1.0759356150996222e-10
4.013791425376755e-11
2.41092200974255e-10
-2.6659816843626133e-10
-5.125637878594356e-11
-1.2892021040293807e-10
1.164891232573293e-10
-1.9464996658248897e-10
-2.4224526776369008e-11
1.0898532120010054e-10
2.7380811430069467e-10
