[0.0, 31.0]
-15.540213640574208
0.04274261507810182
0.005439118469589719
-0.00016549423614853592
-8.150641084071657e-06
1.8728999449653957e-06
6.6639000663873455e-06
-6.018481574103132e-07
4.220410560811011e-06
-1.5015510546493489e-06
-3.84471547484178e-06
-3.7281774199996134e-07
-6.3783813450371544e-06
1.8282857629368739e-06
7.7374295699475e-06
-1.3183168822658192e-06
-3.931455399838674e-06
5.179203516777272e-07
1.2398782643936697e-06
-1.3649813758827706e-07
-2.76968073004963e-07
2.6265435536682663e-08
4.6487321729636104e-08
-4.561311141997649e-09
-6.602674734341373e-09
7.362175158363409e-11
6.421636178064079e-10
-1.7314737590066442e-10
1.9876554389143987e-10
-7.435243969855852e-10
1.728038658083811e-10
-3.4169132623083105e-10
4.3375335514938477e-10
-5.747178388117408e-10
-3.566025998600888e-11
-1.365041035851395e-10
9.788281408441339e-12
2.685600857829453e-10
-2.7446020133222164e-10
2.8132513852165874e-10
6.192106598780061e-11
-1.1894738190994794e-10
-6.187341142116609e-11
1.5584684478156734e-10
-4.31061933031421e-10
3.9371230489431476e-10
-2.618787104036214e-10
7.093164084793116e-11
-1.4598883535655147e-11
2.1010963022459876e-10
-1.515793922803567e-11
-3.8802293110078615e-10
-1.7022656008658293e-10
-1.1132864347229399e-10
-6.038806222126205e-11
-8.472349789951198e-11
1.4904500122214118e-11
-5.993752278296092e-10
4.985428827873237e-10
-3.5226388710130373e-10
1.0980745592418976e-10
-3.5920341537012457e-10
3.6934411729617084e-10
2.60924817612317e-10
9.018906829963991e-11
