[0.0, 31.0]
261.92866054317574
-0.13347112487977209
0.029290777198681835
0.0005636258848323924
-3.5653668928816404e-05
5.1385393632719414e-05
-1.35182062989816e-05
-3.515094208104541e-05
9.838626733165692e-06
2.191818693226037e-05
-3.043370845135511e-06
-4.2052919782726045e-06
-5.895724471480936e-06
-5.4088422790057365e-06
6.654081706457019e-06
4.675775466398241e-06
-3.386200551929131e-06
-1.9148951846186114e-06
1.1128212626615188e-06
5.214716681245076e-07
-2.748438821668215e-07
-1.1082339391108146e-07
5.645374385511282e-08
2.25851041722598e-08
-1.0814921138296455e-08
-5.559027979173969e-09
2.3428035332794903e-09
1.919844456096795e-09
7.911892479245308e-11
-5.037231938732049e-10
6.396942493758824e-10
4.610765632579127e-10
6.670584575150494e-11
2.580550636235755e-10
2.1573352401207658e-10
3.0473107314653715e-10
7.864450084171247e-11
1.7301890918773962e-10
4.974659277114059e-10
-1.4649461796358714e-10
2.572620549959798e-11
1.436644966242351e-10
9.30409018630095e-11
2.1883059217960186e-11
2.6912163347965996e-10
-1.4224124823019978e-10
2.2698907979652207e-10
-2.3617260069411147e-10
-2.404017723813685e-10
-3.78334995865912e-10
-2.063853311029101e-10
-7.702374010121987e-11
1.0230951194510288e-10
4.975546239912986e-11
1.251265507045129e-10
-4.3492557451078006e-10
-6.716083747270336e-11
-1.5559425310355238e-10
-4.3295869511744765e-10
-1.5649159101249765e-11
-3.15027480879301e-10
1.5891218735375958e-10
-3.920229069742366e-10
-1.0182302684614547e-10
-2.8344252570573104e-10
