[0.0, 31.0]
349.25274855144744
0.19724521018056432
-0.020682957743762432
-0.0003890971219287158
6.0973035057882616e-05
1.988153984695285e-05
-2.8049680321988633e-05
-1.555454553463997e-05
1.6387845636805613e-05
-6.232779648536948e-06
-5.971448366462114e-06
4.6244417299766706e-07
-3.2575452414082134e-06
6.676795658098827e-06
4.69968153127723e-06
-5.253795208908388e-06
-2.443002675864011e-06
2.147397916422233e-06
7.782165898727845e-07
-5.92243452631093e-07
-1.7403811212851864e-07
1.2468337952041623e-07
2.871535339775138e-08
-2.1026707533727368e-08
-3.456610159909559e-09
3.6991360753202724e-09
4.520066016131545e-10
-2.015468404517107e-10
9.465034077080976e-11
6.463754971603094e-10
1.8815702639442073e-10
6.684863562881568e-10
-1.4870887294930627e-12
5.898672599601897e-10
7.790516348242609e-11
4.469746660257223e-10
-5.934080542938302e-11
2.715689396358764e-10
3.9970945417073e-10
1.638569002626679e-10
3.665621543301582e-10
-1.24838120271768e-10
2.1272929512291124e-10
4.2823326475658183e-10
1.963563800329935e-11
3.55229572710256e-10
-1.6807078087132655e-10
5.648707481953308e-10
1.5764993201275433e-10
4.277273735324151e-10
-2.8906220646749017e-11
2.852912141271079e-10
-2.6074748049065308e-11
-2.7526418247343603e-10
-7.771213534857804e-11
1.8702595162454072e-10
6.974303568891011e-11
2.433293684085617e-10
1.1471481033894048e-10
-2.3299393944244416e-11
2.115289801477515e-11
1.2893533948877893e-10
-4.1257782826861615e-10
-1.4224633083276603e-10
-1.7668460916951767e-11
