[0.0, 30.0]
90.76894229126522
-0.22488614984888233
-0.014008166397290741
0.0007522846213105893
1.0115059078839997e-05
5.238269263532767e-05
1.1566776028879217e-05
-3.0179823235137554e-05
-1.05262262238534e-05
1.0459555215890119e-05
4.163546300162685e-06
4.1407521379694366e-06
4.50132689945244e-07
-7.94361530689676e-06
-1.0328378987735178e-06
4.5993532103871405e-06
4.654998852531982e-07
-1.5679590702727717e-06
-1.267259507566979e-07
3.726353167611846e-07
2.555201293471892e-08
-6.776573891709854e-08
-4.761843851172372e-09
1.0550513042554848e-08
-1.2182355719914935e-10
-1.4243537601123503e-09
-1.9032230549309617e-10
3.393509406762919e-10
-9.916501992349582e-11
7.216440535993983e-11
1.0575996448957841e-10
1.6080508565988412e-10
6.643042340600421e-11
4.2611989658958877e-10
-1.8247407056709717e-10
3.330215210547967e-10
4.221136104267029e-11
5.083508474289742e-10
3.8613670846187233e-10
5.770699173168059e-10
-1.5312716277391142e-10
4.836234704082145e-10
-5.723796968595683e-11
2.400738667050482e-10
-3.777192618885628e-10
1.1664722517619293e-10
-3.7756590561349466e-10
4.395345345226036e-10
-6.098128068057518e-10
2.8827353566584044e-10
-2.2782441034690564e-10
5.213125230652922e-10
-6.781000668339579e-10
4.76988859341477e-10
-6.549067822301534e-10
5.18558391636152e-10
-7.510836125123955e-11
3.67630927598297e-10
-2.5434540926333107e-10
4.986996226915459e-11
4.619926003404556e-10
1.8507741578433812e-10
3.1394007614687287e-10
5.294673786463456e-11
1.1332562784152886e-11
