[0.0, 28.0]
13.866661762514815
0.043906840256695556
-0.0061358184647619125
-0.00010061067968679995
8.184144711806614e-06
-7.714788944360453e-06
3.252167536377297e-07
-7.466638809700762e-06
1.4120393997328778e-06
3.110383585318791e-06
7.857249890248096e-07
1.045628814455386e-05
-1.8010237030131522e-06
-9.849201296235013e-06
1.0686812000467622e-06
4.256307244611325e-06
-3.583885572235857e-07
-1.158850800496909e-06
8.117347613836511e-08
2.2364431768753595e-07
-1.2986646792592785e-08
-3.272338081907168e-08
1.8488193638302798e-09
3.304806688475938e-09
-1.625338502133458e-10
-3.0684792198753926e-10
1.569133431761918e-10
-3.308683958882697e-10
7.949104649979449e-11
-2.4203674012105905e-10
-5.096171142439234e-11
-3.8634068661068085e-10
7.315139833066446e-11
-1.8373291308785844e-10
-9.704895373724839e-11
-2.351516421764263e-12
-6.474275930186103e-11
1.560601513947271e-10
1.3810628352134351e-10
6.937454666270245e-11
-5.605848304675243e-10
-2.0847267981019255e-10
-6.313166166435802e-11
-2.7659040166724534e-10
3.0830241099988263e-10
-1.6168386695016826e-10
2.6173283383307005e-10
1.6138929941269115e-10
1.568461443113568e-10
8.373836359532153e-11
-3.806473528365495e-10
1.2751159540907608e-10
-1.5577013133695766e-10
-3.0868464031049765e-10
3.6700148726675495e-10
1.011485594536272e-10
1.0020478262505886e-10
-2.1017125088271545e-11
-1.2571118021187022e-10
6.28526759811247e-11
-8.990077446942523e-11
4.5985217812074544e-10
-5.617223529645959e-10
1.2427789517974427e-10
-1.9245105050064516e-10
