[0.0, 29.0]
21.283814840629024
0.20938505967655238
0.015569892372377872
-0.0004906477610657484
-8.608071199000219e-06
3.37955193414442e-05
-2.3345576965532416e-05
-1.862010787109247e-05
1.5745731823570255e-05
4.370291896619702e-06
-3.281497718824366e-06
2.7296794830557916e-06
-3.21447812167203e-06
-3.3981748467244037e-06
2.7941265852607636e-06
1.6629072228195602e-06
-1.097679297056794e-06
-5.028039679414748e-07
2.7568844775520174e-07
1.0793748103774031e-07
-4.955259273293445e-08
-1.7780039899131747e-08
6.117077798431827e-09
2.4982204311604568e-09
-6.614414586462054e-10
-1.9433080597319209e-10
-2.7394750657506347e-10
4.1369330312645413e-11
-1.0370546218562247e-10
-1.8818321501648273e-10
-4.65401319436201e-10
1.0548580081398506e-10
-5.523027343301043e-11
3.586694699055927e-10
-2.2494360560782553e-10
5.871706845520583e-11
-5.1635922121765517e-11
1.4700312906112376e-10
-4.338694393709029e-10
-3.3351054927803985e-10
1.7047281121557553e-10
-1.2467711134652857e-10
1.7272893143608457e-10
-4.762676601097562e-10
3.891273786694075e-10
-5.422924596433877e-10
1.9017801276424576e-10
-1.2513011277608155e-10
1.9262103618089016e-10
-1.8932847683613387e-10
-2.072345107409237e-11
-1.7384614326657607e-10
2.560585115287875e-10
5.247220641650612e-11
4.063680050396884e-10
1.0039895779277279e-10
2.2934628777006381e-10
8.961143321059342e-11
2.0226612882408483e-11
1.9777597567929934e-11
-1.2887661055329193e-10
3.184312096090948e-10
-2.147948070964933e-10
2.1557123765258636e-10
1.7121568609867583e-10
