[0.0, 31.0]
177.27972410151003
-0.1443073701093656
-0.031256022932621516
0.0006887704204806516
3.509042735433789e-05
-2.142136024791967e-05
5.606804168240101e-05
3.8287103549363665e-06
-1.895407230030517e-05
1.5932829995436406e-05
9.620316634542746e-07
-1.1654791479033403e-06
-2.26184201795905e-06
-1.0619737463888795e-05
3.219671202822941e-06
8.221849628558846e-06
-1.82195840298944e-06
-3.286626783145027e-06
6.38861271257761e-07
8.624805882695639e-07
-1.6188220734214488e-07
-1.5906108648106576e-07
3.0613793578912115e-08
1.9975395687957945e-08
-3.4408595589581434e-09
-1.6883340297719573e-09
-4.473877736371112e-10
-2.4485923285647505e-10
-2.798332369504097e-10
-3.1064767285146096e-10
-4.771037536280959e-10
-9.846611188582794e-10
-5.072365742448929e-10
-1.5011550194859617e-10
-2.2352736688147656e-10
-3.9547640916476104e-10
-3.1545652610645575e-10
-2.806573036950077e-10
-1.9418967286349696e-10
-1.2457609410722342e-10
-8.140128029029136e-11
-1.592975226114056e-10
-2.710314468943826e-10
-5.839082054130398e-11
-2.5152289054306726e-10
-7.720510092994639e-11
-3.533652174201226e-11
2.001273889493803e-10
-1.864686326260758e-10
-2.7431944115407777e-10
1.979125450866217e-11
1.1666454425365168e-10
-3.159896692652906e-11
-2.3665257126893226e-10
-1.0837048117480486e-10
-7.99717057006304e-13
-7.035576077753503e-11
-2.865641380400168e-10
-1.7726890325731608e-10
-3.2654999434120043e-10
-2.558811214412006e-10
1.166162125643511e-10
2.2656654028106942e-10
-3.474912594608724e-11
-1.5871544724899202e-10
