[0.0, 29.0]
-8.617545920812438
0.05302139267800075
0.001063904802368714
-0.00013013555762892722
-1.579901388863807e-06
-3.277822475214127e-06
3.6933244326405403e-06
-1.8543860168879604e-06
6.703494865277689e-06
2.6078282620868934e-06
1.0914248390559281e-06
3.5665437069923444e-06
-8.124619950515923e-06
-4.55205422530172e-06
5.894755877168874e-06
2.285833115443333e-06
-2.2570539740774214e-06
-6.978400961206378e-07
5.708170753797938e-07
1.4876826232194976e-07
-1.0527976482600504e-07
-2.364015701622277e-08
1.4624289319049249e-08
2.967745040556599e-09
-2.0365586444335e-09
-1.306320251512795e-10
-3.145231086771086e-10
-2.310206418541188e-10
-7.679299871581672e-11
-6.417616949686334e-11
-3.36137946884165e-10
-4.5608055797009816e-10
-3.6180267116667553e-10
-4.2638326289505064e-10
-5.281997991375471e-10
-2.8382382011230974e-10
-8.181577235725367e-10
-4.473574137426314e-10
-6.194058800385937e-10
-4.033357284016445e-10
-8.739165374741384e-10
-6.317829992554234e-10
-4.139720293820207e-10
-7.978473133808402e-10
-7.069648056114057e-10
-8.397092481789316e-10
-6.081366029103719e-10
-9.251060359789419e-10
-8.122719362488636e-10
-1.0058997766028466e-09
-9.879666249215324e-10
-6.239551023845902e-10
-8.619641232085436e-10
-6.742826482698811e-10
-1.045532770956853e-09
-4.834321910676335e-10
-9.306072508192046e-10
-7.278666331089941e-10
-6.649629079438107e-10
-6.420654519749907e-10
-4.040482081944883e-10
-9.697641667851825e-10
-3.726951773512788e-10
-5.567118819683786e-10
-3.8157459999363006e-10
