[0.0, 30.0]
222.75622814968168
-0.2791917003146288
0.0229021367208458
0.0009804732084911206
-6.978479612774649e-05
2.2361305325130377e-05
5.316497681637751e-05
-5.921885257831603e-06
-9.012905417225096e-06
-4.221969119609733e-06
-5.782540978046413e-07
-1.1994518360205327e-07
-4.853892959622832e-06
2.8787952429027556e-06
4.6156634119392e-06
-1.8942206652017566e-06
-2.0225277807014865e-06
6.673633419928566e-07
5.654922250042529e-07
-1.5706685420779488e-07
-1.1473084895432565e-07
2.8512124150977178e-08
1.7901412427210455e-08
-3.6189631046366334e-09
-2.2034746770175132e-09
8.461356353909241e-10
-5.460506066666819e-11
-9.767780840899912e-11
-7.812568541495343e-10
4.686764710962647e-10
-2.814674623597469e-10
-1.7882794830996918e-11
-3.4209323132649286e-10
2.669531660847173e-10
-3.1147405545999367e-10
2.9498911356384744e-10
-2.95755480189423e-10
2.944312238788889e-10
2.506988941785284e-10
4.800499877451495e-10
-3.1183531628839716e-11
2.0978424119232405e-11
1.375777159214978e-11
4.706706076169477e-10
4.03800595965238e-11
2.1199976486402723e-10
-1.8519942245825305e-10
5.176027949579638e-10
-1.3509211098925503e-10
4.3285345443046334e-10
7.773025346447485e-11
2.9224020452555934e-10
3.33366539159945e-11
2.2788037127047795e-11
3.879159764390418e-11
-9.811391096588069e-11
3.7108182590842307e-10
-9.193491391132202e-11
-1.2961154128824906e-10
3.683214291695358e-10
-2.4701430442597373e-10
2.27400237987325e-10
-1.474106784837619e-11
-2.2002179785439145e-12
1.9832940926187865e-10
