[0.0, 30.0]
99.80308766394893
-0.19401248790392348
-0.017108190929695795
0.0006486460403350865
2.2665110535910825e-06
3.64251255581349e-05
2.9044301886702453e-05
-1.4117150676606504e-05
-1.111778998455956e-05
-4.871649872405119e-06
3.564957590537567e-06
-3.898224234406993e-06
-2.5921718433700056e-06
8.525571539295084e-06
1.6944567129815853e-06
-5.145218232833108e-06
-7.005587750236661e-07
1.7811681458928565e-06
1.9618017117000657e-07
-4.2033587711048337e-07
-3.9774207511119254e-08
7.340518954762562e-08
6.086670372708575e-09
-9.847893839610578e-09
-5.993824415679051e-10
8.055939504590456e-10
9.9368684138348e-11
-8.079536300772072e-11
-2.5154537719660464e-10
-2.546014276959302e-10
1.929421326917726e-13
3.4003252382957956e-11
-1.6502356285828004e-10
4.125412049895182e-11
1.4270487248842733e-10
8.539795680946324e-11
1.0568919035184444e-11
-1.3975237948417453e-10
2.4851116307631773e-10
1.6397371577364518e-10
-2.8439130325465936e-10
2.5068509449947653e-10
-3.990739468530446e-11
2.474012270751707e-10
2.4454177580824667e-10
2.8958130687981413e-10
-2.9449208198126185e-11
1.9584526796675156e-10
2.17654965423674e-10
2.724548959846276e-10
1.1702198097854045e-10
2.8203928833400007e-10
1.721950520774154e-10
-7.952553583692326e-12
2.037353644048049e-10
3.264020759942244e-11
-2.2550984658942925e-11
1.0025176400029913e-10
4.5043165718248744e-11
-5.9516876943527e-11
-5.842617539947454e-10
-7.507569043085297e-11
-4.933998778079458e-10
-3.7208066877436334e-11
2.736133131879095e-10
