[0.0, 31.0]
-16.65588243892818
-0.06295897439103544
-0.004369821040419289
0.00016895031481740686
8.59195693304754e-06
4.365287236149141e-07
3.4076654665196923e-06
-1.7428266598927449e-06
2.1029328859956266e-06
-5.563098778973127e-06
-1.994725415208289e-06
-1.4542322489621037e-06
-3.333843244049629e-06
6.758868261690396e-06
4.051551973197602e-06
-4.834009322552279e-06
-2.060704133644744e-06
1.8874673556800791e-06
6.502501113402003e-07
-4.954160714963569e-07
-1.4582418041814556e-07
9.476841141610713e-08
2.433667933420697e-08
-1.468125543267001e-08
-2.9441563988380577e-09
1.5618718038694333e-09
6.045660459910314e-10
-1.1427488042267386e-10
-2.338857757610372e-10
2.515547162266455e-10
2.552632350828785e-10
1.1653959089173244e-11
-1.8854374825562597e-10
4.988946974738137e-11
-2.556180340742039e-10
-2.1405759838968107e-10
-3.283528874327013e-10
-3.8527441395338205e-10
-5.005090957433167e-10
-2.7901816374875183e-10
-3.1532435395310865e-10
-2.9254392972561167e-10
-2.189792492125591e-10
-3.682848738618231e-11
-7.788373945474296e-11
9.364952458716365e-11
1.2573490580031487e-10
-4.2649830328745016e-11
1.7957461936421607e-10
2.824856765210084e-10
-7.920543928915591e-11
-4.303377038605654e-11
3.675731748516435e-10
-1.5750290140963104e-10
-3.847805009672807e-11
-6.13437141965427e-10
-1.3778948533904678e-10
-8.319658940815978e-10
2.2065211696491355e-11
-7.266005098292291e-10
-7.184630305655365e-11
-3.130807629194154e-10
2.5095078916056016e-10
-1.3369610526018328e-10
-1.3995738810086167e-10
