[0.0, 30.0]
276.98415585188764
-0.016200440104797174
0.028622512929949072
0.00020506526655293312
-6.54567968978655e-05
-4.029061855299208e-05
1.4638306331743996e-05
2.7584496533250865e-05
9.857977096072957e-06
-8.988138600348378e-06
-4.400063805473709e-06
2.553555772042118e-06
-9.298642032722959e-06
-7.827041979909038e-07
9.102934741839672e-06
2.2820127743110924e-07
-4.0352368454830515e-06
-5.5248700299074884e-08
1.1309493005393198e-06
1.022977752213793e-08
-2.2347636688089308e-07
-9.396509947796794e-10
3.230651158073526e-08
-5.01157241141859e-10
-2.9805062595178567e-09
1.551992508305738e-10
1.781584621969459e-10
-7.797489395478981e-10
-2.521145722333216e-10
-2.852929639510397e-10
1.8909032072743343e-10
-4.384612504508457e-10
-3.857363893945331e-10
2.4068798163367345e-11
-2.916036215768637e-10
-2.9769142846272096e-10
-1.311238049306265e-10
1.7781084245065044e-10
2.6713631728973933e-10
3.650472751354618e-11
-4.67031153833868e-10
9.569903767437592e-11
-2.599127520220158e-10
-9.282354668940213e-11
1.9409031944689695e-10
3.0979947822519307e-10
-2.879503431177651e-10
6.393799683068036e-10
1.1579276765220585e-10
3.0000064148386855e-10
4.8396168497758506e-11
1.8929776340788652e-10
2.6186570852867835e-10
3.2312602316484445e-11
2.5757042542454243e-11
-1.2978722309182545e-10
3.1929637883399114e-10
4.657600890887966e-11
-1.3853537210553968e-10
-3.5864054880894505e-10
-2.310937526026217e-10
-9.415556221328795e-11
3.1924968672374514e-11
-1.2425416823896127e-10
8.939600311878074e-11
