[0.0, 30.0]
325.8682063707428
2.6320302681843613
0.21448452059439943
-0.007336960507365303
-1.7786463002253482e-05
-0.00010425314625787676
-1.1391432857505302e-05
3.2145042893925457e-05
1.104886697750809e-05
-8.007997961017536e-06
-4.735785168682398e-06
1.3519944815989649e-06
1.6254954118118687e-06
2.3207694992282e-08
-4.617923859342739e-07
-1.370943498602136e-07
9.535669619214062e-08
6.726871904797422e-08
-5.45797832571324e-09
-2.220306784096278e-08
-6.741873799756989e-09
5.756669738199872e-09
3.605967092637837e-09
-1.074015643173425e-09
-1.1361274172155719e-09
2.2667744987284618e-10
5.049705013628721e-10
-1.7748787110640383e-10
-1.2491163736006737e-10
-7.769609936565985e-11
-7.62075985482882e-12
7.670611156852398e-11
-1.0507486718972424e-10
2.2173573966546898e-10
2.0947404590046163e-10
4.786687009150181e-10
-1.2274823354442598e-10
2.228941292863022e-10
1.652779311088651e-10
2.406458285370951e-10
6.084917244100496e-11
2.6465002779276427e-10
-1.5006782383739145e-10
-8.627353378790119e-11
-8.975974037368898e-11
-1.9568391080085015e-10
-3.971125710405835e-10
-1.1128371869542293e-10
-2.383277770438441e-10
1.9495336583016873e-10
2.1741745197199018e-10
3.8940318402208324e-10
-8.06189642339925e-11
4.195214666403498e-10
-9.713699582262595e-11
1.876284516689385e-10
-1.729060447294047e-10
1.4617855886730687e-10
-1.3839047333784308e-10
-1.0587854157248391e-10
-2.0415909030028766e-10
2.954892406538945e-10
-3.662815813919241e-10
1.678351516779609e-10
3.0212077427475575e-11
