[0.0, 31.0]
122.87675164038507
-3.02648270689517
-0.07723997037933279
0.029956152026763966
0.0005741449483798975
1.986436535869738e-05
-5.122127751400876e-07
-4.799232286303154e-05
9.757293647926711e-06
9.528136120601962e-06
-4.898689521000745e-06
-9.096606507574699e-07
1.2459293472140476e-06
-2.306786064678731e-08
-1.669908503937722e-07
-2.0686132336672797e-09
1.6700925305364696e-08
1.593455049364224e-08
-3.973970629488757e-09
-5.186140197423491e-09
2.9099404870482256e-10
-5.065424971713666e-10
2.1708397956264313e-10
5.94458576169251e-10
-1.0788165235416777e-10
-6.373534797963094e-10
2.1528219141131074e-10
-1.6995336617145317e-10
3.3699294525938784e-10
-4.528770400875893e-10
5.860233402257202e-10
-1.317263755493046e-10
1.8843658164338184e-10
-1.9936762240971654e-11
1.5436818045559052e-10
-2.2700282306341146e-10
3.143137368062667e-11
-2.617193219564402e-10
-1.4322744325580817e-10
2.628352256208531e-11
1.177340118538507e-11
1.753138632616913e-10
2.7684816980327473e-10
1.969656069917509e-10
1.3952155705368765e-10
-2.675791638229988e-11
2.8486541751076563e-10
3.0259092678319897e-10
3.5158867021441746e-10
2.6280263936816423e-10
3.926936468471588e-11
2.9330487772147014e-10
-5.474837718352732e-10
2.5330915914506924e-10
2.2393889858215782e-11
4.767082044711768e-10
-9.919883108589603e-11
1.0504123121062832e-11
-5.971601116966532e-10
3.949425641225612e-10
-5.742924873084483e-10
1.1149583917417137e-10
-1.1700708276897434e-10
2.5561252336450365e-10
-6.004603100547167e-12
