[0.0, 31.0]
192.08297894981143
6.334017957593019
-0.0027419104318820308
-0.002008919394564198
-0.00014540195018958142
-5.55432938047973e-05
5.896451697457005e-05
-5.627615702493692e-07
-1.2611007148583478e-05
3.9154763144654356e-07
-1.0721702927183264e-06
-3.1487582727623505e-07
4.4095243563218027e-07
2.4203364203157017e-07
1.319299898809312e-07
-4.053139316126421e-08
-3.467601419934604e-08
-7.538606727854827e-09
-1.2911304020464508e-08
-1.4615218982465059e-09
5.107488785058924e-09
5.407245094462358e-09
2.4058225998388466e-10
-2.799586316835076e-09
-9.910558122989492e-10
1.200391157590296e-09
3.689602898262056e-10
-2.3840197795901627e-11
3.4112942058958037e-10
2.0955454573998249e-10
1.1513717575677579e-10
-2.1648692798749487e-10
4.779222442815546e-11
1.4244174309942755e-10
3.684357089475475e-10
-2.3682711851059543e-11
-9.20842548393499e-11
2.1925847463201361e-10
-9.32150575436687e-11
4.665587430713709e-10
-3.275021619970873e-10
3.841546629285043e-10
-2.3816613279225424e-10
4.4353691439748734e-10
2.21808769375855e-10
1.6240993018644249e-10
1.7620866082819503e-10
-9.003417535870095e-11
5.93887213253065e-10
1.8638008999518182e-10
5.660873331327003e-10
-3.987421949227355e-12
8.899276623579257e-12
-2.764503433055779e-11
1.0616191027310665e-10
-1.3434639709196184e-10
1.445928507295575e-10
5.242555335408667e-12
3.675725892067515e-11
-1.8510706888449224e-10
3.9381602130148633e-10
-2.1980856552235689e-10
6.63202975116098e-11
-1.106635782925047e-10
-1.0720507997403096e-10
