[0.0, 30.0]
181.29020824681473
4.96992735653939
-0.08019856372868853
-0.004688270290349484
-0.0002633535970020764
5.72594537201042e-05
-2.3066451797424714e-05
-1.8236634376023052e-05
1.9591745233508292e-05
1.5144050809126832e-08
-6.429446834463285e-06
2.5997139548387027e-06
1.1898201676166428e-06
-1.4210817786291011e-06
1.0908061124392973e-07
4.7585633098819893e-07
-2.0477458385481554e-07
-1.0126855502100055e-07
1.0369596019745905e-07
6.178537119660009e-09
-3.622999642750619e-08
4.782922867737205e-09
1.0407058577890705e-08
-2.416935558989055e-09
-2.0587510541712573e-09
9.094847160808695e-10
4.495950614131803e-10
1.2064678612835055e-10
-2.3695698982302062e-11
2.725702871746257e-10
7.917277344245131e-11
1.8692905964238258e-11
-1.496884054879936e-10
2.6305037921549836e-10
9.044261403887413e-11
6.393222411708665e-10
-4.279991705469605e-10
2.7503259183094163e-10
1.4712403084843576e-10
-3.8403295056158737e-10
3.529581934749161e-10
-3.09228044219592e-10
-5.52968585485196e-11
1.905149840458614e-11
2.800185342518238e-10
1.6306994606424678e-10
1.9473302156278754e-10
4.939190666165828e-11
2.751136038776278e-10
1.6701577113621354e-10
3.2938712451144237e-10
4.484945940294701e-10
-2.364279655251271e-10
-5.634143994757997e-11
-1.9738963107448307e-10
-1.919344485567448e-10
-4.6566779582799234e-11
-3.445589540992233e-10
-4.134863361524827e-10
-2.2902126722270575e-10
-3.5861785631549496e-10
-2.4396025578408613e-11
-4.291155586167977e-10
-5.153648219929195e-11
-1.5433238800812752e-10
