[0.0, 31.0]
3.058597116235628
-0.07853764002686728
0.0060275706689263955
-3.7642728290358566e-05
4.911052681536246e-06
-2.684159797077221e-06
-6.048986588436647e-07
4.4106796085333607e-07
-7.889633845030432e-08
-6.353990866664244e-08
4.1709057869567175e-08
4.5185266354761075e-09
-1.0973478640956527e-08
2.0787927017075465e-09
1.740604677288958e-09
-8.887805546016018e-10
-2.1910025476678674e-10
3.512825972515071e-10
7.533100168943124e-11
2.133516105179616e-10
2.4803705650076357e-10
3.42839813400669e-10
-2.184902607851171e-11
4.5937060027659635e-10
2.400864477215693e-10
2.567463547123336e-10
6.565542082014857e-11
6.313439563991538e-11
1.2817039894230437e-10
1.2571211781747104e-10
1.0538046278172326e-10
-8.786173059632023e-11
1.616979455693039e-10
-1.7354166029530043e-10
1.8854821358882062e-10
-3.1317292193873713e-10
4.413450715904966e-10
-1.2645142367757157e-10
5.152166387315158e-11
1.689581287850169e-10
3.996468128601131e-10
3.493731108506711e-10
-2.2454650427879964e-11
3.106677766466439e-10
-3.1548630523680686e-11
-1.762152826155079e-10
-5.070175761501137e-11
2.739178200640864e-10
-2.5182084617652706e-10
3.6823217420845733e-10
-6.861202370534387e-11
2.3193909265649122e-10
-5.7995118896231226e-11
-1.8468498623917203e-10
-6.530113700214662e-11
1.1461304285263945e-10
8.266320788513777e-11
2.0833597678353578e-10
-1.5224482503258574e-10
1.1857152369997455e-10
1.610325357187216e-10
2.5345703885701193e-10
1.8928303007694211e-10
3.0459198684017684e-10
1.206098408406243e-10
