[0.0, 31.0]
-3.453949071601748
-0.26878681886417394
-0.010560664672191104
-0.00018147898674414624
-1.4515410104026685e-05
-3.6987600351168755e-07
3.1344787982022094e-06
-3.1658525925446687e-07
-2.5137171078670664e-07
1.2740402582294646e-07
3.0740590447763426e-08
-1.6215324499855745e-08
-5.278449643802691e-09
2.4382986779953353e-09
1.2278810070232037e-09
-5.97309438800031e-10
-3.2286392784190185e-10
-1.8787242583125894e-10
-2.6031501543920986e-10
5.315520979202977e-11
-5.92959352811658e-11
2.9684662494616504e-10
-4.089818403095413e-11
5.360278486199102e-11
2.921836077947021e-10
-4.411563557916316e-12
-1.2456190822710246e-10
-1.149987679191698e-10
-2.8850948017710136e-10
-3.4036736089330704e-10
-1.2058702910323106e-10
-9.455675816486764e-11
4.181361825643979e-11
1.4843001837445458e-10
1.157246649330077e-10
2.344489758823186e-10
1.0854529365706426e-10
-1.97746802670859e-10
-1.0608899210135635e-10
-1.3622503880890834e-10
-1.930042259615095e-11
-8.996465628832248e-11
3.7112000481879945e-10
-1.69813984532261e-10
1.6512858271760712e-10
-2.6620928376344747e-10
3.808673097482779e-10
3.950145424874547e-10
1.725741847551702e-10
3.8632282122367425e-11
2.271209709413589e-10
2.18515366362845e-10
2.405332567671539e-10
-1.5229869647557955e-11
-1.618948941992596e-11
1.9152237061348728e-11
2.405823126246488e-10
-7.884595098170022e-11
3.594623454966371e-10
-4.2567047353944616e-11
5.0184951784750935e-11
1.6514466132629068e-10
-1.1276554596627117e-10
2.688471459018847e-10
5.013573445548375e-10
