[0.0, 31.0]
-1.0022348741407132
-0.22278866432534158
0.008096606779935253
0.0008322394021289503
-7.969268907832157e-05
1.600918529869861e-06
2.9029275949480354e-06
-1.3083418422852601e-06
8.279318066794547e-10
2.0074502843849973e-07
-7.034874570337033e-08
-9.307306965910433e-09
1.968460392535933e-08
-6.763503672234129e-09
-3.972290216890358e-09
2.256465353314988e-09
-9.824958162551952e-10
-1.2144850807782715e-09
-1.1463068271461543e-10
-4.926362359938285e-10
-7.232261969079862e-10
-2.057239388611384e-10
-4.4556180335122657e-10
-4.6796176220931837e-11
-2.3192652155057743e-10
3.6204788559622645e-10
-5.314628667406622e-10
8.398367263889213e-11
-2.5422219260905097e-10
9.23768258519387e-11
1.2121650971350306e-10
-1.4712538137878475e-10
-2.0385165855164327e-10
-5.283865809923997e-10
-1.207466535772134e-10
-1.7655848504391293e-10
-1.4797307999327448e-10
-3.4647296621328983e-10
-2.8419521688394784e-10
-2.7452780896508657e-10
-4.758828067236627e-10
-4.405965006909988e-10
-4.866069958748748e-10
-4.1461257593413845e-10
-5.492985926979255e-10
-1.78051066795842e-10
-2.7101501464374705e-10
-3.913061659666e-10
-5.354280974033489e-11
-1.3405502831277297e-11
-2.2147318413237657e-10
1.9616301451624442e-10
-1.7677600286464255e-10
3.4029905818438473e-10
-1.1934835537763527e-10
3.94176442638669e-10
-4.062024846947435e-11
2.754387526013551e-10
4.4907591617943844e-10
1.5472348760149768e-10
3.482382891767862e-10
3.564360904147029e-10
-1.2987295546690504e-10
1.4489689436932344e-10
-1.315320884160281e-10
