[0.0, 31.0]
4.003023358787814
0.3978754094913342
0.0038912386301278882
-0.0010922718605360872
-0.00013863946423115924
-1.0227596922041236e-05
6.1673874365572e-06
1.4699725368036235e-07
-8.404941725842253e-07
2.201029181743533e-07
8.786530366931049e-08
-7.735384431724515e-08
6.533089950956963e-09
1.6818099923422485e-08
-6.939022364272743e-09
-2.6864288474311623e-09
2.436738074257278e-09
-7.261568988602509e-10
-3.985633087342994e-10
-1.414202234792111e-11
-1.1478174548411446e-11
-2.497853549750122e-10
-1.8793041248378785e-10
-4.0299722477493367e-10
-3.505414787649191e-10
-1.3684611446480834e-10
3.181565503927831e-10
2.7925932319570667e-10
4.568025446987207e-10
-1.6466507977444391e-10
-5.1876253343767346e-11
2.820839766894436e-10
1.7542939870127285e-10
3.9682011604341015e-10
-3.230514486730602e-10
-2.347018664918938e-10
-1.1134233449068054e-10
-5.270433710470302e-11
2.2756421123649951e-10
-1.8203576275030912e-11
5.48034514711774e-10
-2.3074879667393724e-10
-9.326930252818618e-12
-5.408913582856385e-10
1.0945885315766827e-10
-5.378204703345291e-10
8.123694635349994e-11
-8.737852450797427e-10
1.5518422632193562e-10
-3.5792884362450907e-10
3.7004216796087803e-10
-1.3672324320726878e-10
2.494558383927937e-10
-1.315644079590686e-10
1.0240903900791093e-10
-7.222624535466788e-11
1.8765961354504275e-10
-4.3920038376446064e-10
-7.669911678116773e-11
4.376145293222188e-10
2.9069032188668695e-11
1.7217387131286734e-10
5.087288407461479e-10
-1.5346945610268973e-10
1.92224822766078e-10
