[0.0, 31.0]
2.922835587927938
0.024054790634299203
0.00513648538928489
-1.2256014416340442e-05
1.7511528111101493e-06
5.514084632220585e-06
3.440672439355297e-07
-8.897073176702749e-07
-1.1184935166485776e-07
1.7795871365735392e-07
3.636878288169426e-08
-4.180646431408684e-08
-1.2057822209196482e-08
1.053901339826515e-08
3.6714307550857958e-09
-2.5369223245235856e-09
-1.303122573815937e-09
7.940036879052759e-10
5.498711220000158e-10
-3.8546295860976864e-10
-5.2057413995013496e-11
1.6035278151150966e-10
-3.0878435096602343e-10
-1.0594024635025717e-10
5.411691897825193e-11
-1.106308490676424e-10
3.645171425997148e-11
2.585918439347802e-10
-5.506709487998068e-11
2.5448807069717496e-10
-2.0313062662659876e-10
2.199698192212498e-10
-2.0112974692488512e-10
2.882063116463279e-10
-2.478305506868289e-10
2.2924540957608336e-10
4.5404844298002096e-10
-7.007823529662022e-11
4.103586810018846e-10
-3.6741892874334277e-10
5.523198710566111e-10
-2.1713129911836886e-10
2.560035301826526e-10
2.1812770656827027e-10
3.7515643287345613e-10
-9.472182877200864e-11
-5.325863209256437e-11
9.975905853251307e-11
1.3660230818705453e-10
6.335125323524865e-10
-2.1156727766800827e-11
2.76400033961642e-10
-3.274202666947918e-10
2.495472413295435e-10
4.0851550139972436e-11
-1.5683245302185856e-10
5.180471362532773e-10
3.241593335329562e-10
2.3812316771203224e-10
-8.671014019934561e-11
5.431108942602057e-10
-1.4197962983780898e-10
1.1880468451436126e-10
-2.3094247324206074e-10
1.998286217853625e-10
