[0.0, 30.0]
-0.9377524068824313
-0.16139320002475518
-0.004423687134083268
-0.0002153163691066372
-1.1460293850598116e-05
5.6689371041563275e-06
3.79641271439959e-07
-6.383825683111439e-07
1.6704321046266667e-07
2.7605976485562396e-08
-3.4746077840806276e-08
1.3408906705552506e-08
1.1945447500957246e-09
-3.93214746065852e-09
1.4393310179642628e-09
1.1236501276918177e-10
-8.37765847922315e-11
2.702188820000328e-10
1.3884336000987525e-10
2.8517102400702926e-10
-4.144177209914128e-11
3.723200726582347e-11
-5.327214133850098e-11
4.724427891024146e-10
-2.049389315817101e-10
7.600905605322615e-11
-1.2971841086097186e-10
1.0557777952762685e-10
-2.0306098104961746e-10
-2.9024649001728227e-10
-6.251337521553577e-11
1.5613337477948608e-10
-3.328748084828873e-10
2.732266715266983e-10
-1.2720637241639858e-10
1.1192543816753155e-10
-8.247122086430436e-11
-1.493631169958892e-11
3.3404417576826737e-10
-2.9377481191091316e-11
6.647983265265237e-11
9.082958797093704e-11
3.8549863073915105e-11
5.107802036397217e-10
-3.4684916373195766e-11
1.885985397623709e-11
-4.569284271930463e-10
2.1784269334931586e-10
1.8994604485123137e-11
2.5970235925329766e-10
1.6075807047758976e-11
2.0674364574116373e-10
1.6147298133735943e-10
4.199105076796759e-11
-1.699838654815493e-10
-1.2857154909604566e-10
-1.0789506816182812e-10
-9.707481698567837e-12
-1.1877497602997956e-10
-1.0938496397748179e-10
-2.1960210597949976e-10
2.307413220414954e-10
-1.6161785376496694e-10
-1.0216939783389754e-10
-2.489823183650982e-10
