[0.0, 30.0]
305.4184966538233
4.078198834235296
0.14107921812865654
-0.005760090665608565
3.6191737723571474e-05
-9.978949948747505e-05
-2.053081712406536e-05
2.1467012295528558e-05
1.4419482751868161e-05
1.135483110463257e-07
-3.5331103032003956e-06
-2.133315910483879e-06
1.1594591921888824e-07
7.789608629466817e-07
2.9874733561041124e-07
-9.925967070555286e-08
-1.3515971057063856e-07
-3.471285971085799e-08
2.5861716068119292e-08
2.274078021742746e-08
2.266532735575168e-09
-5.896028609218593e-09
-3.316800493046474e-09
7.173435034388759e-10
8.446534932172616e-10
7.105615907139205e-10
-1.314480326865161e-10
1.3541332014183434e-10
-1.3801734064422004e-10
4.262387627311357e-10
-1.0446629490419598e-10
7.714235480264131e-10
1.3774380389737243e-10
6.162420203918891e-11
3.4953857860078286e-11
1.0284901159487481e-10
-3.036846683589037e-10
2.5122294882347397e-11
-3.7986180571862163e-10
-3.711441974378515e-10
1.3950806395536917e-10
-1.5216763543397784e-10
-3.119083350900853e-11
-9.559638428168013e-11
3.925532149443182e-11
-2.5418861588087995e-10
2.0506479796915615e-10
-2.0780074429270925e-10
-3.3840033229369865e-11
-2.0630885925682528e-11
-2.323351897990909e-10
-2.485385748913854e-10
-3.4895532958129517e-10
-3.134440855814911e-11
3.97988453434808e-11
-1.6516524965617545e-10
3.887508087022812e-10
-3.622897172704041e-10
3.2076195453873143e-10
-3.281277989905524e-10
5.10395018329523e-10
-1.896524024386665e-10
2.7621487707874337e-10
-1.4447997546242024e-10
2.1791512262146128e-10
