[0.0, 29.0]
347.1998679734876
5.209991598038042
0.018369127231723566
-0.0021776323512291184
9.898406117596832e-05
-7.093085536011436e-05
-2.5498263554443283e-05
1.6548679708254983e-05
4.196474883047864e-06
-4.875989265572934e-06
5.348400050108656e-07
1.1949103228594877e-06
-3.378495249483183e-07
-2.0106981743107194e-07
7.961601472698203e-08
2.5722727956782246e-08
-1.5467618923612892e-08
-2.887870869128464e-09
1.2013150067635018e-09
-7.587134929858581e-10
7.937972626186044e-10
1.0091976533590428e-09
-4.903761952037381e-10
-7.309720386016804e-10
-1.982914830550132e-10
-2.7071469059138588e-11
-2.3237423471913973e-10
-2.9401896062413616e-10
5.410076130834559e-11
-8.699018267505104e-11
-1.6853683739472474e-10
3.595663620931422e-10
6.812210397880137e-11
2.5073326538679993e-10
-3.9280066125492136e-10
-2.385341611399634e-10
-3.4050595743562046e-10
-2.630536031821726e-10
-4.024248071153274e-10
4.1800832118982134e-11
3.351522396229826e-11
4.587999514673505e-11
2.17552702111077e-10
5.469244764013262e-11
6.25266953706595e-11
-9.870393501287898e-11
-7.576707071987535e-11
2.984162685425866e-11
-1.9538817568864308e-10
3.47536788154779e-11
-8.508898245885183e-11
6.576273977453782e-11
1.1509512637311499e-10
1.981153324497188e-10
7.196066178295109e-11
2.568095214627486e-10
-2.478235551028899e-10
1.8915245018578029e-10
-4.232471576303394e-11
2.804467778364963e-10
1.6499872509415555e-10
3.046717944444547e-10
-2.1295746151315554e-10
1.5887722397761422e-10
-1.2349653730386624e-10
