[0.0, 31.0]
38.1568899186592
-2.7643452646380453
-0.1384073750989292
0.024373149517385412
0.001311866081432215
4.787560172935642e-05
-2.5846558685193035e-05
-3.727035039766989e-05
2.909900493820916e-06
1.0721473791055113e-05
-3.895372879863e-06
-2.644636883332822e-06
2.374839440943468e-06
3.1157537029167164e-07
-9.712675081454087e-07
1.6202663833411356e-07
3.0607890243401416e-07
-1.4658586096206858e-07
-7.237704387348257e-08
7.149669376902236e-08
1.2258864699782164e-08
-2.5581907708398016e-08
3.833546942419263e-11
7.216329102467828e-09
1.92522057967374e-10
-1.9866278598940905e-09
3.459005532503194e-10
4.0031002860113855e-10
2.832055193720483e-10
1.981774849586354e-12
4.707927330502863e-10
-3.034039727522096e-10
-3.2089683316426984e-11
1.5283388244342204e-10
1.362183956357812e-10
1.1473369428456895e-10
-2.1743605392760806e-10
3.7252691859719023e-10
-1.6454266293481693e-10
-2.6057450471002364e-10
-2.9473203602443345e-10
-1.3898612089665278e-10
1.663447924385435e-10
-1.9476890837488157e-10
-2.7074885228295006e-10
-4.2890814106924834e-11
-1.6189292471924323e-11
-2.1766423907649795e-10
-1.2977740065398658e-10
-8.034922772502256e-12
8.911743361418245e-11
-3.3468958520336677e-10
3.8861195570672077e-10
-3.7971914364007136e-10
1.726735395578018e-10
1.1953082165337567e-10
2.651944520222555e-11
-1.3937303161016017e-10
2.609753588292821e-10
-5.196301163071254e-11
-7.487666068810433e-12
-1.526288242700609e-10
6.310214324101804e-10
9.46069487570694e-11
-1.3811357610698245e-10
