[0.0, 30.0]
4.010454914730904
0.18482063286458503
-0.003633401025533282
-0.0011220845489990905
-6.77665365252607e-05
-2.1307815352645953e-06
5.728408265904387e-07
4.849479313039806e-08
6.554270946740206e-09
1.9061477784109127e-08
-9.51493097619279e-09
7.45513403693601e-10
1.1752189030155192e-09
-5.786478574678791e-10
2.6908201754416613e-10
3.438681794607177e-10
-2.543249173337999e-10
5.831199629516117e-11
3.6609451471987735e-11
-2.844269346468644e-10
-2.227651863093149e-10
-2.0453170529439403e-10
-1.1299898099304413e-10
5.0810474673410166e-11
2.89946393509679e-10
1.939201298276184e-10
1.3637258173120817e-10
-4.40150721316223e-11
-5.632253977056428e-11
-1.661341992849619e-10
2.3548675253480034e-11
-7.257297315862669e-11
1.1229134392974422e-10
1.399136180894388e-10
-3.3240446609325387e-12
-3.7678042533992873e-10
-6.312595131688584e-11
-8.052397668867395e-11
8.509675800356159e-11
8.953224990199507e-11
2.120751400405282e-10
-1.4801208043740385e-10
-1.1484693016317705e-11
1.5267240376525138e-10
1.6641909149737132e-10
-1.0115302367687362e-10
-8.87638405279399e-11
-3.282130823777304e-11
-8.570517343006392e-11
2.2606621229658986e-10
8.829234104463118e-11
1.3008979507079488e-11
-5.2805811011402144e-11
-2.9027327027819522e-11
-1.580637529153757e-10
-1.6249255349279993e-10
-1.5201416887393873e-10
-8.442161155087118e-12
-1.991487357855169e-11
7.761000180563323e-11
-1.4298917497884699e-10
-7.436527317689701e-11
-1.1321849432150924e-10
-1.5455269790603473e-10
-5.486345034016865e-11
