[0.0, 31.0]
1.2558686403878583
0.19393120760832092
0.0044199166403356156
0.00023291746072572387
9.49895395144623e-06
-8.102450807188796e-06
-1.0680552513833886e-07
6.269878348399927e-07
-3.3319991499757256e-07
4.864831759634812e-08
7.609491130822662e-08
-3.559527453893713e-08
-4.6427109795087124e-09
8.565997983282757e-09
-2.6302461663507796e-09
-8.805607487772547e-10
1.0901625048848358e-09
-5.006923993787754e-11
-2.947860317840155e-10
2.780841757486478e-10
-3.3037159082321177e-10
1.0354819731427588e-10
3.151877151230803e-13
-2.2232574377160377e-11
-2.7798961446963917e-10
2.5892080484112597e-11
-4.732816242488488e-10
3.947453636177002e-10
1.7131112576529695e-10
-2.870294311029698e-10
-7.538882206372565e-11
4.7485918236211813e-11
3.185042907580949e-11
1.0516818130279428e-10
1.3727012925532212e-10
-1.6567215293392433e-10
3.492058521336093e-10
-1.3316601408008101e-10
1.4744544903334592e-10
2.777925133219213e-10
-2.86247379981085e-10
2.1445944716633432e-11
1.1384235406707316e-10
-1.8106171792284066e-10
2.382645233852642e-10
4.0106389575705054e-11
3.7860944175345347e-11
8.268616833789724e-11
1.0776466560245389e-10
6.258291064248268e-11
6.623699409345797e-11
-7.75010088179995e-11
-6.601061574077674e-11
-1.9594599976231655e-10
1.937770679849e-10
-1.945952809902919e-10
-3.120426185216431e-11
-2.347963295204801e-10
-1.8788510698616415e-10
-4.298715947237903e-10
1.4783074085834672e-10
-4.9929476250572443e-11
-1.3008829927152286e-10
-7.806087190027165e-11
2.399341938085564e-10
