[0.0, 30.0]
-3.28041006486588
-0.023529029617161284
0.013417033888962336
0.0013783332876449131
3.573214091760398e-05
-8.2881079126223e-06
2.8142778106582446e-07
2.4023856825807153e-08
-9.169932895391387e-08
7.538962461323172e-08
-1.5832365663886957e-08
-8.026189554229049e-09
7.623683345983104e-09
-1.5167110528145622e-09
-5.734398673169794e-10
1.058874124990449e-09
1.4186008905537763e-10
-1.347672507697293e-10
2.600395768808047e-10
1.7342745238385378e-10
-1.8176893428131493e-10
-1.540048245569553e-10
-4.140532296403701e-10
-1.9360135848273203e-11
-3.4949664355785075e-10
1.2027855563407343e-10
2.562119086199842e-11
3.5085138619282146e-11
6.975375685201472e-12
-1.3443378109646738e-10
-1.779240299094906e-10
-2.1043835024940996e-10
-1.6358821431189514e-11
2.3027956446657429e-10
6.622623732872285e-11
5.5893430646157754e-11
7.429957830550762e-11
-2.6967264184552815e-11
-2.1685586881080888e-10
3.509326643854184e-10
3.1572490470705575e-10
-2.379196496536742e-10
-3.1660719067591615e-11
-2.8595234685568592e-11
1.2545810315418975e-10
1.5895066271368423e-10
2.6371321133683853e-10
3.6668740834236923e-10
-5.029322281374362e-11
-3.5704939423039903e-10
1.5046349450628794e-10
-2.152552489153533e-10
1.947527228341089e-10
5.2369092506472584e-11
-2.3401535253052277e-10
-9.779840568801376e-11
-3.8733473038882077e-10
-1.1935272360657173e-10
-1.8383920633449925e-10
-2.205582304132654e-10
1.043178738964744e-10
1.7998607752033793e-10
4.701621409711154e-11
3.9906078491537684e-10
-1.4398589331492957e-10
