[0.0, 29.0]
3.0130245135465996
-0.21608633751865475
0.008400764762434476
-0.0001642989898678301
-1.0514957121596402e-05
3.1337456447653143e-06
2.552271248213771e-07
-1.971211362485327e-07
7.179757605666619e-08
-5.474312742103478e-09
-2.0703298846562325e-09
3.165270315590125e-09
-2.262631882014624e-09
5.794070333011789e-10
3.080002585190919e-11
-1.548746914472271e-10
1.1473238492475098e-10
9.887469019196817e-11
-2.2655921468993927e-10
4.58115193786546e-10
-4.0819246704555927e-10
-7.797321609940782e-12
-4.101758880998805e-10
4.741852181087051e-10
-6.513159849082348e-11
6.04141416728674e-10
-1.7467808140405127e-10
4.347833649158638e-10
-4.4054868998589455e-10
-1.2429141482528479e-10
-3.631177637291945e-10
-9.030478671468379e-11
6.973488830889051e-11
4.295970208816464e-11
1.5964045879150364e-10
1.0759240849489289e-10
2.3853593396430693e-10
-1.157252344125138e-10
3.8304170740854733e-10
-5.8151108781994e-10
2.67861088119694e-10
-3.471615977724251e-10
3.28263908020102e-10
-3.964571679980041e-10
5.881991152793486e-10
-2.53033184324093e-10
4.3370793764092775e-11
-4.2606482447573175e-10
3.5188676717467083e-10
1.0165698635716576e-10
6.986538182519702e-10
1.0551175822561284e-10
-1.0616218072020594e-10
-1.9023362550485295e-10
-2.1235438095243625e-10
-3.9491223721700267e-10
1.0636132207596663e-11
2.286232543288517e-10
-3.7745124318988e-11
-1.9937184888237306e-11
-1.2025494531830438e-10
4.766747607464392e-10
-1.5938926912458854e-10
4.4053376268457976e-10
-4.709806860807557e-11
