[0.0, 31.0]
346.61862899123565
4.03122442744401
-0.15831313002302672
-0.005671641436594631
7.014298526399265e-05
3.157143815179835e-05
-4.1815667468852465e-05
-3.6197668406705146e-05
1.1990757791005168e-06
9.14480067583976e-06
3.655926575006802e-06
-4.403320134122072e-07
-1.1076538760684036e-06
-4.3359405225825133e-07
6.987690584695985e-09
1.0857156267478119e-07
7.275587871610041e-08
1.3836653017653128e-08
-1.7996231470921968e-08
-1.0071740383750517e-08
-1.7190908706192486e-09
-1.2037524814738849e-09
2.969551178792102e-09
1.2990608909726501e-09
-1.054436991138586e-09
-1.273343786938113e-09
3.891681416389781e-10
-7.233666490707427e-10
3.5702293199370395e-11
-8.71834094405568e-10
-2.087674948962485e-10
-7.816364578554216e-10
3.187662126293918e-10
-8.147500482716421e-10
7.471584125665026e-11
-4.0312480966550385e-10
5.449226004865927e-11
-6.272950406555932e-10
4.752182128023549e-10
-5.810057556581216e-10
1.0676147248607256e-10
-5.962185529522355e-10
1.5904966912859217e-10
-4.4106604313695746e-10
-1.3838444204750396e-10
-9.006537733240352e-10
1.1502319556666004e-10
-3.4873460320114287e-10
-4.8474134046124654e-11
-3.401339227519661e-10
2.571508537129623e-10
-5.287144814381256e-10
4.869000884786645e-10
-4.659685271732255e-10
-5.2865741315426564e-11
-6.115877840441168e-11
-1.4794725099739845e-10
-1.5230198527582318e-10
-3.500283661892129e-12
-3.3609789302758353e-10
-2.1902115258977244e-10
2.7898564235512596e-11
-1.1573476649061306e-10
-2.0705833396576482e-10
-1.6444922920448572e-10
