[0.0, 31.0]
-2.627324736195619
-0.2988185708754015
0.014175651377511313
0.0018876475358356039
-2.984861543493735e-05
-1.9735306558834114e-05
-2.6469423831345406e-07
1.0865506745514955e-07
-7.055829954899103e-08
7.226615704865939e-08
-1.76549313493446e-08
-2.048259351386432e-10
6.775318012890114e-09
-2.4010909806181056e-09
-4.877974611514023e-10
4.2048669209423313e-10
-2.3281875099167744e-10
6.985651518086139e-11
-1.0860246952217535e-10
2.3359349641546136e-10
-8.22174785009183e-12
6.380694660685382e-11
-1.071358316484495e-10
-2.1348264371605753e-13
-5.257560325814026e-10
-3.0776683259148495e-10
-2.8492564305892356e-10
-1.6340605747121592e-10
-1.9117736891700512e-10
-4.6178444942267353e-10
-5.682052330594865e-10
-2.346056373063419e-10
-3.893905886572126e-10
2.2974532667505415e-10
2.113972981503773e-12
1.489136803428002e-10
-1.4642671914700795e-11
-2.2409697839128574e-11
2.31590148023793e-11
2.5017030231806018e-11
-3.036818261714498e-11
1.4089799034704377e-10
-1.0422677940437537e-10
-5.1000842679333516e-11
-5.247729035717481e-10
-1.5326396267480386e-10
4.6731514418860666e-11
-1.3498848972994286e-10
4.83946080501254e-11
-1.8627158138032254e-11
-2.636931874377683e-10
-4.330842933975945e-10
-1.64402830316566e-10
-2.155216527161084e-10
-1.2250022421193499e-10
-1.0855185418726099e-10
1.3580083884446827e-10
-3.720393413522657e-10
3.0901434551294185e-10
-1.670923881107234e-11
-1.8739996744228648e-10
3.3855601980683556e-11
-2.2452999865613076e-10
3.763412776552107e-11
1.3273327537470933e-10
