[0.0, 31.0]
4.278794264178435
-0.36323451683942143
0.0020711623253699056
0.0013401597969389923
-6.433762196437047e-05
-2.5658141887576416e-06
-4.953072736393282e-06
1.8365669639215833e-06
2.358507693468086e-08
-3.838746554642206e-07
1.6479551909478152e-07
2.1107851848653237e-08
-4.983226896831329e-08
1.4291384523355123e-08
6.695851579853043e-09
-6.28988846141963e-09
9.880887252434265e-10
9.780767477425598e-10
-2.852913004389115e-10
-6.937459276789693e-12
3.052477575523307e-10
2.5905344014029094e-10
2.0841123086946335e-10
-1.0657733615560995e-10
1.6968013368326183e-10
-7.634948077318364e-11
3.7019357188352254e-10
-5.555372443973366e-12
1.3932610763375296e-10
8.90482493743339e-11
3.696814365622145e-10
4.461586917859728e-11
2.405546461727247e-10
4.563522001386108e-10
2.8845579511109784e-10
2.608175866821671e-10
1.4311087641584442e-10
4.0655719803888523e-10
1.594401338411534e-10
3.34420210328861e-10
3.694775436667096e-10
-6.725251793994733e-11
-1.5151173968682898e-10
-2.6705646611889007e-10
2.633476166989508e-11
-9.156199504872556e-11
1.7004124450200716e-10
-8.747535654754581e-11
8.191327109756445e-11
-2.922567318363254e-10
3.1921428639531384e-10
1.789209645922942e-11
1.6301474396679517e-10
-6.752154365667025e-11
1.6244862390367246e-10
1.6697606255325186e-10
3.2663298267607903e-10
-9.333788277893705e-11
3.371950153191903e-10
1.502672185450113e-10
2.544116157285777e-10
-3.591091838649755e-11
2.426150823169606e-10
-1.1381594745110012e-10
-1.0239243710307155e-11
