[0.0, 31.0]
-3.437568960945132
-0.25241184950328444
-0.01014450043543447
-0.00012949151533145044
1.1035325305805556e-05
-1.0853918580117382e-05
-4.7498242564822954e-07
3.282347404619958e-08
-1.310629872055175e-07
9.39759613740177e-08
3.017520594812771e-08
1.774892897851594e-08
-6.370979406545997e-10
-4.88784891867612e-09
-1.977818672869501e-10
-5.730244101133377e-10
1.7197060006576614e-12
-2.0110240705652943e-10
-1.4646394905234327e-10
-3.1453366906221124e-10
-1.1432694855991021e-10
-8.531336462883527e-11
-1.2713366804596723e-10
-2.3928468545067397e-12
3.1493729081985955e-11
-6.459492516135564e-11
9.229081551118464e-11
-1.1868656536861035e-10
7.585183848474587e-11
-1.1671208781539016e-10
-3.9716081886084584e-12
-1.5226810440722148e-10
-7.598400278258179e-11
-1.5904239852357374e-10
5.4469289804272715e-11
-5.248494040269157e-11
8.559047123511586e-11
-7.556311885632176e-11
1.0215854431910272e-10
-2.5050323782315197e-10
-7.049911003162056e-11
-4.906541615124835e-11
2.518929075375285e-10
-9.752014782686629e-11
-1.3858885212019202e-10
5.101988425711338e-11
4.725828567947456e-12
-4.895947942760815e-11
1.554498980822406e-10
-4.646843129469555e-10
-1.266597602187654e-10
1.7373159012156855e-11
-3.6301971037761266e-10
-1.0948051696566417e-10
2.6268054325069226e-10
-5.33027528758324e-11
-2.458402546962621e-10
-4.18025373943883e-11
-4.394985292097565e-12
-3.0294247935161295e-11
-2.2740807197232726e-10
-6.745501761283505e-11
-1.405953540556447e-10
-4.5678180974059985e-11
1.5426973332110458e-10
