[0.0, 30.0]
297.37704526555297
3.3773096803273526
-0.22031744807915693
-0.007181033222199844
-0.0001270579009698556
-9.004789424539683e-05
-3.966330964442636e-05
4.266196495846382e-06
1.824348032614468e-05
5.299554832698797e-06
-3.95229133197262e-06
-3.1129014813483428e-06
7.009214220705304e-08
1.0463702402145518e-06
4.063027946465172e-07
-2.0477033513596234e-07
-2.2455328737156423e-07
-9.95509218511369e-09
7.581023600969298e-08
2.8033422543215744e-08
-1.7183464288961195e-08
-1.4200509097818472e-08
3.381116856282307e-09
4.016301210445407e-09
-3.771647503166254e-11
-1.4420756774680384e-09
2.3302872045411374e-10
1.6172934516610668e-10
2.498467413843908e-10
-2.2287635712790766e-10
7.566738140135414e-10
-2.3224560121831578e-10
8.435660738546106e-10
-4.1617133759961393e-10
3.0565527219629215e-10
-1.3387343904777475e-10
3.2767519035417266e-10
2.798027797498282e-10
8.488255677780757e-11
2.8273675558121765e-10
1.287628986914099e-12
-2.907053452630763e-10
-3.9814703192720403e-10
-1.7620741823507475e-10
-2.2481553292009317e-10
-5.8004103903274104e-11
-1.0968925825139604e-10
-5.027904674966608e-10
-1.0550176852275143e-10
-5.222165808153285e-10
1.5567915879094722e-10
-1.804208812405393e-10
6.927966668119044e-11
-9.109188662851536e-11
1.7476934813896605e-10
-4.825416565920396e-10
2.2300197864637193e-10
-1.5451593537157086e-10
-1.4879270187330667e-10
1.8145569588262287e-10
4.727270540018487e-10
-3.8829937256150304e-10
1.7128596320461707e-10
-1.0108384595322119e-10
5.233489923728967e-10
