[0.0, 30.0]
45.33832518044284
4.776680597582999
0.026309770968496668
-0.0028235250649297993
0.0001803733156591633
7.37075252952232e-05
-2.8924517282846087e-05
-3.183429699852812e-05
-4.89578341651698e-07
5.071854138609994e-06
3.3417206174862196e-06
1.002805226516896e-06
-8.108480787971008e-07
-7.406895303043533e-07
-1.1402010703648902e-07
1.4036404457541402e-07
1.0629972489828217e-07
2.137908385339623e-08
-2.0282115006287343e-08
-1.8234831906315575e-08
-3.685515078893597e-09
2.9257120828358477e-09
3.3691150233225812e-09
4.218942407765271e-10
-8.208535279416496e-10
-6.72655936674771e-10
-1.293519680637999e-11
1.0803749020383291e-10
7.272447763654791e-10
-3.247036214870267e-10
5.399284096418914e-11
-1.6677213327407176e-10
-6.772482100949889e-11
-7.510508465978138e-11
-2.9539009550572614e-10
-3.7750855845276365e-10
-1.5105420773744771e-10
-2.2132863780365997e-10
-2.3401410105319165e-10
-9.315019618253714e-11
-1.2912184122666262e-10
-2.528184644280337e-10
-1.949028218474513e-10
-2.334651856898944e-10
-2.728428760716433e-10
-3.0212443412258667e-10
-3.944743168152226e-10
5.675226832240552e-11
-2.6203773085465534e-10
2.25885781166864e-10
-1.656201916834812e-10
-2.694288062318455e-10
-2.5672980348393305e-10
-7.643692300292956e-11
1.9586833767907646e-10
-5.340734986692326e-11
-2.255040721370322e-10
-1.593872440739177e-11
-1.8812640953955284e-10
-6.838318438578088e-10
-3.982289755130967e-10
-3.8257188639256903e-10
8.435144795751902e-12
-1.6920826588341897e-10
2.6347579363085265e-10
