[0.0, 31.0]
58.65494319614726
-0.26713307216100174
0.3089399135383561
-0.001791553386731346
-0.0007273371964395243
0.00018635921952972348
-5.671698241470466e-05
-4.89990922187451e-05
1.6266080709369546e-05
1.855239230686113e-05
-4.630067905621274e-06
-6.924132099319767e-06
1.2452387047530715e-06
2.6284419667647938e-06
-3.080461778959094e-07
-9.887001560228867e-07
6.154998766070724e-08
3.6284955009784576e-07
-5.655670889293487e-09
-1.2511507808750267e-07
-2.8274249393914927e-09
3.9424337161491815e-08
2.235471721471897e-09
-1.033413533476438e-08
-6.166501463198229e-10
2.90739036337629e-09
1.7584863746185312e-10
-6.875070180796904e-10
-1.007591221107815e-10
4.5343432513923165e-10
1.3952095153020303e-11
9.762894093904257e-11
5.257504396383947e-11
-2.7355989241365284e-11
-5.837466131617541e-11
2.0303102818480292e-10
5.2441837574378245e-11
-2.2484278728548188e-10
3.0043314270258434e-10
3.079519874230639e-10
9.360346573707646e-11
4.986075752276589e-10
-7.154930711749177e-11
3.9485194352094943e-10
1.4530678660262117e-10
4.765007620328204e-10
1.5538937691442474e-10
4.305875115917218e-10
2.9665189488099396e-10
6.804789584179434e-11
3.702816039961809e-10
-3.4377032671234306e-10
2.227819793813182e-10
-4.851185970580084e-10
2.3169410187336108e-10
-2.503012331090812e-10
1.2288408174515861e-10
-1.575122062922666e-10
5.131690345414607e-10
-1.2658657206598116e-10
3.479294599298665e-10
3.361131724787633e-10
8.204624371112894e-12
3.9203750016562426e-10
-1.19253654345265e-10
