[0.0, 30.0]
-0.3368213800494337
0.040224230093438534
-0.00024725769382884954
6.457894011979013e-05
-1.5228984965805961e-05
3.5219909716532342e-06
1.4101458925152755e-05
-1.1553351296157309e-05
-1.086444344006449e-05
1.2749996643133623e-05
7.1838585348405545e-06
-1.3258446629042082e-05
-4.170934644281175e-06
1.2874691342111973e-05
1.0269143639694573e-06
-1.2197526651653842e-05
1.2858070359202744e-06
1.0800616862749525e-05
-3.581037538993421e-06
-9.365206959954555e-06
4.947711440059844e-06
7.456472024407136e-06
-6.279901922343729e-06
-5.752232170000752e-06
6.695963038226839e-06
3.778397882618346e-06
-7.154418780704171e-06
-2.200076252761565e-06
6.777814590381862e-06
4.90398802633473e-07
-6.576536580926691e-06
7.000498603538054e-07
5.653212798746481e-06
-1.9569632939056313e-06
-5.061507906780983e-06
2.636770359814003e-06
3.858422843938643e-06
-3.385826456940363e-06
-3.1379193246162604e-06
3.553004704883736e-06
1.8899804135565622e-06
-3.844268293794395e-06
-1.253639367162216e-06
3.5811530824629374e-06
1.3169690638209632e-07
-3.5325501630145457e-06
2.763946280346557e-07
2.968308270128058e-06
-1.179125938564392e-06
-2.7275985596459222e-06
1.2871383047715642e-06
1.998145361445608e-06
-1.952660761155211e-06
-1.7129534224202568e-06
1.7456523332369073e-06
9.314811780386228e-07
-2.220693050320944e-06
-7.33204703510189e-07
1.7144165887439104e-06
-3.934774191283611e-08
-2.1095244191452175e-06
1.9666711456147145e-08
1.28751897688157e-06
-8.637814458984185e-07
-1.871908385436605e-06
