[0.0, 31.0]
2.1936816124481497
-0.23123988454461178
-0.04272172168604942
0.0025897295312855297
0.00039099600332408364
-7.467162986199335e-05
6.867520372195038e-06
6.610179298616605e-06
-2.2111245757920014e-06
-8.413254185308076e-07
5.3951243109597e-07
8.728385029039214e-08
-1.3796579199615804e-07
2.622749184719728e-09
3.355021655809767e-08
-5.056391538309232e-09
-8.196244455480366e-09
2.8270784604072693e-09
1.2519624299565173e-09
-4.2673917141778865e-10
-5.512659011753442e-10
5.014220338524642e-10
-8.690856365549052e-11
1.938107464321063e-10
2.404645765560171e-10
3.2262932599688715e-11
-1.8098907046697314e-10
2.805026912791164e-10
-2.8244516616669215e-10
1.7332057806819785e-10
-2.1593155140342588e-10
4.532010622430349e-10
-1.371081057539039e-10
6.110493638054295e-11
-3.3502200194501444e-11
1.1898038800703859e-10
-1.4899578893700383e-10
1.1742656622603292e-10
-1.4006066077993937e-10
4.231704117378667e-10
-2.8027785478050343e-10
3.534106214548104e-10
-2.1520131005837756e-10
2.5723446235692203e-10
1.7690145427940115e-11
3.5752760134019484e-10
2.0080122837542272e-10
4.5550851788342755e-10
4.77856766694034e-12
3.930168174197501e-10
1.4090473586070976e-10
6.47093714667803e-10
2.9421787475356593e-10
5.708658526899916e-10
3.192032429977168e-10
2.520220748252022e-10
7.088762412951623e-11
5.567326766273918e-10
-2.251104353896714e-11
3.805834163153497e-10
1.6567269708584277e-10
2.1613687795450128e-10
-1.6607425711911522e-10
5.093599168311393e-10
-1.1853509903688303e-10
