[0.0, 31.0]
152.88244664165512
-3.4550374883610466
0.3025031856700783
0.03218818615107295
-0.0026505044373732662
2.192974118112664e-05
-1.656245638736182e-05
6.179948154480011e-06
-3.506196691331495e-06
-7.662051871024314e-06
4.128538594526345e-06
2.898771770957511e-06
-2.3005209705065417e-06
-8.716519848563062e-07
1.0813627789144983e-06
2.0159076382692776e-07
-4.5124474241176993e-07
-2.045997671734841e-08
1.702894887982632e-07
-1.0832259520482546e-08
-5.649454392093874e-08
7.870533314786183e-09
1.6318905470464315e-08
-3.0448085175845776e-09
-4.2630704711486524e-09
4.286205598245357e-10
7.891131164926234e-10
1.9035590447495632e-11
-1.3911325967485127e-10
-3.4420884101451026e-12
-7.321620103715424e-11
1.4147869286039006e-11
-6.079193968655732e-10
1.2540396679540446e-11
-1.9180919573931406e-10
1.3637053976556698e-10
-3.129360440618219e-10
2.9772852771852873e-10
-1.2595506907029633e-10
-2.581928193057919e-10
1.9274334420182461e-10
-2.6192893055713513e-10
-1.4461694922926947e-10
-2.4858533722053124e-12
2.862107245905558e-11
-1.699983009197677e-10
4.0680714990681835e-10
-2.3366524144468875e-10
1.8253154514976735e-10
-1.0912598705343149e-10
-6.74297153876543e-11
3.941755177434812e-10
-7.605573154092241e-11
-3.368579316980927e-11
5.037468295181665e-11
-3.885344923048168e-10
3.296425172347794e-10
-4.885404376759746e-10
-2.676797175731671e-10
-2.5297756179545474e-10
-4.683949522133621e-10
-3.7267871828023157e-10
-2.5022166239139036e-10
-2.9003563577819033e-10
2.091956311964858e-10
