[0.0, 31.0]
304.58030507358836
9.5606007441881
0.004706437370731733
-0.002515186731222325
-0.00032137998106056205
8.554279928394525e-05
6.292766851725906e-05
-1.8090591478049662e-05
-1.8797152199504447e-05
8.745024910120284e-07
5.457036532390438e-06
1.8187419376504426e-06
-9.110141990138934e-07
-1.019465243051162e-06
-1.8187381542928585e-07
2.898787422478345e-07
1.9865837132340393e-07
-2.2237393222985502e-08
-7.611615324625053e-08
-2.3504634351742108e-08
1.652943560647544e-08
1.4600959592786199e-08
-1.4363028590945627e-09
-4.93739862770369e-09
-3.7691863454006643e-10
1.5185718621442822e-09
4.936652904787676e-10
-7.550913712148218e-11
8.424645945514618e-12
3.0669697986666683e-10
3.7110749310230936e-11
2.412105998023356e-10
-2.3140877297508677e-11
-3.3116159661651615e-10
-1.6568436926180698e-10
-6.071359233861894e-11
7.687887235489591e-11
-1.97411870162737e-12
1.1136868210481229e-10
8.34373193948717e-12
-5.933492839762359e-11
1.1623998124644665e-10
1.83261031432614e-10
9.847761029168955e-11
4.5608642238986925e-11
4.3150584545375384e-10
5.849841103015562e-11
-5.6467924795192896e-11
5.1729584035680136e-11
6.06414497615442e-11
-2.542952665729544e-10
-3.187162713220288e-10
1.170538911658439e-11
-5.382038767011894e-10
-2.094126077304854e-10
-2.4639698672023785e-10
-6.351437303336055e-11
1.2793992616409373e-10
5.209329168220446e-10
-1.6719975421909432e-10
1.1704489937815036e-10
-8.893358743880918e-12
1.7123161260326451e-10
-1.1516325711933261e-10
1.5036790891502337e-10
