[0.0, 31.0]
0.3270083399311306
-0.13812596202703306
0.004114296382232657
-0.0001362097087639029
6.253433875099357e-06
1.5229582580116296e-05
-2.55701512479434e-06
-1.6424078041062002e-06
7.558394991271862e-07
4.7993304077160105e-08
-1.5704471597676188e-07
4.786012649161621e-08
1.9514542248609827e-08
-1.9314702184462338e-08
1.5614194048436127e-09
4.221759063924388e-09
-1.5781111442925276e-09
-5.587298893673487e-10
8.591508936079344e-10
4.595439422336972e-12
-1.408478525714788e-10
2.4003293386067574e-10
1.9673343854104585e-10
-9.019019250827446e-11
-1.7858533275816957e-10
3.606866070769871e-10
1.0385015605906305e-11
-2.356099073306618e-10
-2.420621256916125e-10
3.617003321828552e-10
-4.331532171237844e-10
1.2800966770894316e-10
-5.013693025566624e-10
-2.8471469162074827e-10
-3.0590537249576116e-10
9.937499071492995e-11
-8.416830031818564e-10
-3.0379152729551064e-10
-3.9494736736970626e-10
-2.546189445731906e-10
-3.837850175655625e-10
-3.858820590411407e-10
-3.5051573449935066e-10
-3.3869155066995237e-10
-2.8591595839301427e-11
5.509689394696946e-11
-1.4342201899929048e-10
1.2683651001141425e-10
-3.975306497889112e-10
1.5323306728093278e-10
-3.272658507167806e-11
2.506028371203823e-10
7.181187283023529e-11
2.459525482205328e-10
-2.0354767588307385e-10
4.1895936774001157e-10
3.0381612193963656e-10
2.2600948865271948e-10
-1.1655677421381204e-10
4.026631964564195e-10
1.1101194765448563e-11
1.2572194690222953e-10
2.8135811607496394e-10
3.1720070445715904e-10
3.463005272486369e-10
