[0.0, 29.0]
-0.8301857633350377
0.009360952507594862
0.0005291322628339014
-6.952316728836023e-05
-1.871143956462648e-05
-1.9482324508647423e-06
2.7892906335456187e-06
5.508573344009978e-07
-2.1919240229371886e-07
-1.0071618067202017e-07
2.3125058231798096e-08
9.26063566148114e-09
-4.609958891266701e-09
-3.4433623964231917e-10
1.256326836019297e-09
3.8200532146338083e-10
-1.6737280547153012e-10
-4.914202576488001e-10
2.9930863821655694e-10
1.26817402406779e-10
8.513320785528867e-11
1.6995782743398038e-10
-1.0678725974367798e-10
-2.378221290644764e-10
4.8223339421464075e-11
2.1176124097938871e-10
-8.50258408437703e-12
1.8084367642109327e-11
-8.455966056588438e-11
2.104565466534427e-11
-6.340336657854781e-11
4.605379427225134e-10
-9.691916951480352e-11
9.897659496183245e-11
-8.349674926529904e-11
5.2959461112368605e-11
2.143826636144591e-10
1.683173131544802e-10
6.851768536900937e-11
-1.0786577526429663e-10
2.2680507714863152e-10
-2.558612182940406e-10
2.92264929454228e-10
2.30184696008009e-10
-4.3057696129673666e-11
-2.333874582317601e-10
5.969045931053335e-11
4.597827345361292e-13
1.9057316688208695e-10
2.7135771613012557e-10
-3.91355361101496e-11
-2.2887364912974314e-10
7.915410827368478e-11
2.3649680435491234e-10
4.958480156245944e-11
1.1415070029293895e-10
-9.954993301969795e-12
-3.033415656716069e-10
4.206769260729074e-10
-7.295992678836216e-11
1.7338944732452323e-10
-1.475576108830499e-10
5.348168375357756e-12
-3.069079209540787e-10
2.5489345857350816e-10
