[0.0, 31.0]
0.6045032976938488
-0.041524163402397
-0.002400730536333119
-3.430613365010452e-05
2.369975834392742e-05
5.823529391775231e-06
-1.5396424065743336e-06
-4.2413187881442055e-07
-2.575532546414524e-07
-6.457195260253955e-08
2.0526180351954937e-08
2.544496322935617e-08
1.0750013510036505e-08
-1.049274421792299e-09
-1.9883323778222135e-09
-8.747239730888713e-10
-2.0252983504656845e-10
2.2445532475853753e-10
2.3488816042202297e-10
1.8523656815409168e-10
1.4356483344123376e-10
-2.449714211298235e-10
2.0659462026512197e-10
2.403683808434733e-10
-1.9690037619331777e-10
1.2171323355662664e-12
1.9991934848563226e-10
8.962783549317744e-11
1.681497887872101e-10
2.3946832739060024e-10
-5.471570685683469e-11
-1.8542899845560268e-10
-6.957536192883776e-11
7.575363517983345e-11
5.952778025514604e-11
2.2762137663599984e-10
-2.088775954784686e-11
2.180846305783735e-10
-1.4067230379713814e-10
1.1364022014897186e-10
6.607174502255635e-11
-2.991512866577227e-11
8.298503300083433e-11
-4.838420805018973e-11
-1.9330881383846773e-10
-1.9247890313320344e-10
1.9083380460176837e-11
1.4373147372719584e-11
2.2458176792772652e-10
-1.5172870188855648e-10
-3.176957947000784e-10
-9.866594351337923e-11
-1.296655743580955e-10
1.017936746142362e-10
7.104598273287854e-11
-1.6903012529882777e-11
3.4765093228617713e-11
-5.050074364630147e-11
-1.0363617902558894e-10
2.6152008522064806e-10
-1.4661417466368342e-10
-3.0171211828101735e-11
-4.464080774249329e-11
-5.986403164019144e-11
-1.0253603996470316e-12
