[0.0, 31.0]
84.54767580176765
3.9499107532580604
0.22529127694400794
-0.011845175432723289
0.00010232211639776868
-2.2090911694281823e-05
1.4456554478704872e-05
1.595455440724939e-05
3.710957401784039e-06
-7.07405439655914e-06
9.314338236628164e-07
2.2296478338993076e-06
-7.44741765455769e-07
-5.12053346288745e-07
2.1578641082932843e-07
1.0141360168915468e-07
-5.094885716803523e-08
-2.6702400138503352e-08
1.3091659963952534e-08
6.239885162280991e-09
-3.238729847701792e-09
-1.7399504521715635e-09
1.4930281677327162e-09
-4.5671151583004674e-10
-1.9424349792281064e-10
1.7764731415575652e-11
3.171599238331754e-10
-5.212462599648052e-11
2.6727663144307754e-10
-1.430149151262524e-10
7.615853662326226e-10
-5.317949003417833e-10
2.3099296093070795e-10
-4.2527858760678123e-10
4.590943086329697e-10
1.4646476633551374e-10
5.842995635863269e-10
2.920577938630451e-11
4.6229610864633375e-10
-2.0992114926303001e-10
1.4411536469867374e-10
-4.268585857752131e-10
2.8747256708277863e-10
-1.455342708720068e-10
2.872217048721118e-10
-7.859416927456559e-11
-3.265406317431009e-11
1.7771796895579586e-12
3.99774390615873e-10
-7.910363336702385e-11
3.433182432241113e-10
-1.3337072100001339e-10
2.4026924438666795e-10
-4.838727952934028e-10
7.576381651618389e-10
-3.6195910532433054e-10
6.748850277552786e-10
-9.712604735104394e-11
6.377513407590813e-10
3.1901845602050285e-10
3.334685736933314e-10
-3.399421459613787e-12
3.272091035267371e-10
-1.8757530425956242e-10
2.182168991059984e-10
