[0.0, 30.0]
-0.023279329674275505
0.07780061502616507
-0.002862284502882781
0.00014002205510644627
2.1534799978704768e-05
-6.409982010995371e-06
-1.5297063388201107e-06
-6.612918703317285e-08
-6.619420296259079e-08
9.294588080746635e-08
-9.701778660116538e-09
-2.137145801077979e-09
5.6462699743346186e-09
-9.584995404637112e-10
-1.5277133332879214e-10
-6.504493705373687e-11
-1.1180241287492572e-10
3.255890570823562e-10
-6.444245461770614e-11
2.163153936856302e-10
-2.913189570670526e-10
2.43478026546477e-10
7.04549832595528e-11
-1.2087769791060173e-10
-6.026088705480237e-11
1.0069666138048481e-10
4.3962781520238064e-10
2.3875134978008157e-10
-1.0791843746332588e-11
3.944443130409402e-10
-1.4600167295289222e-11
-1.789017433401947e-10
-4.77214790137756e-11
1.229437566086657e-10
-1.542086187076058e-10
2.707221444763071e-10
-1.0648818115226787e-10
3.987843260014373e-10
1.7342435641770092e-10
1.6311063318165338e-10
-5.654818666376883e-11
3.94328231236944e-10
-2.102722119819143e-10
1.0630610479014357e-10
5.336095305314594e-11
3.5385716510578155e-10
1.550764333670115e-10
2.2836409363700275e-10
1.984700958286091e-10
2.9253660846532214e-10
9.051985537786965e-11
-1.6476801320335207e-10
3.89079296762024e-10
-1.0065330693265966e-10
8.61292714583993e-11
-1.979378968932885e-10
-2.481107571456668e-10
1.8456231957750778e-10
-8.57873043856366e-11
-4.481643328941092e-11
8.174466657744165e-11
3.86528966544396e-11
3.825508641367956e-12
-4.753171227458683e-10
-1.9880479528927268e-11
