[0.0, 31.0]
213.82410515593438
7.7398069693202105
0.06171143416106001
-0.0007338468196816014
-0.00016973217676889544
1.6051085553383045e-05
5.272840935635707e-06
-3.426101805854419e-05
5.554397011103987e-06
5.290151157169708e-06
-1.2888517130729758e-06
1.4868638577797315e-06
2.2336995069390845e-07
-7.245953459855987e-07
-1.4786307500046765e-08
9.312111613031732e-08
-2.6697174711425255e-08
1.9006907377911988e-08
1.8536671865311733e-08
-1.0561580458738132e-08
-5.706000614882343e-09
1.019984564519736e-09
1.3612824882602245e-09
-1.08269787063788e-10
-2.451426074910238e-10
-1.4480678402631514e-10
1.9499780473687087e-10
7.012811665703032e-11
8.327611785485675e-11
1.2624915104999494e-10
1.5979378520200604e-10
2.3529153298869657e-10
1.7726026546085063e-10
2.386659729752788e-10
2.4700659235412318e-11
6.507166631555678e-10
1.7931492552478697e-10
1.8270267628218232e-10
-3.807606626225339e-10
1.8119116054766589e-10
-1.5441726909625008e-10
3.3302536136489324e-10
-2.319550520594343e-10
2.5853678873117203e-10
-1.895220848402319e-10
1.5973085914990316e-10
1.2202696322978664e-10
5.478375682360927e-10
2.752827859233857e-10
4.907158902274038e-10
1.1618301574968747e-10
7.391769375735623e-10
-2.876156865728835e-10
4.182878790298754e-10
-2.6444618240877548e-11
3.4325335003133186e-10
-1.5491544878469926e-10
4.147710962749293e-10
-2.031351641134796e-10
6.380830518898158e-10
-2.9717997491645934e-11
5.096325637736224e-10
-3.720131233141091e-10
5.962120445475521e-11
-3.397106629717981e-10
