[0.0, 31.0]
-0.8023954361258516
0.09363984008295669
-0.003655836727301222
0.00014796068744378163
1.4476101243474853e-05
-7.28342267067052e-06
-2.798350544391367e-06
7.817455125454474e-07
5.614913318382805e-07
-3.8439602279111e-08
-1.264543534822651e-07
-1.896637744897815e-08
2.721123877323719e-08
9.983745360744435e-09
-4.959465582346708e-09
-4.079658034812258e-09
3.935389191144463e-10
9.961089759810747e-10
1.9408033453651487e-10
-4.701806641362228e-10
-2.618072175915572e-10
1.5814770122768404e-11
6.005057422038119e-11
-4.2334341308299613e-10
1.7059296836424026e-10
-4.685156677534708e-10
-8.044778206061992e-11
-7.242010870791284e-10
-1.621446071502415e-11
-2.8939890454959533e-10
-2.1612632169609906e-10
-3.3293212165322627e-10
5.177758036611621e-12
-4.2832451427026977e-10
-1.0194351503089203e-11
-4.4279151508304217e-10
3.289834003438958e-11
-2.1621289087641233e-10
-1.1048240043782168e-10
-3.23289621051515e-10
-1.4000046921202882e-10
-3.427697729568601e-10
-2.903706788366556e-10
-5.822853097827749e-10
-4.573424991594597e-10
-1.9940242765727228e-10
-3.2330727616678727e-10
-5.387405742981847e-10
-2.2596198858511629e-10
-3.2969040442841967e-10
-1.861176717718582e-11
-2.558218772197032e-10
5.820932575254313e-12
-2.4938368426541217e-10
-3.090419224332171e-10
-3.9322719457151875e-10
-5.273723899209637e-10
-4.735688960320012e-10
-3.298899876190051e-10
-3.4278222880112246e-10
2.332008244917396e-10
-2.271492268235664e-10
1.1318869485543167e-10
-4.055019896500902e-10
-1.4177091002725947e-10
