[0.0, 31.0]
132.41848112685986
6.5219721216462725
-0.024183578323671923
-0.0015623686010234647
0.0001299749856548313
4.071937112460757e-06
1.2505848897565287e-05
1.4524783169881374e-05
-7.203255335017294e-06
-6.455297247192735e-06
-1.6694103766236943e-06
8.913391336545459e-07
1.1311722991595294e-06
4.015120677990242e-07
-9.43268141065099e-08
-2.0303563441182608e-07
-1.0657323201165914e-07
9.758046251811958e-09
4.774218253951085e-08
2.2117698243487058e-08
-5.600674094342259e-09
-1.3271631729886644e-08
-3.171241576474356e-09
3.151276493928815e-09
1.791787460206023e-09
-1.4614844800738634e-09
-3.81884359925704e-10
-4.178586564485263e-10
1.5742938156217644e-10
-4.778043422770814e-10
3.105800563432662e-10
-4.4418126254514385e-10
7.107018366479702e-11
-3.3212014053629034e-10
-1.6827871092411466e-10
-3.7396563702392717e-10
-1.6040117244592228e-10
-1.8549036685205054e-10
-1.9401596474242731e-10
7.489300256998165e-11
-2.0693074590335305e-10
4.001336695518746e-11
1.947865462387207e-10
3.690513961504177e-10
-3.1102578161440856e-11
-7.674820571643454e-11
1.1045117012850448e-10
-3.123495770198844e-10
3.067644859889346e-10
1.2181214023726387e-10
2.4259439838780823e-10
-1.6580441232406163e-10
3.8216017991178633e-10
9.088100077362406e-11
4.0588461053114726e-10
-8.47163848840346e-11
3.30553427733795e-10
-2.095736921063382e-10
2.352588609455062e-10
-3.837532494924929e-10
1.0942434880538107e-10
-3.291725686545406e-10
3.100974091170438e-10
-1.0335615597535504e-10
-1.2530468834414969e-11
