[0.0, 28.0]
-1.5079953627123155
0.13554532249090168
0.0001916646413701223
-0.0007024835462895897
2.8317721630768386e-05
4.22826868627906e-06
3.90720746211994e-06
3.1754600413732563e-07
-4.2383912130526337e-07
-2.2700107687013613e-07
-2.0907810147057253e-09
4.848855550643212e-08
1.8634862486152287e-08
-5.066980265260989e-09
-4.998736167477275e-09
-6.660396762422848e-10
1.0076556777870853e-09
4.1985806378115593e-10
8.349992740952425e-11
-3.071231424875841e-10
2.8448929800972683e-10
-2.081921945425963e-10
2.916210300255617e-10
-1.2072017933237534e-10
3.33726562504723e-10
-1.5284048415972367e-10
9.617670945205548e-11
-3.106497050268581e-10
-1.5202324307921537e-10
-4.078328333492287e-10
5.211625316970309e-10
-4.038595373431725e-10
5.024458777873754e-10
5.526723116947398e-11
5.655515727484025e-10
-6.98502123846007e-11
4.510352316937821e-10
-2.1856698891854278e-10
2.0547231116878466e-11
1.8652447574062965e-10
1.1127326126711908e-10
-4.246716832976054e-11
2.016287933131656e-10
-8.425292303741894e-11
3.9813202941969345e-10
-1.2857123018238723e-10
-7.603654146891896e-11
-9.07204487868333e-11
-1.5733830726260302e-10
-3.7822165964416925e-10
1.893976095859398e-10
-4.110596435621889e-10
-2.0420868046391946e-11
9.610883826204815e-11
1.754574316035781e-10
1.5856588124699243e-10
-1.522413758289779e-10
1.7242581360674455e-10
-1.8815422541173408e-10
3.675360294296389e-10
3.931147433016621e-11
2.863486609210658e-10
1.9611261776022798e-10
1.5472062301066188e-10
2.538795596237376e-10
