[0.0, 30.0]
69.96089316317435
6.784274411728353
0.016528642813826912
-0.0024139705845056007
2.671687646031278e-05
0.00010476494909886756
4.745075179509007e-05
-1.9541661593543582e-05
-1.9860693528051414e-05
1.2393745153294763e-06
5.3439592881688295e-06
7.259653968039343e-07
-1.0669994536320917e-06
-2.542848955913064e-07
1.6403900406120416e-07
2.987131485455654e-08
-2.9706565201415802e-08
6.136627195949676e-09
1.017090800090876e-08
-3.5703223028497787e-09
-4.289055905834034e-09
4.3522752375229285e-10
1.1397867146897822e-09
2.7262464967366207e-10
-3.07270155860941e-10
5.024847082151229e-10
-3.676812850889688e-11
2.559617698433173e-10
-3.880027268690908e-10
5.46668210345312e-10
-2.6014567584782285e-10
2.9425513547109793e-10
1.9952134579365604e-10
1.5241911440058994e-10
-3.9516936515651814e-10
1.6270106139427524e-11
4.760993485243759e-11
-1.22697889299479e-10
7.689887009817932e-11
1.5550055894329e-11
1.7937418295356757e-10
3.213787395994825e-10
2.217192686454383e-10
2.976983107112198e-10
3.1543848346754335e-10
-3.5489807908248347e-10
-1.3645394317831632e-10
2.0118580735361598e-10
1.7989812643098636e-10
1.3280481140997314e-10
1.7014475019164643e-10
1.5513854672293602e-10
6.741442480317023e-11
2.1396293578710573e-10
-1.5009604916256218e-10
3.5880537006761517e-10
5.456862954244292e-11
2.037897251530942e-10
3.271114534094195e-11
1.8539350359119933e-10
-9.481389028941437e-11
7.087166607880466e-11
1.4582968712492506e-10
9.223509027577875e-11
-1.9507271008851353e-11
