[0.0, 31.0]
0.32526594013498394
0.05172380291712045
-0.0017206303909593585
0.0001417329913258475
-1.527651125225882e-05
-1.159757483470611e-05
2.606601496142772e-06
1.6700665000536919e-06
-5.636189563736533e-07
-3.008930362731866e-07
1.4077121498880847e-07
6.809723478436378e-08
-3.690137951208299e-08
-1.5766912764152864e-08
1.0416241948926462e-08
4.0874250676998076e-09
-2.7772022735438244e-09
-6.630801648803886e-10
6.483670318596187e-10
1.9641444432010753e-10
-1.1086836700462097e-10
-9.703186791065196e-11
1.3464720272048168e-10
6.528231402310514e-11
-8.185341944795212e-11
-6.50608457090989e-12
5.392287503465554e-11
1.0864659952114854e-10
-8.04109508529291e-11
-1.1931624690457887e-10
7.350974041817177e-11
3.8891899397895554e-11
3.1984970753904275e-10
2.2935734514314237e-10
-4.951902351279562e-11
3.641745972949978e-10
4.9667102973488095e-11
3.554138170482778e-10
2.6367664013654678e-11
-7.631292798695787e-12
3.9572288930198406e-10
2.5154594121182656e-10
1.9533845456443633e-10
6.317728151955809e-10
2.275463402008869e-10
1.3166300826314776e-10
2.4533395850660516e-10
5.658395400281099e-10
2.7032120431313765e-10
1.118142389016046e-10
1.5996552437767608e-10
1.7868183752838172e-10
5.637597088247203e-10
4.254196582975172e-10
9.40654822997944e-11
2.3473940687659017e-10
-4.6073743389998234e-11
1.7089842535451804e-10
2.561008835204333e-10
1.9065103199323703e-10
4.990755330195766e-10
6.356310453489756e-11
8.162990192689118e-11
3.482568166855636e-10
3.389434770938385e-11
