[0.0, 31.0]
0.5072077983354358
0.09429238003914894
-0.007324958838682905
9.668087351643616e-05
1.0766670642549512e-05
-1.7029301661581036e-05
8.252132718428119e-06
2.647989116714232e-08
-1.292762859361505e-06
4.7544425129395616e-07
1.3039100136514097e-07
-1.5877938017186536e-07
1.8410279419234894e-08
3.445463259980625e-08
-1.560322227759925e-08
-3.581316007098491e-09
4.9583964393377696e-09
-8.878805512688587e-10
-9.723003522040396e-10
5.472625203055165e-10
4.427725463282157e-10
-1.7812160989886883e-10
1.7068191035638669e-10
1.9713625278025384e-10
2.5377368530220074e-10
6.930239956155512e-11
1.8189697438643067e-10
1.7045019463881635e-10
-1.632157774186928e-11
-2.4281342598393994e-10
3.7082342985947974e-10
-8.857863491741972e-11
-1.2395037258403346e-10
-1.4305668801200233e-10
2.09858593344679e-10
1.0925133742743865e-10
-1.6683790643583692e-10
4.0026467163892866e-10
9.316618192956116e-11
3.094051203313218e-10
3.559634404501582e-11
1.3118145841799577e-10
-6.242391071031856e-11
1.358344088497888e-11
9.26704824263801e-11
-2.955619895012762e-10
3.692302986018675e-10
2.815726851445056e-10
-6.308690575969193e-11
-3.362511083750633e-11
2.0735899939917347e-10
2.876114621569171e-10
-4.888527385033523e-10
1.597508060916324e-10
-3.2726657213767176e-10
-2.2678103018992755e-10
-4.411892266681697e-10
3.389882269471927e-10
-2.745041554134074e-10
-4.1957464322178434e-11
-2.740281288151213e-10
2.226473614435716e-11
-3.6031328390916314e-10
3.0041012943407943e-10
-1.5500321964116065e-10
