[0.0, 31.0]
34.90469163519789
7.7150091200308815
-0.20500745943043494
-0.009559090121555232
-0.0001746749226698779
0.0001301562335718309
3.2372465878195235e-05
-9.493285548305472e-06
-1.3261063117869808e-05
1.3357348064132344e-06
-4.423406508579179e-07
1.3400359583131617e-07
7.637747360787892e-07
-3.8169545011165466e-07
-1.6840961932480638e-08
1.0042770619131168e-07
-5.941679554706943e-08
1.57327233169725e-08
5.498911655627759e-09
-1.5091400809259276e-08
9.70870447598923e-09
2.2917104313556835e-09
-5.790172677904344e-09
-1.0248129920038052e-10
1.9916206371707265e-09
-9.171959320698058e-10
-7.700688397701022e-10
-3.1430892268004877e-10
-1.1319480123464321e-10
-4.5077518515399174e-10
-1.1601475004842996e-10
-4.0136725519567883e-10
-3.2276822518829636e-10
-2.43356333734534e-10
8.651490180963535e-11
-4.081197810164531e-10
-1.2218285963419443e-10
-6.366862902708256e-10
-1.8145415158356789e-10
-4.410310494231627e-10
1.7013010375978643e-11
-6.100048055729301e-10
1.9566492893065044e-10
-6.597784289821852e-10
1.9405418349797116e-10
-7.466464986969561e-10
1.1517082754652059e-10
-5.084740303689632e-10
2.4025988567415664e-11
-6.445760348517559e-10
-1.877819644600115e-10
-4.384543848968873e-10
1.1194657618365978e-10
-5.273984839896875e-10
-3.0935743065109545e-10
-7.700403739123907e-11
8.061808800135444e-11
-4.827053870923119e-10
-3.0516827115096024e-10
-1.1357806823222065e-10
-6.248158986357405e-11
1.8851896833008336e-12
1.0106599638347806e-10
-1.207418728163731e-10
-1.7938055002156729e-10
