[0.0, 31.0]
115.53998913107637
6.71713034866281
-0.015248814685034208
-0.0014075146878728937
0.00011742151823454294
5.690278552620637e-05
-5.213219412393609e-05
-8.87109953778455e-06
1.9859345898275802e-05
1.078106390122252e-05
-2.854435211968623e-06
-8.04060540734097e-06
-4.37957593651167e-06
2.8489397411634956e-06
5.697737865734088e-06
1.3611159909499552e-06
-3.928219622585785e-06
-3.5043573139096692e-06
1.1713803548795133e-06
3.5653399119269954e-06
1.1379738556779398e-06
-2.26140820152003e-06
-2.2584806296154647e-06
5.216799167717356e-07
2.161580100433386e-06
8.352843154095843e-07
-1.2769947251103974e-06
-1.4411363313569395e-06
2.0354893380993572e-07
1.2945008609199178e-06
5.968095840842639e-07
-7.16773638011128e-07
-9.070185378887579e-07
4.7833897095511574e-08
7.748744409078433e-07
4.091743789218833e-07
-3.9143253964227904e-07
-5.725180396725105e-07
-1.1908912506128149e-08
4.5500395964089096e-07
2.8068126654284254e-07
-2.1579130927092874e-07
-3.5259507565333954e-07
-3.881493590626938e-08
2.709776199602557e-07
1.822377625019263e-07
-1.0992851943625632e-07
-2.2312114762961828e-07
-3.539419393511871e-08
1.5262754537911294e-07
1.245765105675168e-07
-6.1322004726637e-08
-1.3209764211498294e-07
-3.7763436910704876e-08
9.302543508308238e-08
7.430293715418948e-08
-2.562394515434364e-08
-8.800565308170719e-08
-2.3218955791372027e-08
4.4657607023159766e-08
5.399683476436654e-08
-2.168523745993562e-08
-4.684447718009593e-08
-3.214171365168241e-08
3.289766972668472e-08
