[0.0, 30.0]
0.4852306231887329
0.05289459951166003
-0.0034975913559605275
0.0001464986338344636
2.1024010419185768e-05
6.831075508186831e-06
-2.2570987624200465e-06
6.747215836346946e-08
-2.0480490070380155e-07
-6.697881315612934e-08
7.232448116920108e-08
-1.14491770579088e-08
-5.35116327510769e-09
3.0495362978866667e-09
-1.2842301030689245e-09
5.357166078916982e-10
7.00019914505169e-11
-2.116140376024226e-11
1.4797638919268926e-10
2.5241111475353514e-10
1.0898087477932866e-10
2.2043020639230805e-10
-2.6405212102818115e-11
3.960120850225395e-10
-1.0427517174468235e-10
1.2418617397035942e-10
-3.2387491466519825e-10
1.7835209114363685e-10
5.787461061336847e-12
4.443166683901513e-10
-3.6852367661634625e-10
-3.2073258451332247e-10
-3.4154533165941954e-10
3.779153320091567e-11
-3.124948744300484e-11
2.417430918232818e-11
2.6581311120922908e-11
1.8734029299442232e-10
6.579932003240614e-12
2.24262491250876e-10
2.4772637819204306e-10
2.537503836058618e-10
-5.404863100403134e-11
1.8622085911113949e-10
-1.0861230266390428e-10
3.3319164662007206e-10
1.6479602726712152e-10
3.1201852672402593e-10
-2.5814001245253783e-10
-1.9820696475972317e-10
-7.182688284147443e-11
-2.046848697564681e-10
-5.72886210784221e-10
-1.7657613493885103e-10
-1.874948433053991e-10
5.591034904606588e-11
-2.8095760874753066e-10
-1.6485594858967785e-10
-1.7462424844126972e-10
2.7118262808904437e-10
-5.58861245038902e-11
4.003258890636813e-10
3.4517651100033235e-11
9.276283173161923e-11
1.7743237911371537e-10
