[0.0, 31.0]
0.1663884666642059
0.09764037123015236
-0.004606187019490353
-0.00010236920691671406
1.7950361153723022e-05
1.301844809183069e-05
3.020437778464724e-06
-5.565836628776683e-07
-6.514244433956895e-07
-2.75104127603494e-07
8.187096725429666e-08
8.607993113919457e-08
8.391996257640169e-09
-1.4355590577594698e-08
-7.168712727300471e-09
1.4115675160057492e-10
1.955613417375948e-09
5.777114985100871e-10
-7.084169541331058e-10
-2.1947881082428747e-10
-1.4075339871293292e-10
-1.3841622712116606e-10
-1.699991225531485e-10
-3.3389872854493547e-10
-3.8416523474048346e-10
1.7724840538194167e-11
-3.122417404243408e-10
1.0287859970169252e-10
-5.259981708208534e-11
-1.3387856720565865e-10
-3.0083218823939623e-10
1.6908958079201871e-10
5.824667244647766e-11
-4.652076488641657e-11
7.931570952707397e-12
-1.203316386839354e-10
-1.3953507832222012e-10
-8.760485536889881e-11
-1.8405118973414793e-10
-1.9201181193916625e-10
-1.2817071804217943e-10
-1.1692062596823358e-10
4.004585658016626e-11
4.196495778573671e-11
-6.486601280947908e-12
-2.1650109751971547e-10
-9.289387402425525e-11
-3.833174782986152e-12
5.857130329979687e-11
-2.4679234510809507e-10
1.4408482856547248e-10
-3.0095528283628763e-10
1.7522742412121723e-10
-3.0496660175805357e-10
-2.2155243443287217e-10
-1.7581189259892355e-10
-1.7618522157008324e-11
-4.894958365238828e-10
9.905323944934087e-11
-4.3019532748438143e-10
1.7178885025156654e-10
6.324450370849814e-11
1.5007301034289624e-10
1.0774697864654353e-12
5.415797540480909e-10
