[0.0, 31.0]
91.47826538837674
3.0682556302340345
0.27921209088267257
-0.01309797479648223
0.00013588037002098982
-9.36328084034731e-05
-5.31521565342608e-06
1.2960213334478732e-05
1.5146699837789355e-05
1.0507137637800324e-06
-5.7254823030260864e-06
-2.137143359501341e-06
1.463877260621365e-06
1.2386830498041863e-06
-1.9119234823400664e-07
-5.185592265699871e-07
-6.71577846650277e-08
1.7370722199549883e-07
6.834235449785022e-08
-4.563889099699459e-08
-3.6789885495787674e-08
7.458127379165505e-09
1.491118339056145e-08
1.0340924505183367e-09
-5.411995146604724e-09
-1.7964452258954547e-09
1.103383139649161e-09
8.537372561364519e-10
-3.547210980968855e-10
-5.461936729551218e-10
-4.251619445587072e-10
4.828342770132533e-10
-4.805665177868337e-10
3.105461481800215e-10
-9.585154476225497e-10
3.736049004555144e-10
-2.5460365024303973e-10
4.0705109410106775e-10
-7.207743873375586e-10
2.1186576675376638e-10
-2.1285706627832774e-10
2.0028575940215208e-10
-1.83484194286769e-10
5.031322112540619e-10
4.828610384841071e-11
3.285125365902837e-11
-2.4036997586934176e-10
6.661543378606806e-10
-1.9028034322142667e-10
1.1351337592741728e-10
-4.273497448724443e-10
4.798889069136171e-10
-3.48633223457648e-10
-2.1937737973424143e-10
-2.0575558984755562e-10
2.0458159002434908e-10
-4.646797729578833e-10
-2.8524453417150823e-10
-3.3676956030128913e-10
-2.2529669342328583e-10
-3.9248907868858304e-10
-4.496614476692148e-10
-2.894495396288525e-10
-1.819703296373889e-10
-6.14006670298596e-10
