[0.0, 31.0]
283.6067423570384
-3.1855595788093134
0.19309010295037296
0.07046495717725633
-0.002874884339750402
-0.0009217816588242892
4.803841919242654e-05
1.9531453176324e-05
1.3626798253220216e-05
3.2054923635674994e-06
1.487486060449689e-06
2.9799836224050537e-08
-9.882748135270037e-07
-3.083987653860328e-07
-1.2758277500130504e-08
4.94276005394193e-08
3.63857557044428e-08
1.202860309502743e-08
4.4880605900574145e-09
-3.328704930081176e-09
-3.0184395075765257e-09
-9.32885794580335e-10
2.938567038075625e-11
1.5040807016922842e-10
-6.800828220270247e-11
-4.151742199695337e-10
3.050854841885741e-11
-1.7671929884838483e-10
-2.894003700930604e-10
2.5444480869516087e-10
1.875365197044927e-10
-3.5165012743469334e-10
-6.452021645097552e-11
1.051519469387393e-11
-3.2512574716719466e-10
3.5338452004244987e-10
7.769691941168658e-11
4.914674752434497e-10
-4.496531527229651e-11
2.0518690482108462e-10
6.050884399716532e-10
3.0643505319799037e-10
2.3386630016927315e-10
1.968383720028755e-11
1.1161144306512034e-10
-1.6142720461910518e-10
1.5256490461029662e-10
1.8945243449957612e-10
5.010934880651821e-10
4.614736463903779e-10
1.1191580591954913e-11
-1.923316657732775e-11
-9.54894398306151e-11
-3.3536613477475386e-10
1.9159304602438652e-10
-1.9471855238870493e-10
4.1697508930162287e-10
-1.1126816834496577e-10
2.910925611897626e-10
-3.655444503607977e-10
4.2876673851201547e-10
-5.506088515173195e-10
-1.4467994398812285e-10
-5.032845509525124e-10
-2.7835548276516003e-10
