[0.0, 30.0]
-0.5910275010048434
-0.04797876435102046
4.057869944277027e-05
-8.041343778369327e-05
7.673614963708313e-06
6.331367786735119e-06
-2.6558777013012617e-07
-2.676938449061968e-07
-1.646276647752466e-07
-1.060622338076839e-08
1.3170433899285715e-08
-3.1615461174675346e-09
2.313526994633855e-09
1.2978610366759445e-09
2.3326660776483655e-10
-1.1109554042922823e-10
4.871730738475686e-11
-1.9187683823868445e-10
5.132326228325081e-11
-9.564409477501743e-11
-5.50914837381355e-11
4.271936930904815e-11
-1.8174620712688633e-10
7.479256747639594e-11
5.6133366560306526e-11
1.0355385553449678e-10
1.8811470458991847e-10
-2.0101595186471255e-11
2.0307516110902158e-10
-9.382802521935199e-11
6.578911431642333e-11
-6.346373645279592e-11
-2.044659187711798e-10
-1.0345662721395288e-12
-3.7941714636129596e-11
1.4617098609460094e-10
-1.0287193627752139e-11
1.4344751056931052e-10
7.452235517543193e-11
1.0123746928602504e-11
1.2321387566601977e-10
8.345923270212394e-14
4.5745944304319665e-11
-1.7213306501986085e-10
6.296875327921207e-12
-2.7798110073905666e-10
5.14705997710308e-11
-2.441852179202918e-10
1.6672689138997536e-10
-2.074203860558445e-10
3.285209280288733e-10
-2.222495079394042e-10
3.896861379534398e-10
-2.925005388732485e-10
3.2983394365820353e-10
-3.8644754780441216e-10
8.593650122381719e-11
-2.2902893034814724e-10
3.051905327953643e-11
-3.41204081953023e-10
1.3438685479120818e-10
-2.9533359379139885e-10
2.728726926264748e-10
-3.081199199040998e-10
2.756588938912705e-10
