[0.0, 30.0]
-0.48508481313690266
0.030296300300151936
-0.00045283418052209244
1.3758559127663273e-05
1.4817483391944634e-05
4.127557339003546e-06
-3.503218621498691e-06
4.6188813448225177e-07
2.0046645053430283e-07
2.2447860621276543e-08
-1.6021270617381177e-07
9.43618836234318e-08
-1.8174792533222744e-08
1.896009658221629e-09
-7.475268161243511e-09
7.391651146900224e-09
-3.0293908865906813e-09
5.825939327363096e-10
-1.1412400657567782e-10
4.5046993043777706e-10
-2.459948990169453e-10
-1.2524676606433153e-10
3.0484787789180645e-10
-1.7962833479209467e-10
2.2840168072343037e-10
2.3102884951608985e-11
9.914272810488676e-11
-1.3057896123841617e-10
3.803005426029614e-10
-1.8114131218950655e-10
1.990208462695442e-10
-3.427522320462212e-11
1.3425676505549722e-10
-1.6037545416846641e-10
2.3502550520338107e-10
-2.479055340721889e-10
1.9064567248879774e-10
-2.2985347528511903e-11
2.0071762091075357e-10
1.3226796865586716e-11
2.9924526272412895e-10
-2.555068748543997e-10
2.1036150426668962e-10
-3.040532721632438e-10
1.1618162008634721e-10
1.5772349865761243e-10
-2.5209377783986057e-11
-1.6726535914157713e-10
1.226478457304978e-10
-2.214748713314983e-10
7.26924069907199e-12
1.8898789735428392e-10
-6.513422945888309e-11
4.024764370427954e-11
-6.541808019948198e-11
1.1005026331279735e-11
-1.4649945522104007e-10
3.516995397528953e-11
2.4610337892459222e-11
-1.9860479907357027e-10
3.587195666662962e-10
-9.644550660325307e-11
-7.934484878883313e-11
-3.804988076043149e-11
-2.0814573972447642e-10
