[0.0, 28.0]
218.4164179110795
2.1730241044580376
-0.27973993531049546
-0.0102574885651339
5.760501558859231e-05
-7.515374616569504e-05
-2.5802604968378015e-06
1.2888131057677608e-05
1.042209757758345e-06
-6.845438689344345e-07
-8.832877897778873e-07
-5.314706730999088e-07
-8.69358668687351e-08
1.3926477274804036e-07
1.113156049772105e-07
2.0909431229091642e-08
-1.3049655427675315e-08
-1.3192157185657546e-08
-5.6553935979714195e-09
-4.708819591202279e-10
1.27221390347864e-09
6.20298763396049e-10
8.049450311776482e-10
-1.0689940023805062e-09
-7.333644232041824e-11
-5.655937016147702e-10
2.6175404193885646e-10
-3.1493458512421174e-10
1.691337196610109e-10
-5.144804060024061e-10
1.343187119580202e-10
-5.519047631041621e-10
-6.840795441255245e-11
-4.903347382620257e-10
-1.8074899511143704e-10
-3.0533315414559585e-10
1.0321365422182998e-10
-3.879788761243981e-11
1.222442139183613e-11
-3.2758694133664686e-10
-2.4697412555660856e-11
-3.185495309621859e-10
-4.507458932250497e-10
-1.0476492751397288e-10
2.2167742970032583e-10
-6.940167489390813e-11
-1.8415746619034034e-10
-3.2861371762249365e-12
-3.5596737265417813e-10
-2.9633806847053606e-11
-1.2445670634356655e-10
1.8849166676706478e-10
-5.974416922672926e-11
2.5940792313864003e-10
1.8634556702669212e-10
4.713959485252147e-10
1.0352768902281711e-10
5.716475396972395e-10
-1.4240945441065246e-10
9.960573707430452e-11
-5.702504098453344e-10
2.4555711464277724e-10
-2.842755475775026e-10
1.4530424146943174e-10
-1.534830674287915e-11
