[0.0, 30.0]
40.64526720798535
8.673344861775895
-0.09530087324010653
-0.002462160324471676
-0.00025067669724975985
7.870241338832256e-06
-1.6538371683808826e-05
1.4043660276622053e-05
9.601746513640312e-06
-2.9222493785773448e-06
4.918827068989499e-07
-3.1864130746284e-08
-7.511880980075631e-07
1.3848757188109457e-07
1.287400776118092e-07
-4.378454626549318e-08
1.8241851618021583e-08
7.601955046760526e-09
-1.4330817206533533e-08
2.3636015153367045e-10
2.9730688938457196e-09
-1.2707533488059088e-09
-1.9093334633441714e-10
5.391130415992988e-10
-5.045775265955002e-10
4.765948249052942e-11
-5.872176714773251e-10
3.497984425710966e-10
-2.8019111891058495e-10
-1.578050883354812e-10
-3.956553580809562e-10
-3.630162401111974e-11
-5.927667916581718e-11
5.938699293872621e-11
-3.082844702391337e-10
6.180497698123824e-11
-5.407928746858317e-11
1.4298734426985096e-10
6.986345925108732e-11
3.953124056397975e-10
1.1255304606356684e-10
1.7366238990662234e-10
4.5762555972100694e-10
2.747264196302508e-10
-1.0604208699841776e-10
6.261114379575386e-11
1.7057758205505575e-10
-1.1252958334470698e-10
-1.3727673537141043e-10
4.261922383760478e-10
-1.6777455917283668e-10
3.8024434823750364e-10
-6.075362575086092e-10
4.5527266603682825e-10
-4.414135331210421e-10
1.5107358995910672e-11
-5.220135425571151e-10
-1.6948650819209393e-10
-2.5807165211701904e-10
-2.2193460165775716e-10
-2.7795681694176246e-10
-9.643532762342194e-11
-5.189192085554446e-10
-1.2608393818859804e-10
-2.6064229637867473e-11
