[0.0, 30.0]
1.0046411990259492
-0.04567924398409266
-0.00042347399911794203
-5.4274315056808146e-05
-3.59220056200972e-05
9.14631442108121e-06
5.053567088328962e-06
-1.3065764459684455e-06
-5.976473000610307e-07
1.9297468157697537e-07
5.289838200335593e-08
-2.6614111820720962e-08
2.801071647010239e-09
2.413878098736141e-09
-2.9043086820623976e-09
-4.2595151375881083e-10
8.408055787613698e-10
-2.878183346275306e-10
-4.1418339062271006e-10
-3.231460791130955e-10
6.080738327173571e-10
6.727705925799796e-11
-3.1552231207858304e-10
-3.0098124137139263e-10
1.7723877621248033e-10
-3.086561788453413e-10
-6.550366144171194e-10
1.5915013092626074e-10
-6.49487684966933e-11
-1.4543317389160353e-10
-5.220486016642552e-10
4.5672802450869807e-10
8.794282100908539e-11
-7.861553275187472e-11
-2.299779516128777e-11
4.0605942834525185e-10
-2.708717626559525e-10
-3.611669496047914e-10
-1.0378310398734718e-10
3.847600785638384e-10
-2.779102463689213e-10
-4.312720214511064e-11
2.0283273490177287e-10
1.992453171718912e-10
-2.604041587051545e-10
-2.164376541843922e-10
4.2951698186726e-10
-2.8443704386270154e-10
-3.4627190097775206e-10
-1.5260897148266566e-10
3.956434462576741e-10
-2.3413587502831926e-10
-1.2565654503183882e-11
-1.3717401955822486e-11
1.6849532845589742e-10
-5.323256988481338e-10
-1.0020063262775135e-10
1.3295377882110493e-10
3.725760290903505e-11
-5.405329081663307e-10
1.0680846570625425e-10
3.9122394838137514e-10
-1.4719586315858067e-10
-3.9917092332857916e-11
3.6341039663890576e-10
