[0.0, 30.0]
-2.857931616247901
0.41608227251145674
-0.007490485682373455
-0.0010052371195836457
0.0001339327906447889
-1.7736027026252036e-05
-1.826753652584424e-06
1.3329533381839746e-06
5.230673572240499e-07
-4.847718856188674e-08
-1.2021663027580659e-07
-3.142735738981337e-08
1.880048542615143e-08
1.3777686100811349e-08
6.89880632850704e-11
-3.256346640802884e-09
-6.307459820881336e-10
7.258752141783634e-10
6.162861866582283e-10
-3.6154165435503606e-10
2.6654736208866646e-10
-2.044224028400854e-11
3.744384294327541e-10
-1.190531944325535e-10
-2.5294535000920366e-11
-1.595078064504211e-10
9.852674863581334e-11
1.973180580724311e-11
2.9998747203590486e-10
-8.448557237817032e-11
2.9241774804296953e-10
-1.1267921457397219e-10
1.5971208831343766e-10
-2.388927938500864e-10
4.102936119804367e-10
3.4596083555789146e-10
5.01386365230024e-10
4.5228372994399024e-10
2.5633624121900544e-10
1.45020922884475e-10
1.8713428462290096e-10
4.1337610766119646e-10
-1.5924431302979408e-10
-1.0538095394784606e-11
-6.792997264866652e-11
1.1778336530053449e-11
1.471302475059927e-11
-1.6234708778046542e-10
-1.424718683642461e-10
-4.394447238764452e-10
4.710111627271982e-11
-5.143305675868856e-10
-1.5832538566820033e-10
-2.624084239894639e-10
1.0822113220112931e-10
-2.96538863022901e-10
-2.2126099937881417e-10
-2.798655633088023e-10
-3.282258501213356e-11
8.60957790406017e-11
1.8219983757345284e-10
5.030208371950947e-12
-1.1185860298066323e-11
1.4024606329053508e-10
2.410711595175485e-10
