[0.0, 31.0]
167.6834272929143
-3.293605462163187
0.09131083376266727
0.03582880963767027
-0.0008301304258380493
-0.00038074902753487943
-4.217072362067457e-05
4.314738652928082e-05
1.5477038844435167e-05
-1.2856195712978776e-05
-3.285939658693194e-06
4.038071492686162e-06
5.966598210192718e-07
-1.0807189906901565e-06
-1.337326102686559e-07
2.6989125902096936e-07
4.6178457404953404e-08
-7.318747976868596e-08
-1.8404380178158404e-08
2.1321492666851607e-08
6.235570631982649e-09
-6.231554136584623e-09
-1.8370555545877603e-09
2.2097295944441912e-09
3.722571604680561e-10
-7.484481395358637e-10
-1.535838291774939e-10
4.118736398285244e-10
1.606748853139574e-10
1.230311488346878e-11
-1.9623327369960177e-12
1.4086224429563698e-10
5.582498823702086e-10
1.8043719453652268e-10
4.173421694934922e-10
-1.7123999736884672e-10
6.584651323834626e-10
1.6856034294098424e-10
5.274806693003325e-10
6.853951288886916e-11
2.98420005170141e-10
2.3114681895123073e-10
-1.0313719580582263e-11
1.4179398669223377e-10
-1.3780056954391059e-10
1.8300370139885863e-10
3.356234229576657e-10
5.89150054978434e-10
-3.442836814801292e-11
6.408346739823214e-10
3.7613447561108785e-10
3.841378503310364e-10
-1.4578277574677304e-10
4.3413471742163395e-10
-1.796606881208759e-10
6.7835663688653e-11
-1.2589658217303528e-10
3.763010737780602e-10
-2.1367920029352796e-11
3.3800203423305787e-10
-5.928121354818676e-10
2.79259490411051e-10
-5.373176440069409e-10
3.906347462781778e-10
-1.7870443053294626e-10
