[0.0, 31.0]
224.06729265084178
6.040864081812857
0.04195405159990239
-0.0021455780144670716
0.00012186676369818804
-0.00010447773590040514
-7.704590426822094e-07
4.4586055871247756e-05
-5.338705498003388e-06
-1.7160667868050267e-05
2.1173128135270724e-06
6.364584752142796e-06
-6.249320613703751e-07
-2.415700776608419e-06
1.3227157798024506e-07
9.133314971373539e-07
7.352333852808814e-11
-3.352322538598917e-07
-1.9526248849346444e-08
1.1561350281093942e-07
1.2111789216928868e-08
-3.5378583876332106e-08
-5.0418839002878075e-09
9.908261247757399e-09
1.517015774439588e-09
-2.31067804595048e-09
-5.282630756477036e-10
2.383240013977922e-10
1.79592537704257e-10
-2.1495881492375248e-10
5.680325016613013e-12
1.9382129735784092e-10
1.829578703050464e-10
1.012029148433035e-10
2.6619075580641646e-10
3.877707164505929e-10
1.2769684115772234e-10
3.090581402533393e-11
1.0831626823895831e-10
8.968352487842966e-13
1.4816162414441887e-10
-2.0701072225345246e-10
2.0135662808474652e-10
-9.709320372005499e-11
1.3562184425516782e-10
1.961995162525907e-10
-1.447995766180698e-10
3.890382997181311e-10
1.9924916810809737e-11
5.650200498983529e-11
2.5008094503228455e-10
-8.40180184493706e-12
-4.9354667506633374e-11
1.707396586736414e-10
-1.4138344753072036e-10
3.758847551844676e-10
1.2730769085600325e-10
2.6675739947202087e-10
3.3783378046567984e-11
1.5657890321528193e-10
5.3085504465539385e-11
-1.454774888512593e-10
1.1201467473273545e-10
-1.0829513040418853e-10
1.2534482937175212e-10
