[0.0, 30.0]
0.14584477559852213
0.12659847393866408
0.0006441182152407931
6.617470139848792e-05
5.1128089228797855e-06
7.393648071011839e-06
-9.063344089073287e-07
-9.045991604142292e-07
1.7041165471901617e-07
1.1614589065115832e-07
-1.9751907181589048e-08
-1.6597820848031595e-08
-1.4661208079162954e-10
3.091985713085173e-09
9.213521815048532e-10
-4.051863044091605e-10
-1.27088565992614e-10
2.929150541126501e-10
2.8536876867507097e-10
2.2178730817862235e-10
1.8941191930325462e-10
-1.6328859700405665e-10
-1.6310753353313605e-11
6.441387943525204e-12
2.550079798578794e-10
-7.81626289965371e-11
6.739135842597117e-11
9.48631474131526e-11
1.392000204266108e-10
2.0904749188698347e-10
1.6193266588575313e-10
2.720907512398133e-10
6.354278077188784e-11
1.2887373493364983e-10
2.4057506286408845e-10
2.936380616028639e-10
3.8480320369752623e-10
-4.479746586016071e-11
1.6291243303915037e-10
1.027547821516713e-10
1.5483305844623382e-10
-6.372153599419179e-11
-9.351680295539226e-12
1.099243441579566e-10
1.342756568030824e-10
1.325474644613125e-10
2.4318259288926174e-10
1.902037001789814e-10
1.1617003118675511e-10
1.314309217271246e-10
3.2281614653932245e-10
1.7357963762461106e-10
2.0656670855066629e-10
-1.63905804341551e-10
4.0611977473141436e-11
-3.56164589057487e-12
1.1895076038758438e-10
-2.2255022265083013e-10
-1.0899025260095234e-10
1.1579959978813523e-11
-2.2033126950211787e-10
5.824682258736761e-11
-1.170715991060382e-10
1.194597348573258e-10
-1.069703289044659e-10
