[0.0, 31.0]
140.60303490198913
6.019542872045911
-0.008301446325517828
-0.0017194821478099716
0.0001274146041856358
1.4049450012934049e-05
-3.7623042856714754e-06
-3.315848676540237e-05
-1.0966617138135386e-05
8.611543312493715e-06
6.2380698863657995e-06
-8.451077387537878e-07
-1.7339839163557072e-06
1.3410759859259491e-07
-1.259816451552789e-07
-2.342589648079383e-07
4.819629522203208e-07
1.5740861430696358e-07
-3.803188699983946e-07
-2.4025633624870798e-08
2.2414916735419826e-07
-5.885752320878498e-08
-1.05785196141643e-07
7.706204776184942e-08
3.29314729753275e-08
-6.285385051789597e-08
4.235767821713948e-09
3.748649252901964e-08
-1.7250877882130602e-08
-1.747122461529787e-08
1.7668378268162486e-08
4.305032594097988e-09
-1.2860441815707697e-08
2.20176986623734e-09
7.063480635900193e-09
-4.29883943187895e-09
-2.859461893118885e-09
3.7853723130992645e-09
5.0970422066097e-10
-2.3260330570268354e-09
1.0514268333119142e-09
1.276142175439084e-09
-9.231157145825415e-10
-6.621554955768361e-10
5.957314506898365e-10
-2.0515233308960292e-10
-3.216634494805944e-10
-3.5232604289352623e-10
5.830540324373092e-10
-8.296864346384048e-10
8.122480763923664e-11
-2.2324955413048094e-10
2.2231925618734452e-10
-4.800309249175565e-10
2.3217961414709664e-10
-2.4370774564963877e-10
2.4254708390951487e-10
-3.4399865328117117e-10
2.882921820657313e-10
-4.686691259310895e-10
-8.618297272071412e-11
-2.998863611552916e-10
-1.6910089958640245e-10
-8.088005285667339e-11
1.5487778190243178e-11
