[0.0, 30.0]
108.2437984543492
3.474335937668385
0.18638304875785008
-0.007920048472181425
6.203598243684127e-05
-8.131946019942819e-05
-1.4474746463243221e-05
2.32187430869618e-05
1.5192826679658712e-05
-7.529083948036251e-06
-5.390834435882588e-06
2.069940572984897e-06
1.5765444653043098e-06
-3.9438974612551954e-07
-4.349091109222848e-07
2.216589340906305e-08
1.1674697306386418e-07
2.3542465019343562e-08
-2.9472160874731096e-08
-1.4318740366364974e-08
6.920766979315025e-09
5.2033598358437105e-09
-1.3731597286648406e-09
-1.8623079983534446e-09
2.9584532663491103e-10
2.597540506751304e-10
-1.6229465488534583e-10
-1.379198238750435e-10
1.5127685293419105e-11
2.2536078462565028e-10
-1.973650464808006e-10
-3.639689830604903e-10
2.3046555125101967e-10
3.7691957106395255e-12
1.8091868655444188e-10
2.060120268963961e-11
3.192416862366396e-10
2.299036991219587e-10
1.2395661709995775e-11
2.460349670252738e-10
-5.937346607503198e-11
1.961536515474832e-10
-1.7001393649553848e-10
2.338050207429794e-10
-2.0803809991812037e-10
4.437703371717847e-10
-1.18235832725914e-10
6.842553811818453e-11
-1.1231166126256525e-10
2.575392384893931e-10
4.044525206362872e-11
2.439121995196293e-10
-2.1603600805204872e-10
-3.3891724413928376e-10
2.1153662985613352e-10
-1.949471399116639e-10
1.7475083571822168e-10
7.542314711980235e-11
2.792675259245914e-10
2.8386581587605137e-10
-2.03763323337578e-10
1.4577557502873925e-10
3.086080821827423e-11
5.246926109558572e-10
1.5483267857538007e-10
