[0.0, 31.0]
169.64448853162688
5.600467218210991
-0.055753752109724566
-0.003546122133665308
3.628005155606206e-05
4.021363804872889e-05
4.070685398976771e-05
-2.112873368705167e-06
-1.5337835818325683e-05
-4.177210446983699e-06
-4.954190234677246e-07
1.1443324277218038e-06
7.630633620821704e-07
2.378290767033812e-07
2.266085756317648e-09
-1.1543334899390643e-07
-6.928835628600446e-08
-1.3976761021323348e-08
1.4958511236781292e-08
1.2655688800663076e-08
3.912725896063441e-09
5.210114497890204e-10
-3.5041015531588088e-09
-1.525614291944107e-09
1.7286124087579621e-09
1.0587773595775628e-09
-1.4327432952505033e-10
2.761094013946551e-10
3.0966992799530455e-10
9.06490811295113e-11
8.360996629337505e-11
5.071527791417077e-10
2.8065838484773623e-11
-9.040789809856583e-12
1.1237679339587598e-10
1.5738538013211386e-10
9.328138411270093e-11
1.6995008588311592e-10
2.9671502284742035e-10
1.4565473415503005e-10
-3.4267496903993776e-10
2.4766737314955827e-10
5.3542723526218396e-11
2.9442291764249595e-10
1.1515967184591817e-10
5.419832929781061e-10
-2.66423976356381e-10
3.05721457646599e-10
-1.1234634155227805e-10
6.428246059882057e-10
-2.8761393770988174e-10
6.754475545673822e-10
3.4246557844293746e-10
3.4611658841884343e-10
2.4258488136138345e-10
4.2413992184780393e-10
2.126789933106339e-11
1.641036635378433e-10
5.525650253621896e-11
1.3602538112504674e-10
1.2313723059472582e-10
1.751620224168747e-10
1.8611193207421653e-10
4.721844778362095e-10
2.6878755493709015e-10
