[0.0, 31.0]
247.56637944248044
5.788304043730139
0.08849023345948293
-0.0034886036407069374
0.00028493944994696126
-4.507608918523921e-05
-3.6385295428907234e-05
1.939015564251177e-05
1.0318348491069725e-05
-3.560864709746035e-06
-4.500355515205866e-06
-4.098937498724227e-07
1.5968512145488985e-06
5.52514685983316e-07
-3.8486157107928504e-07
-2.7247482234299734e-07
3.498621909598192e-08
1.0451545402911341e-07
2.361493333591848e-08
-3.3676396724046844e-08
-1.7388361758853974e-08
8.8934446034343e-09
6.893995773615914e-09
-2.7555000022477982e-09
-2.008845663258459e-09
2.427304300484026e-10
6.293506795302277e-10
-7.391081346254909e-11
3.669039465102677e-12
-3.2391592116990783e-10
-1.912998262713968e-10
-4.4411361881926293e-10
2.4539446030714776e-10
-3.614075635213128e-11
4.676036389363976e-12
-1.2935846631785254e-10
-1.5135901518086184e-10
-5.94082021474771e-11
-5.994015063036389e-11
3.1529104476730967e-11
-1.0492345704008122e-12
-2.9849801736115367e-12
-2.1832975172791532e-10
-1.0489828937471697e-10
-4.7345039873492267e-11
-6.305756199996501e-11
-2.6368859928623284e-10
-3.2531577245026743e-10
6.932852375451775e-11
-7.789638785538233e-10
-3.399594563515704e-10
-3.0605131079012e-10
-7.187433855897259e-11
-3.7182131828524937e-10
1.7264443218575104e-10
6.578910238879012e-11
4.4503222657243865e-10
-1.4545659953127206e-11
1.4163488149229409e-10
1.9643542729551282e-11
-3.34718658268154e-11
-1.4716945760527588e-10
3.311909210375565e-10
-1.0467822216098691e-10
7.527355836272848e-11
