[0.0, 31.0]
2.41452445652341
0.10918332897202729
0.004912049713005399
1.1678135115043871e-05
-1.220476737588273e-05
-5.60424662323875e-06
6.758498713984955e-08
6.454629683933864e-08
-2.6282511430192047e-08
4.2130618988787795e-08
9.691301379773428e-09
4.862978365505698e-09
-1.0884695240966372e-09
-1.6584262509450078e-09
-1.1344455592090165e-10
2.289134104444529e-10
-1.120419177030745e-10
5.513897093123705e-11
1.826850063107147e-10
1.77556517644405e-10
1.4093803280147133e-10
1.5665978054871246e-10
-1.1360044231608366e-10
1.602210503595726e-10
-1.6559712666956529e-10
5.839968602868622e-11
2.660459975600082e-10
1.9798962262701648e-10
-9.985687889625853e-11
7.302883612815198e-12
1.4533791676943105e-10
2.749805708242044e-10
2.80785595591109e-10
2.8298606480050906e-11
2.555258397930122e-10
2.1684762922496885e-10
-7.83915681764862e-11
-6.107229075087817e-12
1.3626468001885412e-10
1.3546789968416754e-11
1.0926957295780874e-10
1.4591620463486617e-10
1.7521767998111554e-11
-1.667770213164136e-11
4.3128895145743097e-10
-8.366243856241648e-11
2.6184695692406136e-10
1.0740381163626903e-10
2.723096267634782e-10
9.447375916354519e-11
3.318502594898487e-10
-2.926187341899193e-10
5.608060465374193e-10
2.7516540466392704e-11
-7.616246504353544e-11
2.489198709656882e-11
7.981520990017639e-11
1.181699987874598e-10
6.53580509916101e-11
1.2796461464010054e-10
7.969077222270864e-11
1.8453244809247944e-10
-2.9565728193567266e-10
-2.366125059129221e-10
3.020448897454669e-10
