[0.0, 31.0]
64.37901760967917
-2.8825988630922623
0.2584510901272611
0.03239086947495611
-0.0020744639773322042
-0.00018016844885728318
-5.89946522893056e-05
3.311307818409244e-05
5.626836279654069e-06
-6.318798816633455e-06
2.8615273172917096e-06
-1.775865672338972e-07
-1.4236735951973657e-06
3.8979722255357075e-07
2.553227624231884e-07
-1.1246772094663856e-07
2.2196605363465193e-08
1.7886992532548005e-08
-2.6654345166492497e-08
2.233244158234633e-09
7.972936671969188e-09
-1.2397346585481978e-09
-1.1890027395751581e-09
1.3329059927980195e-09
3.38740230994399e-10
4.4997724824823695e-10
5.593083512313974e-10
7.8745980866161e-10
-1.1166979900575404e-10
7.131657722676782e-10
9.95316405619121e-11
6.857875041204682e-10
2.1975752162175686e-10
7.004524733830055e-10
2.160768780725559e-10
6.378418029664787e-10
2.044841772860473e-10
4.993769586384399e-10
3.5101689286042064e-10
5.678146983436057e-10
4.832907607004904e-10
6.982826191678976e-10
6.441110648544187e-10
5.317966115661625e-10
5.632114264260749e-10
6.587081845296887e-10
4.334855423499173e-10
3.2067369415589337e-10
2.439241515414748e-10
3.3119372606857303e-10
6.356126043063098e-11
3.048228614127995e-10
2.745775367058078e-10
3.076040940827912e-10
-2.3212170854992055e-10
1.1021986010207878e-10
-1.128180666728884e-11
3.245695878149557e-10
3.983396621574284e-10
6.006800934883949e-10
2.5584461862917894e-10
3.7564065940006384e-10
-5.104887567869547e-11
3.8436475982946515e-10
-2.1867205270096906e-10
