[0.0, 31.0]
1.6252895461991435
-0.2571740489690308
-0.008394286451307792
0.001591202841352552
-7.798045147625171e-06
-2.0819672946121663e-05
1.613837928601459e-06
3.849785251667506e-07
-3.014214131873933e-07
6.137043740396021e-08
3.934777738557316e-08
4.004023579065215e-10
-2.5474867518614455e-09
-1.0066317968519245e-09
2.909010323025582e-10
-3.23000209385642e-10
-6.387308427909051e-10
-1.9300855103168002e-10
-2.4703872982075403e-10
-1.0964167017789265e-10
-8.143429723065845e-11
3.147544525369988e-10
-5.155959677494525e-10
3.085321548780273e-11
-3.7336994361117904e-11
2.1263511196167367e-10
-3.5599734677307547e-10
-3.510426022970483e-10
-1.497058824020248e-10
-2.1140958305363896e-10
1.5340742208841554e-10
-1.1502237686886565e-10
5.013967772114479e-10
-2.1970640737652464e-10
5.963017244921024e-10
-3.621097584995838e-10
2.8440906978374164e-10
-5.201301728150908e-10
2.177835710875121e-10
-3.6087099472194246e-10
3.0189382891698595e-10
-1.1718836281044353e-10
4.5604489769512747e-10
-1.5631989752611626e-10
5.215971693722485e-10
-2.688340345633969e-10
4.1565830302540515e-10
-3.3560984551125725e-10
-2.0653441877138664e-11
-4.996155994313695e-10
1.3156814543588655e-10
-6.306846722357922e-10
4.3554400879762397e-10
-3.5273498219238497e-10
3.4241249003621075e-10
-7.586001514169059e-10
3.7871165082629924e-10
-5.7026779631346e-10
3.155929178660612e-10
-8.38780032773843e-10
-4.333654269774e-11
-5.499408341181595e-10
3.3620718812517634e-10
-2.3548715779007925e-10
1.3475026689081286e-10
