[0.0, 28.0]
185.94895999341605
-1.3720900527360067
-0.2845514259596095
0.006289011403838589
0.0011401096546142105
9.192556238275365e-05
-2.3978130589287214e-05
3.0499791649454156e-06
7.2716621451287825e-06
-3.2666662283400205e-06
-6.752284370948786e-08
8.20841150393204e-07
-1.6938097918697355e-07
-1.0083408355079131e-07
2.4012631647733062e-08
8.000558571217936e-09
-1.4883497327823953e-10
6.547494773987112e-10
-1.0022642512766477e-09
-2.299521959514222e-09
2.128565173328737e-10
1.48556956901452e-09
1.8127825309418132e-10
-7.881378506825985e-10
7.197663875105821e-11
-6.049626936942951e-11
8.822931948492326e-11
-3.4396227354830885e-10
1.389828957574544e-10
-1.7601510000764963e-10
4.7454690112192e-12
-3.648546126139739e-11
1.8474130513895977e-11
1.6120390228961893e-10
1.9541694246460444e-10
-6.697610862826942e-11
1.0131723291529406e-10
-2.53146605243547e-10
1.8584190852840348e-10
-3.228276706179126e-10
2.0947058791777996e-10
-2.5128634805887495e-10
3.207082856252841e-11
4.016303964836286e-10
-1.1771766894244278e-10
2.66876296455405e-10
-1.453808594852469e-10
5.463489905612952e-10
1.9379150300720092e-11
5.921351621523467e-10
6.4449173275561376e-12
5.86658368975393e-10
-1.6510588029179614e-10
1.7264601583742966e-10
-1.2996268123850835e-10
1.3866190059559925e-10
-4.3682159196578875e-11
-1.1066930423289843e-11
1.7803088467604548e-10
6.567532234111679e-11
-5.036448705214296e-11
-4.0280775589046557e-10
-1.3509278233087006e-10
-3.6305573834799126e-11
4.12367516213475e-12
