[0.0, 31.0]
333.7972526955457
5.543992969283868
0.15245675989590818
-0.007298173303882221
-2.3583200102845932e-05
0.00011038893642292819
3.5787201195164764e-05
-4.8539163263536016e-05
-5.269528806789638e-06
1.8283414881067517e-05
4.736616007692255e-07
-6.6107844068980996e-06
2.8020969465923515e-07
2.4282786522712434e-06
-2.655961595775471e-07
-8.862364259393094e-07
1.591662230605226e-07
3.1510922636959146e-07
-7.916071469730377e-08
-1.0541639614650244e-07
3.24391969630784e-08
3.231811332253683e-08
-1.09700655621158e-08
-8.36647534628877e-09
2.7940632038177665e-09
1.998195003265775e-09
-1.0193142038262275e-09
3.008083429185412e-11
2.9086440393754366e-11
1.4218339057030528e-10
-4.565627261516645e-10
3.972343228368068e-10
-2.420859434708516e-10
5.428806894460365e-10
-3.7599746528140046e-10
2.9175124387185186e-10
3.530130607166238e-11
1.8952671544419251e-10
2.162998796813294e-10
2.8664448148060083e-10
7.239367522568435e-10
9.455933859028512e-11
3.6231659407486484e-10
2.482342564036035e-10
3.869153189444486e-10
-3.4681801191386836e-11
7.452416683985297e-10
2.911031698749258e-10
4.6336924255327846e-10
-5.263180593216343e-12
5.089341167818085e-10
3.426497921063854e-10
4.987945810405403e-10
3.0837213522994674e-10
1.2879260667616002e-10
2.4440184479593785e-10
2.1716767393305118e-10
2.6122900342122644e-10
8.435190895409267e-11
2.576364261660486e-10
3.323881855788257e-10
-4.185277333536619e-11
2.5068506869227863e-10
-2.4658425338095703e-10
-5.295305435557145e-11
