[0.0, 30.0]
159.40172786760564
-1.0222890237928752
0.332591053184393
0.002545890728143568
-0.0017141588146918163
0.00017688204486699882
4.078423432213499e-05
-4.182401951467805e-05
2.7118267606916076e-06
1.13689505016565e-05
-4.7117371352838304e-06
-1.8247010682274806e-06
2.2341018501943602e-06
-2.1542478676824195e-07
-6.806040339010878e-07
3.3266962710166036e-07
1.1549492327035652e-07
-1.6447726777254684e-07
1.2969836287011508e-08
5.7191776380512454e-08
-1.8139579781517758e-08
-1.5236334795755818e-08
7.739032091461305e-09
3.1529505975102498e-09
-2.7434325038277298e-09
-5.823896988535948e-10
6.106638472240615e-11
2.0362423435244444e-10
-6.208459565835734e-10
1.201147115376536e-10
-3.4230448934815437e-10
-1.8723016952271197e-10
-6.470735724591706e-11
1.1182709680175787e-10
-4.124794368566877e-11
3.9417062981965153e-10
-9.874153853024045e-11
5.078843092778265e-10
4.71618794177436e-11
3.3558626790422626e-10
2.2821567841835754e-10
4.6857906980633e-10
5.46324571078703e-10
3.5613366001977345e-10
1.95101550898669e-10
-1.0920859033002225e-11
2.6739229699503983e-10
3.6523332549697654e-10
3.319599192856907e-10
2.9072795329078e-10
3.3305370713392303e-10
6.837223174477761e-11
3.467126397161909e-10
1.7259000186189272e-10
1.538307142166404e-10
1.955072849207771e-10
4.1276037743086585e-10
2.4805592398665904e-10
1.7350272055733596e-10
2.514465268932806e-10
-9.169520697888054e-11
9.871929817689445e-11
4.554781297785371e-10
1.6525527916096987e-10
4.874978647730979e-10
