[0.0, 30.0]
1.1954785508067858
-0.12996194197368227
-0.012185996297655592
-0.00012157854292686344
4.238236854793431e-05
-4.101874053221438e-06
3.849655735160487e-06
7.394825093093246e-07
-7.149285136124893e-07
1.4575542308765867e-08
1.3485366051828255e-07
-3.69537793276072e-08
-2.23807309041162e-08
1.4020339335816892e-08
2.4772859081743326e-09
-4.269791495715917e-09
4.2923903384416176e-10
9.45467019931729e-10
-1.4252707636958447e-10
-1.8221235763673142e-10
3.186529286925566e-10
1.0981709261127387e-10
2.355600014417579e-10
1.1320778817891647e-10
8.840631981696283e-11
-4.724084039079927e-12
8.000001145205219e-12
-1.8012740884523996e-10
2.286098676003129e-10
-1.6559661269326357e-10
7.88911267661395e-11
7.143001087217453e-12
-3.248663501754161e-12
1.14058796847299e-10
-2.2241600649301787e-10
1.2434765378553706e-10
4.3972984237539533e-10
-1.0729224943231946e-10
4.491925971415189e-10
2.912026172631767e-10
-1.5935626199823266e-10
2.486725830545675e-10
1.6427551528824507e-10
-3.904154517069477e-11
2.5574302652743917e-10
-8.402244877558676e-11
1.0942489737464602e-10
6.087048470445936e-11
-8.631344055098296e-11
-3.428015647370199e-11
9.823898829813241e-11
-1.3586957793231199e-10
-1.4547667085924842e-10
2.7575280655692274e-12
4.094114569381071e-10
-4.388866983478334e-10
3.0320421370342e-10
-1.6234209576049275e-10
1.6439075068778387e-10
-4.4895364492288876e-10
-4.2609715687049127e-10
-3.2313143688093626e-10
-1.0584991692768678e-10
-1.0256154483370476e-10
1.8787200445760243e-10
