[0.0, 31.0]
0.28768790519309045
-0.19506101870435502
0.006937546544315394
-9.321887289389137e-05
6.040355469073826e-06
4.735733558559837e-06
-3.7981947076425764e-06
-9.824489135451252e-07
2.0175725481706724e-07
2.915189315989248e-07
3.179646746066357e-08
-6.165926005406545e-08
-1.9982791027535318e-08
9.056483362117095e-09
7.264724049796471e-09
-5.305317126921306e-10
-1.5531229666762995e-09
-3.94844236110032e-10
1.4059646604704432e-10
-3.668921115765305e-11
-1.6109766057943907e-10
-1.5080363579961494e-10
1.792622160961162e-10
2.0809695431470828e-10
5.632003259714821e-11
9.491519747493811e-11
9.48755223445663e-11
-1.0205425605203851e-10
3.1540883298124517e-10
1.1531442540209853e-10
2.275527762747126e-10
2.59453373961846e-10
4.5212443230643046e-10
1.6293269735941715e-11
-2.496517385263321e-10
-6.458710484208808e-13
1.514476656321683e-10
1.52394384092763e-11
4.799513425521958e-10
2.814500312323458e-10
3.010578598343166e-10
-8.490682998594618e-11
3.347639066742292e-10
-1.2507223447688955e-10
1.331606832467718e-10
4.735854042096243e-10
5.892169603027335e-10
-2.860420482207026e-11
2.723953186772138e-10
-2.0092150959683485e-10
1.890310698074137e-10
3.241632494066595e-10
2.0340303190131423e-10
1.8021667641326959e-10
1.380778553877777e-10
1.029333755736577e-10
-3.0224641431281034e-11
7.210929733160492e-11
-1.0077576629847834e-10
7.0208111857701486e-12
3.6457437956163913e-10
3.6415306492917647e-10
3.8532649776494157e-10
2.2922929239685329e-10
1.3394929525161743e-10
