[0.0, 31.0]
3.7470220660229066
0.22142137407228107
-0.030548619507890486
-0.002229707549996442
0.0001596406297101585
1.2537511579089895e-05
-2.562484355394653e-06
3.4231435700119567e-07
4.3104903324769506e-07
5.348926659361165e-08
-2.9769921454279704e-08
-5.579462438082573e-09
-5.542728954755445e-09
-2.2491908009606532e-09
1.00207747024074e-10
1.4342764419205124e-09
-4.794022594764107e-11
2.801977575260429e-10
-1.0357097704745235e-09
4.449730174225851e-10
-7.051563762275641e-10
1.9791585251705252e-10
-6.897896008350993e-10
5.509665994676102e-10
-6.092217656091749e-10
2.2748641885980888e-10
-7.650479350158745e-10
1.5558342126202903e-10
-6.842303375704719e-10
6.507206865506578e-10
-2.5531968065072595e-10
4.830566385940058e-10
-1.9424663577257155e-10
5.315015031457252e-10
-3.345992394545479e-10
3.2495826634622084e-10
-3.6545189512025606e-10
3.5740566816382763e-10
-6.866025252851072e-10
2.4135324982971526e-10
-5.949566021815469e-10
1.2198143682272025e-10
-5.19614123264518e-10
-3.298860709230178e-12
-7.352571040305372e-10
2.3173428576353374e-10
-6.162742066554907e-10
2.8319238869124045e-10
-3.346062152555802e-10
-1.7555285431829154e-10
-3.4365752255227994e-10
1.9469255643511363e-10
-1.8741477197620565e-10
3.017513570824496e-10
-4.179103159432883e-10
-1.8984618383677958e-11
-1.9771449713287492e-10
1.5108425582154586e-11
-2.315266114364218e-10
1.1631531004396356e-10
1.156847891450079e-10
-1.329991895650047e-10
-5.117850569631628e-10
5.123691684333529e-11
5.489957316118933e-11
