[0.0, 28.0]
194.4211575174642
-0.716374895437043
-0.2971284091145671
0.001855012171104896
0.0007959668228855577
3.791658174333896e-05
4.158927024201183e-05
-1.6736356146685897e-05
-2.376825912272467e-06
1.6658294149342815e-06
-1.6275617937347243e-06
8.263562253566951e-07
3.8119580965477636e-07
-2.771867511252102e-07
2.198383359174025e-08
9.203848362303626e-09
-1.9064013885400653e-08
1.7977978083369483e-08
-2.421498531205394e-10
-6.582033529426305e-09
2.6308683886417534e-09
1.6757204691069102e-09
-4.915083742580442e-10
-6.066302760359158e-11
1.870695800320521e-10
-1.0090677475308547e-10
-1.1208285984896238e-10
-7.651792229658737e-11
5.272549680392476e-10
-6.528305973847819e-11
-3.9616271602488186e-11
1.1881652432073597e-10
-9.358319130137076e-12
-6.708681788565337e-11
1.63941286558406e-10
1.5390271985564863e-10
2.398672296947617e-11
8.961144072352408e-11
1.540589133720989e-10
7.46815387813354e-11
3.7321716165998067e-10
8.343588210504895e-11
2.573141574488138e-10
-8.171505877681263e-12
2.8917135211164777e-10
-1.5214392138235245e-11
-9.245181750258292e-11
1.047549433232047e-10
-8.37938469749717e-11
-1.6247728848924563e-12
1.1836665381885626e-10
-2.9182046783522554e-10
-4.684472074799708e-10
-2.602749186307259e-10
-8.8708221572712e-11
-2.526156215153608e-10
1.4449769074944175e-10
-3.524396055450637e-10
1.5034203684976966e-10
-2.3845557885847026e-10
1.0588664343980511e-10
-9.621410157561426e-11
6.788325267727097e-11
-8.495070777622479e-11
-3.0637412159130236e-11
