[0.0, 30.0]
-2.974080973901593
0.3608216559607412
-0.0093915504039807
-0.00029442278970034827
2.7662758023870453e-05
-1.3538884560902922e-05
2.916168776976954e-06
8.6550863338916e-07
4.77808446750368e-07
5.1820372307940565e-08
-1.002769178225492e-07
-5.402196892251913e-08
-3.096787022173329e-09
9.105743720909726e-09
4.682337192999734e-09
3.2138266086246565e-10
-7.338176068164235e-10
-1.1511883071152349e-09
2.0564338330971424e-11
-3.958150405967956e-11
2.1833758626623062e-10
-1.1913811362932814e-10
-1.1023827038249958e-11
-3.028662331830334e-10
6.983222095135028e-11
1.4548483706704089e-10
2.451434657493572e-10
-1.3663245996933194e-10
3.038056419210314e-10
-3.372090125051101e-11
7.354775325351276e-10
-9.23347693261426e-11
2.82792845023473e-11
-1.4634162496111378e-10
3.53705113869537e-11
-6.98399306040056e-11
2.568656914355265e-10
1.6827311097854425e-10
2.943274694631725e-10
-8.973851006438413e-11
-1.158621926072497e-13
-2.2654475694371372e-10
-1.2350490493979704e-10
-2.3031973350713656e-10
2.6263981787772254e-11
1.2330889048866029e-10
3.8587876580628356e-11
-1.3202589351714906e-10
4.23579123112325e-11
-5.472940082162228e-10
-4.834061487946305e-11
-3.3465177618376455e-10
2.8536235412756856e-10
1.6216188479183013e-10
3.3713242076001363e-10
1.3451927596536992e-10
1.1346814068634391e-10
2.040391837469032e-10
2.154225537991614e-11
4.5793513764150535e-10
-9.854246857118961e-11
8.032160481728816e-11
-2.759779903535784e-11
-2.397363248961353e-10
3.4235575356868953e-10
