[0.0, 30.0]
-0.39077102618062787
-0.21968853070860514
-0.00791241255650965
0.0001409864308287338
2.5814200567354832e-05
-6.489469574549888e-06
1.1192341495470866e-06
1.0370472376612978e-06
3.434039850999646e-07
-7.622778024056138e-08
-1.0691134409601361e-07
-7.245248005005219e-09
1.7724600534990893e-08
6.8449548393512944e-09
-1.2292961271206062e-09
-1.8377764479614795e-09
-2.742475307294904e-10
8.095179176703111e-10
-3.315887918777639e-12
-4.4047419000186945e-11
2.5357271041271917e-11
-2.3637541351243655e-10
-1.2889335210240364e-11
-3.7303768188681686e-10
3.728373540017701e-10
2.0512962138616356e-10
4.668843304518995e-10
-2.5245462435681255e-10
2.569834578952864e-10
1.3988916522671172e-10
-1.3183783331072586e-10
9.907545968951354e-11
7.968849256689091e-11
1.6045225969308822e-10
3.885507997975592e-10
1.675268046277681e-10
4.840651140974855e-10
9.353518659423671e-11
4.4429423065609226e-10
-3.7288199389470613e-11
1.2650534765009282e-10
-8.785134787443327e-11
-1.4572236166823592e-10
2.984255802219493e-10
-1.590296795320743e-10
4.6435093932582744e-10
-1.7080267830395114e-10
4.370563306402457e-10
-1.2289859994909135e-10
3.403072862554074e-10
-3.834630297047329e-11
2.4311479016800244e-10
1.5540626762488502e-10
9.362492692605499e-11
-7.913046624494887e-11
4.943655727163824e-11
-4.377790687315532e-10
3.3410231589080914e-10
-2.468300242014128e-10
1.399016542366459e-10
4.3954890656338617e-10
2.460219276959806e-10
1.6456869739492053e-10
2.0961222233622172e-10
3.2116031614822974e-10
