[0.0, 30.0]
12.438868280854535
-1.3215915321999159
-0.06401710449340833
-0.034980264605322324
0.012429258513014685
-0.15739055457560358
-0.026596040957482636
0.08543421161970455
0.014514446625202859
-0.018692174700966162
-0.004877224563467139
0.002252311595784502
0.001239524399563157
-0.0001499134721711405
-0.00025756821699377436
-2.8871731197310293e-06
4.84416161717475e-05
4.42217724600198e-06
-9.099009656729025e-06
-1.6751934051631942e-06
1.7270360482732037e-06
5.144012649156492e-07
-3.160237838473861e-07
-1.3821385186250044e-07
5.415870344789413e-08
3.42519682177428e-08
-8.556209346073478e-09
-8.175873584071396e-09
1.1470948083942542e-09
1.9140938645792328e-09
-7.839162463274298e-11
-4.3703023919988626e-10
-2.4954316957971534e-11
9.605011050059141e-11
1.538035889190434e-11
-2.009360592205892e-11
-5.46128278684185e-12
3.973708252080049e-12
1.625094230627252e-12
-7.604023844197898e-13
-5.514438423794216e-13
1.399133709726785e-13
5.690628629550759e-14
-1.4353439403119015e-16
-6.1402314365225005e-15
1.1051704964744151e-14
8.828346678472722e-14
-2.747293214923174e-14
3.61278740653832e-14
4.664416644872244e-15
-5.308562619641617e-14
2.3125576579199666e-14
-7.518017419184617e-14
3.0529427296278504e-14
-1.8758718534855403e-14
-2.5447779508014187e-14
2.8512680700386166e-14
-1.3745654878310988e-14
3.8000686141693036e-14
1.4223043795400073e-14
-2.446348437956049e-14
6.456198607541224e-14
-5.89587961301495e-14
4.8724352779263317e-17
-6.367246589404699e-14
