[0.0, 31.0]
175.11552907501434
-0.011710196890995561
0.005033680575047488
-0.003534007294224732
0.03420793900585452
-0.002112237785150033
0.003714248890906473
-0.002917367533240322
-0.00913962884715692
0.0010133967616062832
0.002540972171324693
4.668346397841695e-05
-0.0002929059527485746
-7.834564537679593e-05
-9.569881670455552e-08
1.373532949459952e-05
6.621372189294484e-06
8.571414345171388e-07
-1.4478858395556199e-06
-8.19236048427776e-07
1.3864629650076786e-07
1.7583352145427448e-07
1.3803267056045879e-08
-1.857846644126756e-08
-7.3097902847122604e-09
-7.11162190218576e-11
1.1000727777570974e-09
4.0128503194976883e-10
-1.9394782609661542e-11
-7.62805778884784e-11
-2.0142520375296337e-11
8.173717225701551e-12
2.507318281917826e-12
-1.2243551083824678e-12
2.5826756135504165e-13
4.5198885468183113e-13
-6.253318186741291e-14
-1.3828655260645943e-13
-8.133859098978137e-15
7.168028099637909e-14
9.543765832592383e-15
3.410750480658407e-14
-3.706226922009297e-14
-1.475644640517761e-14
2.466987367282479e-14
-1.3101768661699928e-14
5.1898895304150385e-14
-3.1989048438249864e-14
5.6365718036814685e-14
-3.188506979747031e-14
1.4993363367970538e-14
8.614183656615634e-15
1.9673256363168656e-14
5.0367229143115566e-14
3.318266795312214e-14
2.849788116427533e-14
4.772505979430741e-14
-8.188002283877214e-15
-6.298460126986933e-15
-4.5557926613227523e-14
3.083287452117455e-14
-2.2628098844629287e-15
3.820673421314497e-14
1.821353794618052e-14
1.6355596054906877e-14
