[0.0, 29.0]
331.29767314948816
-0.08159976191512462
0.04098243774201142
-0.027904776597946865
-0.024738101029553136
0.01979603855204905
-0.011286677590255173
-0.0031297764216992193
0.00750894744355393
0.00039595370330139444
-0.0014835229434291175
-0.00025111635701671525
0.00012417388744363043
8.63661283387985e-05
7.299490808804107e-06
-1.570526823950531e-05
-4.6363268077323925e-06
1.517462620070885e-06
9.353935515775485e-07
6.816530893236153e-09
-1.1630246904187568e-07
-2.484330490644217e-08
1.016111789261097e-08
2.7392874936371683e-09
-1.783092206155925e-09
-1.007182394253012e-10
6.676195478355128e-10
1.662859423814468e-10
-1.4811509358346845e-10
-9.49422249135006e-11
3.5827781978542127e-12
2.4041315031512827e-11
7.974313129438768e-12
-2.02862726933571e-12
-2.535361143706028e-12
-4.580544800559456e-13
1.2386599051170358e-13
2.3293686032070026e-13
2.810092767464172e-14
-2.1992843637407104e-14
-6.841532657839766e-14
-4.310950227512153e-14
-7.849571585291798e-15
-4.065699344495777e-14
4.9101961866209323e-14
-4.830897607242121e-14
6.916392020113494e-14
-4.1275733401872735e-15
1.0406500524517412e-14
3.58138525230318e-14
-3.711103065563936e-14
8.859011671791878e-14
5.882421460522487e-15
4.9871989124256695e-14
5.395274463951819e-15
2.0345961089571544e-14
3.316446979879766e-14
1.1978826631319021e-14
2.873262564920668e-14
-3.260580417425146e-14
2.5264301253624426e-14
-1.0270573322725015e-14
5.732206462233798e-14
-1.804955252867459e-14
5.997882568139066e-14
