[0.0, 30.0]
100.73732151787164
-1.3919560603833099
0.08925480983599789
-0.0009159626617885984
0.0820440474285546
-0.07078549758173237
-0.12778110479825502
0.0382786988742998
0.044555417641496044
-0.01110714097221764
-0.008584483891434914
0.002594137656196443
0.0012718544488603664
-0.0005079169872328225
-0.00018991829552585527
8.080144077563191e-05
3.444155798913207e-05
-1.1212609599588231e-05
-7.687564883331e-06
1.648419657218556e-06
1.8540379172934003e-06
-3.0164294804911075e-07
-4.349413165622392e-07
6.379310549736211e-08
9.773880104395583e-08
-1.3560003330371706e-08
-2.172587764384772e-08
2.7931804693499815e-09
4.921394393539151e-09
-5.868846430198706e-10
-1.1409515504438766e-09
1.3437714594422957e-10
2.674537621501622e-10
-3.3639256932229464e-11
-6.261376780094474e-11
8.742461072292816e-12
1.4682647422301172e-11
-2.29293890015446e-12
-3.367193892077822e-12
5.858729493634819e-13
8.836977624032158e-13
-1.6781022612327383e-13
-1.410328267833438e-13
2.8412255576384534e-14
7.68737636541006e-14
-1.8509783317691048e-14
2.369052504080851e-15
-1.794915356960283e-14
4.550734220681423e-15
-1.8518667039015012e-14
2.620438014431472e-14
3.9595821850510424e-15
3.166753318048826e-14
3.9376604298526906e-15
5.20941217043987e-15
-1.932261284171791e-14
1.4860678643969816e-14
-1.7956375931932962e-14
-1.6921425126708092e-14
-3.937625652407206e-15
7.300367868208763e-15
-1.6373684604965882e-15
2.0063878961879493e-14
1.714795051301205e-16
4.148137869179371e-14
