[0.0, 30.0]
210.66922127166671
-0.5698954540523274
0.17797763518796797
-0.08869653064474851
0.0577554671589966
-0.07154675380336246
-0.04853946135691043
0.05124623066370377
0.014757388758086356
-0.013932614732558106
-0.003647858943173114
0.002597283379446793
0.0009336623102316161
-0.0004480198881466477
-0.0002368134235706946
7.861754918596015e-05
5.8503473267988606e-05
-1.2491555977749595e-05
-1.4266441511265972e-05
1.247804101154436e-06
3.396334122380658e-06
1.7147499109684343e-07
-7.663584541588532e-07
-1.5835498271376494e-07
1.5753028549554748e-07
6.485279013458185e-08
-2.734380071119978e-08
-2.1072983880344706e-08
3.0219039978998973e-09
5.9726706131927805e-09
3.543392472855132e-10
-1.5047500597637395e-09
-3.86452053131751e-10
3.2993297243028695e-10
1.6952435880106556e-10
-5.738846279534664e-11
-5.795733082064407e-11
4.670656904182204e-12
1.7242303454735396e-11
2.0447670243748173e-12
-4.344091879618434e-12
-1.42047402013831e-12
1.0905265425134422e-12
5.68789031336651e-13
-1.7690635296248684e-13
-2.4241115396112913e-13
3.6140137689804814e-14
3.593475691444696e-14
-6.209667213479632e-15
-1.8628960152651962e-14
8.84760436606936e-15
1.9492906383193903e-14
2.4391252655811186e-14
2.7950401357186497e-14
4.739839866909501e-14
-2.151447558426515e-14
-4.594179709290709e-14
-5.061174904028796e-14
-2.6590810913398433e-14
-6.085378541232192e-15
5.782278126077934e-14
3.869817430684612e-15
-1.1041176766070432e-14
1.1298761930533975e-14
2.598629492638592e-14
