[0.0, 31.0]
177.5385359514536
-0.5877891701290511
0.17696847144189357
0.011178243760615244
-0.03670548915190047
0.10055405970948204
-0.021723410533891426
-0.0552848668105391
0.010712198630352002
0.013460188768589364
-0.0006750216045636044
-0.0021058479259128205
-0.0005393665155944481
0.00020247777594626843
0.00020479533822387758
1.4974435538312144e-05
-4.0969425269092585e-05
-1.3553264724581298e-05
4.239608120598129e-06
3.7310405103607506e-06
3.857002355245977e-07
-5.854926017450293e-07
-2.776982709293563e-07
1.935494315788331e-08
6.004183642314432e-08
1.7650046167880253e-08
-4.474290255554785e-09
-5.057892333203964e-09
-1.3216661908320422e-09
4.0926916342252736e-10
4.796768622123242e-10
1.4951895524337462e-10
-3.663929826768138e-11
-5.7026516908961964e-11
-2.0493605846751514e-11
4.885342488751878e-12
8.119446416859366e-12
2.636545992007801e-12
-9.148923988568058e-13
-1.2053345409376738e-12
-2.5164269280816396e-13
1.7964387762282341e-13
1.7514859557240706e-13
-8.134632658697507e-15
3.923874352106124e-15
-3.8051067856152656e-14
5.655103867725281e-14
-1.075340975187156e-14
4.3013537252242463e-14
-2.5165984532742917e-14
2.6634390379820283e-14
-2.2300312705459682e-14
4.970148398627733e-14
1.8299150470203758e-14
5.2097202058943206e-14
-2.1262735194890746e-14
3.8259786688520247e-14
-6.166561606361157e-14
4.584859843013224e-14
2.5378849000022767e-14
4.549177810903095e-14
-6.5202625824585516e-15
6.545521851465211e-15
-3.696677618494242e-14
1.0843784707765057e-14
