[0.0, 31.0]
204.25873957742428
-0.467535603721302
-0.059892719120936834
0.04668800494103128
0.07848573086795832
0.0026886833638747544
-0.0837107970339797
-0.016765218478509505
0.024936284151898126
0.004635916078137365
-0.002902113304829829
-0.0001987757069260124
-7.106326592546457e-05
-7.892063106735017e-05
8.122358789633661e-05
5.730742401244592e-06
-1.5537805830096496e-05
2.0063777142597704e-06
1.3823321722287437e-06
-2.821368400025906e-07
8.403356642204086e-08
-2.514286707199249e-08
-4.052421969920527e-08
7.680301856376268e-09
5.103147670119704e-09
-4.2509438821505967e-10
-6.757279389031962e-10
1.0225804235155e-10
1.2142292078299553e-10
-5.26736875593285e-11
1.249967217176465e-11
3.4613155404916472e-12
-1.0530218847273868e-11
3.4304510354024263e-12
1.051763347165201e-12
-1.0088735911329738e-12
3.1077785575493704e-13
-3.5978735462287765e-14
-6.378815360638584e-14
-2.9544028744689055e-14
1.2651695182530192e-14
-2.0365703693307572e-14
-1.5552909912335942e-14
5.924771186570437e-14
-2.2829814412253814e-15
7.485437697377009e-14
4.6586831273649395e-14
4.586734277024966e-15
3.3926295829982254e-14
-3.018595339403155e-14
-2.1902029946262928e-14
-5.951852987804139e-15
-2.7775757557881302e-14
4.2796112625003815e-14
-4.2507702239124034e-14
5.1646033406938423e-14
4.688912090938687e-14
-2.9987859785670254e-14
6.218572867987334e-14
-5.635165676692414e-14
-7.360013238235797e-15
4.3157910828307687e-14
-6.253841864328507e-14
5.49210536291273e-14
-5.153175759150631e-14
