[0.0, 30.0]
159.2816625931085
-1.4414909167594692
-0.13309678464936747
-0.13806957252743704
-0.039135753491203525
-0.13971816157335104
0.04558365020841108
0.09214285937202485
-0.01675788783102918
-0.025090439578738775
0.0047090875999975645
0.005010721915363514
-0.001301553497897762
-0.0009878780761775293
0.00036176120786439843
0.0002109830856692754
-0.00010098370872422023
-4.624775208274071e-05
2.8472275803548363e-05
9.805374707810726e-06
-8.079465286717756e-06
-1.9355214576592184e-06
2.2885537503542776e-06
3.317817309785789e-07
-6.429441460451504e-07
-3.701628330755809e-08
1.7849725768412616e-07
-4.865989586355451e-09
-4.8844115939835105e-08
5.556158848399576e-09
1.3134169107213026e-08
-2.709263320087135e-09
-3.455466181213094e-09
1.0736695505833478e-09
8.839657500361869e-10
-3.856296451416556e-10
-2.1746896375517338e-10
1.30508976601777e-10
5.064531723835736e-11
-4.2405784942550816e-11
-1.0732546190454288e-11
1.3192021090535064e-11
1.9574408725232967e-12
-4.095451756008367e-12
-1.5568145846931065e-13
1.2340122467151646e-12
3.292499500569509e-14
-2.759349969593665e-13
4.883125166415127e-15
7.135435649711035e-14
-6.2368358646062706e-15
-1.3461635142665616e-13
-5.042631619427367e-14
-7.624066018656171e-14
4.0478703848731145e-14
1.636588329688597e-14
-3.2743048756823284e-14
6.25553452401965e-14
4.0127951014764906e-14
-2.82205947836551e-14
-3.887083288768109e-14
-7.783071394923344e-14
5.318136592305408e-14
-1.0642040750864943e-13
-5.927292572976584e-14
