[0.0, 30.0]
12.753442223280294
-0.7662557045927684
-0.1639630459134095
-0.015008922466124973
-0.08050594790108558
0.048150546231282336
0.10166304082401305
-0.01295777127169249
-0.031077620293005065
0.000648187249105732
0.0036805440060933654
3.757309456011326e-05
2.2076544307084868e-05
7.00218086165834e-05
-4.704608840353792e-05
-3.0668683345277816e-05
-1.08573846363192e-06
5.191063064943034e-06
2.0106981558902975e-06
-1.6130678404379117e-07
-2.69002032952586e-07
-8.7954041120621e-08
-2.605700128295355e-08
7.739269771271636e-09
1.4005344585739483e-08
3.631448996486185e-09
-1.7294150977372757e-09
-1.0327866569360346e-09
-1.0487385398606464e-10
3.764168582905356e-11
5.806175332554145e-11
3.5741150263008295e-11
-2.7218694573214355e-12
-8.308112264908429e-12
-1.9576593393764103e-12
3.32735594593503e-13
4.0183545655019647e-13
2.556249969791791e-13
2.8526117432131225e-15
-8.131796238465468e-14
-4.622158724428802e-14
-4.217144797431951e-14
5.767986367930378e-14
1.6669631256274958e-14
9.323965610498931e-14
6.253378677135866e-14
8.223996549880668e-14
2.8447444274854116e-14
1.5991026225661416e-14
-8.00229419696035e-15
-3.229617331439526e-14
-1.8069866615743765e-14
-3.0652238223556575e-14
5.04432242442587e-14
-2.0003659262361913e-15
4.1437272795775855e-14
1.6586064472702384e-14
8.823515354604964e-14
1.7501588273909513e-14
5.143313407327978e-14
1.1134269669195219e-13
1.182310338079199e-13
8.689109991382631e-14
4.014395648401894e-14
3.1086860721239345e-14
