[0.0, 31.0]
343.130359884181
-0.39302543929771155
-0.046114200696805434
0.0014176580254655314
8.37822717255311e-05
2.4038674707315072e-05
-3.9773511890842804e-05
-4.8728365328746565e-06
2.062562285549922e-05
-2.2630236179653162e-06
-6.548018727888737e-06
2.3772438291313e-06
1.7951174215431543e-06
-1.1889711102145494e-06
-4.2784634842282333e-07
4.874084972064189e-07
7.749965863711083e-08
-1.8761976130129538e-07
-5.893338939751276e-09
6.881062550524553e-08
-2.1319934518502885e-09
-2.26181331312912e-08
1.878540431307104e-09
6.116669203031412e-09
-2.6856721360581865e-10
-1.1605463543518937e-09
7.1065088868372e-10
8.14453315663561e-10
-1.583133331930315e-10
8.62496433382056e-11
2.1258932778796405e-10
2.857676694180341e-10
1.932389562839326e-10
5.639539329768048e-10
3.472831843630179e-10
2.3068687068529029e-10
-1.5569202866433805e-10
3.709027416274599e-11
2.1834111248752571e-10
5.706243396389845e-10
1.186351954310958e-10
9.81625772799596e-10
1.1027145113549568e-10
5.757157585986979e-10
-1.4428617499311005e-10
8.532605113593908e-10
3.3928242735800137e-10
2.3754951796170895e-10
2.0832039166957777e-10
3.6383361562507443e-10
1.0494254202682104e-10
5.14412479682394e-10
2.0528979178879854e-10
5.282314787978119e-11
5.034343533182101e-10
1.0814039774408354e-10
2.661488242834631e-10
1.3594100194829407e-10
3.660947328799678e-10
4.8361822366543065e-11
4.1768170248322404e-11
1.2514101168223563e-10
6.137515575282782e-10
6.414045182954099e-12
3.893372317967701e-10
