[0.0, 31.0]
20.731211215070157
0.21017477983741512
0.011625160518618635
-0.00045214974303591394
-2.2218002884301728e-05
-5.8782473788489045e-06
4.7406283145151716e-07
8.182333382051634e-08
-7.19889955866274e-08
7.357974153575685e-08
2.1885773157447826e-08
-5.809034615918876e-09
-3.3616792676584525e-09
-4.359105121053648e-10
1.6874520186074083e-10
-3.165706300373127e-10
2.0423830173845963e-10
-5.841894400454639e-11
3.707245388474995e-12
-3.058271559986105e-10
2.534531326716506e-10
-2.476450418541706e-10
-7.216491559918285e-12
-5.104227894257431e-11
4.495946333905856e-10
2.897343780773706e-10
9.741133478385227e-11
-2.2185295295914625e-10
1.253919839667147e-10
5.3567334143762635e-11
1.9893928286491227e-11
-3.1588773287840856e-11
5.348998683096448e-11
1.46367187653828e-10
-2.046134007790623e-10
7.983323467476388e-11
-1.499701449808472e-10
-1.3677034770145656e-10
5.460504953625537e-11
-1.215157822735456e-10
-3.801475898017848e-11
-1.3651903483072543e-10
9.307115750465471e-11
4.8482386493127345e-11
1.7087822986048406e-10
-1.0899899833458644e-10
6.146202195692663e-10
3.871035000858338e-10
2.590537968968712e-10
2.2788876894300243e-10
-1.265563022586338e-10
-7.83486142902318e-11
1.3735328515962867e-10
1.0207562720606194e-10
2.42913254847464e-10
-7.30071678317731e-11
8.223470890111916e-12
-1.0811752818585805e-10
3.4398146398101145e-10
-3.4820300113124204e-10
3.984305117985245e-11
1.0699255134174715e-10
1.3457750173708724e-10
8.843908475070714e-11
-1.7499036292984786e-10
