[0.0, 31.0]
-20.94552735486754
-0.4535025053605508
-0.010274020879070775
0.0009734032518200795
5.6002097834073054e-05
-5.7739841310569226e-06
-3.480073819317697e-06
8.076081826483932e-07
6.426057967954443e-07
-1.1530467167474815e-07
-1.5783692128654719e-07
1.3940757850988013e-08
4.153579388122979e-08
2.0804580565107166e-10
-1.133495722757537e-08
-7.04025739120727e-10
3.030870957143864e-09
2.998911984639701e-10
-7.210675243111688e-10
-2.7710204767415525e-10
1.6486120857512838e-10
5.823708518039388e-10
-2.8492441847062626e-10
1.4025575986255262e-10
-4.986379907996992e-10
4.367795820510284e-11
-4.851738622177299e-10
2.3688388924005847e-12
-1.4511846210919034e-10
9.866235534893088e-11
-1.3687589957863376e-10
1.2869559423438722e-10
5.539355945854566e-11
2.62650530571129e-10
-3.1984895116420177e-10
1.7373133838197085e-10
2.171553689927929e-12
-4.482300009177016e-13
-4.178316870410318e-10
3.999191325471751e-11
-1.6345730958766058e-10
2.8662667893935507e-10
-2.9155882067835504e-10
3.062122365342954e-10
-1.0038402570985406e-10
3.104022021127977e-10
-4.2659378284161403e-10
3.6605449827024036e-10
-2.956906582548474e-10
1.3349798492279608e-10
-2.7484764634813135e-10
2.3765311267552542e-11
-1.9718098278613022e-10
1.0904451949222503e-10
-4.127954889806513e-10
1.434499622570947e-10
-2.9085342656622564e-10
1.3877082131492126e-10
-1.9652761535103084e-10
1.960180343686659e-10
-2.723953027441186e-10
5.233139250766616e-10
5.903959643834995e-12
5.222923776165202e-11
-1.1523399890140534e-10
