[0.0, 30.0]
-24.941555274668424
-0.09464979073518895
0.03193225934698178
0.0003917946302065805
-6.28310239259009e-05
5.475583662034204e-06
-1.625973042427339e-06
-2.3802303087314972e-07
2.804714905067172e-07
-7.659088031479874e-08
-8.194572209463432e-09
1.8398580076235172e-08
-8.668527324563278e-09
2.223115585190459e-11
2.2288249053158184e-09
-2.6888679047989706e-10
-2.6317002774491443e-10
3.7857068573520264e-10
-4.521728629156498e-10
1.1072088824662283e-10
-1.872337397785303e-10
-1.1688331197205467e-11
-2.4067051305782043e-10
-1.8833282916862305e-10
-2.924318807333844e-10
-1.6881610811924325e-10
1.7670854536272473e-12
-2.6989656093849953e-10
-4.1914035335509117e-10
1.4201437902545318e-10
-2.4870935171806366e-10
5.2423908318251445e-11
-1.1445129681845988e-10
3.130131447402674e-10
-2.139249646225617e-10
6.48049810033393e-11
1.7231724429905486e-10
2.5129846256091164e-10
2.293659386848978e-10
-5.366820148225217e-11
3.246864299576084e-10
1.7599790466678524e-10
5.194568354958129e-10
3.2943124214238823e-10
2.918080717213886e-10
5.787229427600391e-10
2.408499464369273e-10
6.749972165053701e-10
1.805449021761196e-10
6.472399888364696e-10
3.331916215843574e-10
3.6470722550523966e-10
1.785191370180496e-10
5.296495014197328e-10
3.0540574994177954e-10
1.8287347390778706e-10
4.534528989028341e-11
3.120141535181926e-10
-5.5690646137459506e-11
2.1349597992148372e-10
-2.1656631024801926e-10
3.3772635169343885e-10
-1.1056341764946929e-11
1.5241428496307417e-10
-2.7381388508147036e-10
