[0.0, 31.0]
-11.016475251700772
-0.03422317694467359
0.009684013370099392
0.00044808349508475287
-1.7885161310410724e-05
4.437173917316981e-06
-2.2764690815623548e-07
-2.022758375186361e-07
1.5772258235951613e-07
-7.971817062646812e-08
-3.766797439817908e-09
1.913772040497972e-08
-8.03311538478513e-09
-8.14754191942398e-11
2.12037575589195e-09
-6.740280299501599e-10
2.9226782052568835e-10
2.180722541129212e-10
-6.731245831645941e-11
1.3036030820478495e-10
2.816221970389653e-10
1.4357042474180856e-10
7.588811899583334e-11
2.8967009601366316e-10
5.659619318991674e-11
1.7021263818169253e-10
-1.8690999191027763e-10
1.432147557654524e-10
3.144705268209848e-11
1.2066545296295853e-10
1.575091938871291e-10
8.629014517705285e-11
7.185602047734406e-10
2.3459105135365318e-11
2.3643021338093313e-10
-5.6527956367548077e-11
4.896255770141783e-10
-1.6676714145862932e-10
2.2282945542085453e-10
-1.6224134393965219e-10
2.2784331209584065e-10
5.221122483463881e-11
9.424828270183291e-11
3.193159907614002e-10
-2.536727991363787e-10
3.860030983138734e-10
1.5935359759142278e-12
5.347907372813991e-10
-1.440383494266504e-10
1.6985224372674486e-11
-1.9678871352423926e-11
-1.7037271977894234e-11
4.936369938396256e-10
-1.9659589582093091e-10
2.724602003847082e-10
8.045369727529472e-11
2.350774433656225e-10
3.7935245262942725e-10
1.9831748232911255e-12
3.9180162292499896e-10
5.218128730441757e-10
5.651164239660287e-10
1.1046550175565381e-11
1.0384065679490937e-10
2.994911546665586e-11
