[0.0, 30.0]
329.6798745532109
0.631646801691644
-0.0396906340045917
-0.0012023695590588689
6.857214416806736e-05
-2.4709702316367982e-05
-4.5049035634980225e-05
1.270933045583934e-05
1.9505832312609218e-05
-5.621686592403369e-06
-5.420403763807717e-06
1.8454272231131993e-06
1.1757689670736743e-06
-4.031011050961383e-07
-2.1123005635228715e-07
4.00043297797112e-08
3.671822945244325e-08
1.1422914264043847e-08
-8.102598572063976e-09
-7.654031071994949e-09
2.9224428027629972e-09
3.3056821821925434e-09
-5.221647822542344e-10
-8.098867314149863e-10
8.964352381590414e-10
-1.024663970109109e-11
3.050234037482711e-10
-4.311401439134802e-10
2.50970989361858e-10
-2.3168022002920425e-10
9.239700250119495e-11
-1.9541794122327537e-12
2.5758957441642216e-11
2.0280778397261172e-10
1.3355393378421906e-10
2.5575753000431004e-10
1.569041627389861e-10
2.7049324899265322e-11
1.2650470045224497e-10
1.2574615098649182e-10
-5.253058007119502e-11
-7.64172987367316e-11
3.0878840080406224e-11
1.7073549543679891e-10
1.2145329433162478e-10
1.9540858589497616e-10
-9.233444987068489e-11
7.42608306067351e-12
-8.112972216539736e-11
-3.8928938484256174e-10
-1.0611166401916468e-10
-7.936770592042436e-11
2.947214155616332e-10
2.466338894530765e-10
-1.920954722835489e-10
-9.938851616644802e-11
-3.524442006322252e-11
-4.728147842765149e-10
1.8113810269686705e-10
1.7408854672695762e-10
1.277085985280534e-10
6.309790351073095e-11
4.451564364600352e-11
-1.9541135492917965e-10
7.484362357008501e-11
