[0.0, 30.0]
105.68266239393994
0.606907694983271
-0.0520956551086859
-0.001480505767576486
1.6236070853262214e-05
6.817893949152444e-05
6.632869502430613e-06
-3.512495234936196e-05
-7.186849263296038e-06
1.0503133007452988e-05
5.03703900994214e-06
-1.604482594930415e-06
-2.1139884153413547e-06
-3.0390984480469087e-07
5.69034775047324e-07
3.209179178287344e-07
-6.632783026173808e-08
-1.2507118093659722e-07
-2.3900248587748296e-08
3.0702578859831534e-08
1.8279474679420847e-08
-4.7409150897480685e-09
-6.709921873344328e-09
2.407924103220361e-10
2.142643990523764e-09
4.3164570834332574e-10
-1.8412523264950157e-10
2.0356813515267835e-10
-7.587831330742256e-11
8.897632121833208e-11
-1.5400698226398554e-10
1.198118872405752e-10
-1.4827403979784406e-10
2.7403694285616654e-10
-7.558877891369591e-11
5.208514348716544e-10
1.2972442536549896e-10
1.6334888771194088e-10
-2.1214965398043995e-10
-3.0533147733999094e-10
-5.159525772743188e-10
-3.7452157366738986e-10
-6.502425570965135e-12
-1.1203297989480366e-11
1.6960073460827979e-10
1.7469228977497226e-11
1.0684281749373776e-10
-2.631907447587324e-10
-2.769879262032615e-10
-3.451420678948054e-10
9.47245554622092e-11
-4.88606213499207e-10
2.2825012725238414e-10
-7.616290512294805e-10
3.8970632811662956e-10
-5.089812247183763e-10
5.750604905795088e-10
-3.1968729224646666e-10
-8.943002187622587e-11
-2.0296909115820015e-10
-2.7710020821402125e-11
-3.1928935381856684e-10
-1.8847694247597393e-10
2.0255662064386314e-11
-1.7345694736928163e-11
