[0.0, 31.0]
343.1332688316878
0.9744822139634438
-0.011242423948934037
-0.0019530724998101663
-3.832044761369894e-05
-1.534571458816357e-05
4.2739628622447626e-05
1.0353560471719629e-05
-1.6915909635349984e-05
-6.0206517253051046e-06
4.037392585729053e-06
2.312671917860676e-06
-6.834427627749874e-07
-5.56115896771956e-07
8.583408373686745e-08
7.881989669160451e-08
-1.477016167303261e-08
-4.705183676684252e-09
7.006799528756406e-09
1.421921669711126e-09
-3.6625697414007313e-09
-1.5988813305477808e-09
1.4625494080617365e-09
8.461856605095928e-10
-8.438033564881204e-10
-3.639905597916751e-10
-1.1362656628897314e-11
-1.1161730510731633e-12
3.610194723653189e-11
-1.7404754579613495e-10
-2.1918213906480323e-10
3.6256415007931355e-11
1.3047315796426584e-10
2.2119030584076713e-10
3.934363080209349e-11
6.89462180904133e-11
4.1507598978639343e-10
-5.556569817088704e-12
3.9785496030727045e-10
1.4780239196888556e-10
4.357015519596946e-11
-3.861149845312706e-11
2.9875717825369885e-10
1.988738523966088e-10
-1.5679830448284088e-10
3.119432517820746e-11
2.3697263298228024e-11
-4.2040631551970967e-11
-2.2414982670006375e-10
4.184204374688247e-10
1.6653223927099721e-10
2.2585443100652824e-10
-1.3074096643723424e-10
3.105246783302945e-11
1.0650694202235836e-10
3.493417721011378e-10
-1.9643401748619215e-10
-8.097253634642521e-11
-1.0619862342369043e-10
4.3246176985470084e-11
-2.824267510943316e-10
-8.615629221863509e-11
-2.602866774554905e-10
-1.1461351710082658e-10
-4.906042100823926e-10
