[0.0, 31.0]
7.231936000679191
0.023179431174308596
-0.0006965717453644368
-0.00038922103443413646
-7.990566210575462e-06
8.368938196597443e-07
2.8360512993255945e-07
-5.429703610456733e-08
-4.323177083059565e-08
2.1883977639533724e-09
7.990185909700475e-09
1.6679922175160276e-09
-9.645543005585912e-10
-6.652778337187751e-10
4.686632227902964e-10
1.2555868123522448e-10
1.7468775865639414e-10
-1.4853522490474495e-10
2.683816486279202e-10
4.5876497561466846e-11
2.6349194832794904e-10
5.2570887280288865e-11
1.185615745768139e-10
1.5274463845936595e-10
2.7909805380341104e-11
1.8372692626448347e-10
9.53036643066398e-11
7.94084350455005e-11
1.6926736001935846e-10
6.825073639603688e-11
1.053066087045324e-10
1.148650692860705e-10
2.128972059306957e-10
9.764848480527591e-11
1.9371517642475294e-10
1.8265893985412722e-10
3.597948871279382e-11
2.747281160188541e-10
1.6942636578357069e-10
2.087032728716597e-10
3.2971815129566583e-11
2.771593435487543e-10
2.885889521025412e-10
2.392778861322409e-11
1.2174110083353333e-10
-9.593925221226361e-11
2.2941347074317896e-10
1.6039256987059175e-10
2.6332277017170735e-10
2.153581518399064e-11
6.838482507256288e-11
6.504641073898267e-11
2.1834079284849652e-10
2.9676564493579883e-10
-1.4670186687961453e-10
-5.775858076581557e-11
-5.765058334919995e-11
-2.701814282282814e-12
2.9361591656625126e-10
1.545774313538518e-11
3.0122712833488697e-10
-5.1913242012635386e-11
2.2849401439856326e-10
-8.655242104339423e-11
1.6833425585086748e-10
