[0.0, 31.0]
274.17387141701636
-0.5587303973299054
-0.04704638253669381
0.0025753698949248774
0.00011575852889667773
2.2188782408230555e-05
-5.170316358206359e-06
-3.219830819629236e-05
6.089383689179595e-06
7.917021640561861e-06
-4.641999791640031e-06
-3.743673672188565e-07
1.9011205921581794e-06
-4.361131482145417e-07
-4.781334014835958e-07
2.6653554602343575e-07
6.119390970075736e-08
-1.1222946610271373e-07
1.1075984204078893e-08
3.820488439895237e-08
-1.1943554481155894e-08
-1.0893464409815343e-08
4.33849821484225e-09
2.8700534197797776e-09
-2.116568227949501e-09
-4.456158157753074e-10
-2.211978264803679e-10
1.3519278658908786e-10
-7.528338958355006e-10
2.7553148481052847e-10
-1.8075739071424751e-10
2.0970319411454264e-11
-5.153614051998062e-10
2.7034321563871105e-10
-2.3474174749280786e-10
3.369287322701591e-10
-5.536105513191908e-10
2.787869794685284e-10
-8.171010986727532e-11
3.267983495806209e-10
-4.2994120184915397e-10
9.864790298295521e-11
-3.1517467775743066e-10
3.664553975036271e-10
-3.191431599392522e-10
-2.0526911706502033e-10
-5.372439041852462e-10
1.3588566075111472e-10
-4.999395362264003e-11
7.201585052551151e-11
-4.6437069139498943e-10
1.5195798333555103e-10
-1.0639687043276909e-10
2.2180048704033736e-10
-1.7572526559624597e-10
-7.848777679552451e-11
-3.862302518062755e-10
-9.486543848034352e-11
-1.1561235372615443e-10
1.9169016143571405e-10
-4.976616940952867e-10
2.0694324919138855e-10
-5.159843941741473e-10
-1.3180382973808112e-10
-3.553976719258168e-10
