[0.0, 31.0]
-10.71951603827109
-0.08589827931671762
-0.0029809053220398425
0.0004680472646024143
-3.4901572996676033e-06
-1.035241480604473e-07
1.984219348074037e-06
-3.8370721693618523e-07
-1.6543135818476215e-07
1.2541172408691396e-07
-1.4550536348408785e-08
-2.2248257930993226e-08
1.2578003994873844e-08
8.510731567020984e-10
-3.546971625547147e-09
9.316366982310235e-10
5.568607544243666e-10
-5.884538381455584e-10
1.885764594839437e-11
1.2218775464937708e-10
-3.0792859728214404e-10
1.8732443264724996e-10
-3.109232838702715e-10
2.1479648629813835e-10
-3.6813700260907247e-10
2.4487432973936377e-10
-3.5828109540116553e-10
1.6398428074613266e-10
3.1642210709498424e-11
1.0800796020929877e-10
-1.9451992611702322e-10
5.4094497734742755e-11
-7.210297591542471e-11
-1.6058528534928844e-10
1.2220342310486034e-10
-1.9379153581583273e-10
1.1426185132756699e-10
-1.3500616564956613e-10
-6.804268046515816e-11
-4.8307973585352886e-11
9.303057967825615e-11
-1.7957373581765506e-11
3.444171388795052e-11
-4.867981260088616e-12
1.1760574674648318e-10
-5.4527784980971866e-11
1.92831271472322e-10
-3.4252999780448027e-10
1.0611768224017229e-10
-3.3991410645300753e-10
3.920109533206186e-10
-5.140423786898782e-11
9.550128554913695e-11
-2.216533389891874e-10
4.0624416326819184e-11
8.383651956972994e-11
-9.010125255874637e-11
2.0619653782011177e-10
5.4481713539615155e-12
6.879265998622775e-11
5.288860330362471e-11
-6.100414819195473e-11
1.5048467893070315e-10
2.5937862808437052e-11
2.6687677781659457e-10
