[0.0, 30.0]
20.792595804479845
0.11273322412077331
0.014687650116294254
-0.0002502780768642477
1.2553648835374107e-07
2.93807771617025e-06
-1.8971256089596228e-06
6.369931126662425e-08
1.988210259035631e-07
-7.602207485307414e-08
9.055541955336956e-10
1.0827638634362105e-08
-7.245183032663914e-09
7.095981593425563e-10
8.054027111723165e-10
-6.436078101664225e-10
-6.302009552850913e-10
-1.4101279729196678e-10
-6.009430716181831e-10
-2.918576798770592e-10
-8.487779585694533e-10
-4.3224707746280773e-10
-7.219399642738725e-10
2.4161249003106165e-10
-6.05616347587185e-10
2.884984577136802e-10
-4.568563591702496e-10
3.3398296000520723e-10
-2.743852782648448e-10
5.004941370791766e-10
7.255326214480665e-11
1.8056907088802915e-10
-7.95530929319728e-11
3.792730791402495e-10
2.2747832659782427e-10
4.1810364979109167e-10
2.1963227614835e-10
7.684678783133736e-11
-2.133290170497695e-10
3.65394325556874e-10
-1.623484812360721e-10
4.3570550417887127e-10
-2.9762971021928153e-10
2.1924404410965597e-10
-1.409106573312678e-10
2.4656852177680575e-10
-3.006931010846986e-10
2.532829743597845e-10
-2.512291742822311e-10
1.8466080245609077e-10
-4.697223133436426e-10
-8.318458563982403e-12
-3.0831363449359957e-10
-2.2347632102492213e-10
-3.4632684211826476e-10
-3.042020596434435e-10
-5.380016577249403e-10
1.9410830578954075e-11
-6.162196038996174e-10
2.894125861979916e-10
-4.365241520339712e-10
-6.384850446844129e-11
-2.389434374395126e-10
1.0631115431353945e-10
-2.4733600197497003e-10
