[0.0, 30.0]
228.33173415246847
1.4000152597902236
-0.0056348096260196556
-0.0023905547050660975
-3.844837979448445e-05
-1.4033029568076804e-05
-1.709157560203709e-05
1.717155821291244e-05
8.25861057581571e-06
-7.357710899867298e-06
-1.5949455595061549e-06
2.2017025595478847e-06
4.363972599201949e-08
-4.545387312809828e-07
9.446321470111282e-08
4.9344363826138214e-08
-3.703328887745167e-08
5.049751626979722e-09
5.219415965786187e-09
-3.3736914250679614e-09
2.2566765648364354e-09
1.303220868172539e-09
-1.6737286471795318e-09
-3.7789337063721294e-11
6.69494104732077e-10
2.4607213330779263e-10
2.4642075267548637e-10
3.5280785388702947e-10
-2.944598238639254e-10
-7.849142990349562e-11
-2.0697021009747108e-10
-3.280195140999419e-11
-3.561707832405685e-10
-5.558047560729824e-10
-1.8826449027748888e-10
1.240279662975246e-10
-3.0710221582033197e-10
5.3190984601303435e-11
-3.6750564542886667e-10
-6.145237194928158e-11
-7.13984012056056e-10
-1.473964826255017e-10
-3.2929883816368864e-11
1.3458603761398963e-10
-2.0819445825249606e-10
2.765484900311879e-10
-1.6385894915348246e-10
3.7524482019979225e-10
2.5044064097536513e-10
-1.04173445080247e-10
1.9908497398767024e-10
1.1624906402265356e-10
5.66950373426433e-11
1.376535944929563e-10
6.471757894525114e-11
7.814595326106549e-10
1.2711077549920673e-10
5.364719828283595e-10
-1.6090515467286218e-10
5.304788587452806e-10
-4.266169636101007e-10
2.4263835969032233e-10
-2.661978767269584e-11
7.610858179725064e-11
-9.58127022317628e-11
