[0.0, 30.0]
13.274679901929206
-0.5049958369328132
0.04086289821529826
0.0020745707390964663
-6.015688739761411e-05
5.775304978070056e-05
7.875008629930156e-06
-3.0951421167175885e-05
-9.55015755945159e-06
4.92971139560659e-06
3.968644913370503e-06
2.848135152059649e-07
-6.451632484636464e-07
-2.2680889107761877e-07
-3.364170976377108e-08
8.657848124730182e-09
2.6091213469467346e-08
1.539535372145718e-08
-2.8598808457997904e-09
-2.500087587691116e-09
5.35176121056467e-10
-1.5128837405477093e-09
-8.031361946024181e-10
1.1780535858057908e-09
-4.9432609655450096e-11
-3.5827751176430056e-10
-2.2417085644039728e-10
4.122468339223141e-10
-2.5310447195658753e-10
1.3237348614552848e-10
-3.692514239525215e-10
9.42422020322421e-11
-4.5258887066951644e-10
1.9273854875542317e-10
-1.3235086704764372e-10
7.750224997526692e-11
2.16742265775153e-11
-1.404946868436158e-10
-6.511703966850385e-11
-1.8657628841260906e-10
2.1760442763271405e-10
-2.6697853566595598e-11
-8.069062401482567e-11
1.900794085301809e-10
-2.487588577498829e-10
1.0027465855564619e-11
9.831633161749419e-11
-1.402150320368749e-10
2.2156008613438133e-10
-7.454032757041597e-11
-2.4638697439230823e-10
-1.4775928458489103e-10
1.881514638810879e-10
-2.2879139292008744e-10
2.3647267176005714e-10
3.74463477731187e-11
7.735133412252293e-11
3.249992052399601e-10
4.0452281552822073e-10
8.107518867715031e-11
4.851041266936941e-11
2.9005092555849e-10
8.944072337624419e-11
3.5791592077252875e-10
2.3078440610772138e-11
