[0.0, 31.0]
17.59214890049787
-0.32006116012890196
0.007409426049727683
0.000623249984760483
-6.102896877998703e-06
-8.553443609204974e-07
-2.7778051080495284e-06
-7.979534074935825e-08
3.5373836844277747e-07
4.964291809585974e-08
-3.467541455661345e-08
-1.0085315239399994e-08
-7.42708764147165e-10
6.001891207709987e-10
1.7350255844528407e-09
-4.491196770742307e-10
2.654405911257452e-10
-4.490836556796793e-10
1.5565543305903428e-10
-5.089612555615043e-10
9.816663065551979e-11
-3.107369157372332e-10
5.054136405392012e-10
-2.407303570865747e-10
2.8873250740958507e-10
-2.7222835224759545e-10
2.772019870450969e-10
-5.5424708269730884e-11
4.179872140866056e-10
1.6093389202945032e-10
-1.3478094897782704e-11
7.705436233290627e-11
2.2021401946200165e-10
2.7748420285161178e-11
-8.154053681953248e-11
1.742002033199243e-10
-4.261598148431144e-10
3.939150788265135e-10
-1.9006832882035858e-10
1.361643611081759e-10
5.363596992451467e-11
1.8583543204625638e-10
9.315125261258245e-11
8.305456823256889e-11
3.762432368247604e-10
-1.6574493513523291e-10
1.6783826288113864e-10
-2.696978567626546e-10
1.8320228879680747e-10
-3.9138716348847257e-10
4.200018159614715e-10
-4.190580703673329e-10
1.1538585942397429e-10
-3.2394761165206705e-10
2.0843546564097178e-10
-2.7764452831915064e-10
4.994023976300605e-10
-4.95681480249705e-10
5.635445043253574e-10
-1.2503925557501812e-10
4.6266321408479314e-10
1.0099723343518093e-10
1.288330304808174e-10
-3.0101157116145727e-10
1.196090142066257e-10
