[0.0, 31.0]
-9.657558554475257
0.1129240944779344
-0.009794957403990237
1.2132752604819909e-05
1.0051519912844928e-05
-3.1847792495274394e-06
-2.221759824035592e-07
3.552772165929837e-07
-9.76975296706107e-09
-5.321443102212038e-08
4.808140610246857e-09
1.1842819205101318e-08
2.5271611212819002e-09
-2.8642392475598732e-09
-1.47612725031469e-09
-2.41442122252678e-11
4.819557550231076e-10
9.348422110119807e-11
-2.4606048877350703e-10
2.2474483111818828e-10
2.134704359871845e-11
4.643723501270418e-10
-3.490397228629766e-10
1.637368969171403e-10
-1.4293796440160375e-10
2.2061656656932112e-10
-1.4712357659116122e-10
3.5640196552524605e-11
-1.8624245950907505e-10
2.869463178297729e-10
-3.0136238310307303e-10
3.980793458210055e-10
2.2718692155864234e-10
5.869068154654896e-10
2.3276225931080215e-10
3.8538216512994185e-10
-4.3186366298858867e-11
1.7706855695097756e-10
-1.1305383176786089e-10
1.5718354894459453e-10
3.6925033634382634e-10
-1.547829710002974e-11
4.757312669005566e-10
4.851213064813398e-10
1.4835129098609947e-10
4.277082601488966e-11
5.204363076739576e-10
-1.1553135112847681e-10
4.0018985768849417e-10
2.6590480585609153e-11
1.0274972315456815e-10
1.205069487734821e-10
1.382767874823531e-10
-1.446213909697241e-10
2.1295875185216924e-10
-1.8441594753523573e-10
3.249844870429866e-10
5.136337482181917e-11
4.948643085986395e-10
3.7272972802156397e-11
5.96453392047442e-10
4.8088818440999635e-11
6.612508326745964e-10
2.3288786485240085e-10
5.305578375852826e-10
