[0.0, 31.0]
0.7931363746345345
0.09098163418661101
0.0009878658681683427
1.0604655361582738e-05
-4.953821064411221e-06
-6.934643791967745e-07
2.78522714017166e-07
7.977796454325317e-08
3.612148207673267e-08
9.437352894755381e-11
-1.145327772839434e-08
-3.6331786474681847e-09
1.011074330600918e-09
1.0378218430081961e-09
6.745588268777884e-10
-1.797195751281852e-10
-1.4085688560552467e-10
1.474097858683303e-10
3.089359767645426e-10
-4.548854369977624e-11
3.5465962364749495e-10
-8.66285546387161e-12
1.1837372296188102e-10
-1.1547427201936326e-10
-1.9283416443537286e-11
-2.2002329934313285e-10
2.109356578926616e-10
-8.298179652296631e-11
-1.1830220292479118e-11
-2.4840268330074485e-10
1.1430366754558107e-10
-4.4376089483355894e-10
-1.0571572334923546e-10
-2.6659435100762246e-10
8.391263327631235e-11
-1.4804510151449394e-10
3.6014584882828503e-10
-1.7776357427073453e-10
1.7689628616219765e-10
-4.1239914370245805e-12
2.4926639915939435e-10
1.1765413910258399e-10
2.2003759916729515e-10
2.834307189925889e-10
2.2826498738426284e-10
4.728745142909198e-12
7.019598030103684e-11
-1.6796689794079025e-10
2.405855998884272e-10
2.0353383673832038e-10
2.0493529662790375e-10
6.199771073832098e-11
1.8086362591164338e-10
-1.638254682065237e-10
-4.006406671661005e-11
-2.1957989803864013e-10
-2.114154557550265e-10
-1.130124252180352e-10
4.66437374983681e-11
-2.673359693459838e-10
-9.153122324513744e-11
-1.6266144497848184e-10
-2.047214968527062e-10
-3.6198661398593615e-10
-1.1409520829272433e-10
