[0.0, 31.0]
-20.464736816282663
-0.45380279036734067
0.008751025100195384
0.0014217000356331426
2.664841819407399e-05
3.8661855911489e-06
-2.3446712041231704e-06
-1.040202861370735e-06
1.8355942978020142e-07
1.6118567688081012e-07
-2.33908948323694e-08
-1.929289163898387e-08
6.268991294218971e-09
1.5524913582963179e-09
-2.1016658868297355e-09
-2.33725472474204e-10
6.889443109763402e-10
7.067264128200865e-11
-1.660465275932188e-10
2.948177701587057e-11
-1.8473997368611386e-10
-7.96474501310193e-11
-3.503025781230266e-10
-8.279244610296767e-11
9.318214339326066e-12
-4.863085458041992e-10
-4.0117760466713956e-10
-5.471775181569723e-10
-4.267663782978998e-10
-3.1896879481870863e-10
-2.6907626232075287e-10
2.6152825788926325e-10
6.797517361347061e-11
3.963275185869334e-10
1.2222039460556404e-10
-1.504140808444379e-10
1.595725484245259e-10
-2.2296337027563524e-10
7.586861561487896e-11
-2.473712296606242e-12
3.1840725785758266e-10
4.610737601942501e-10
2.6851159605939235e-10
5.721765156299697e-10
6.453711960654971e-10
5.849695320170271e-10
6.474445422731852e-10
4.865004095838578e-10
6.391410691253059e-10
4.185698162846456e-10
3.8302369848988535e-10
4.0531984263280796e-10
1.5768694701868818e-10
4.677515380137369e-11
2.8684744423213486e-11
-1.1308375107392779e-10
1.8554870687805502e-10
5.765058623153964e-11
6.347945342074186e-11
-1.06195869289054e-10
3.158741707382426e-12
2.7765233894786157e-10
9.650785488849535e-11
1.9412484301235558e-10
7.902634017965198e-11
