[0.0, 30.0]
26.352399254210738
-0.5499201006201442
-0.03179006879852019
0.0019046770646201602
4.8575817711643435e-05
1.961339894621271e-06
3.590493468124583e-05
9.038788347399267e-06
-8.098904487476022e-06
-4.591601369915945e-06
-8.891870957158228e-07
6.217499244820596e-07
5.900040674273322e-07
2.2094665692141488e-07
-1.319984046027788e-08
-6.44987689196876e-08
-4.7328033793216324e-08
-1.3444951960676537e-08
9.173774046683004e-09
7.645662293566147e-09
4.647440413796775e-09
-4.909281523347004e-10
-4.174719804462196e-09
-4.247423289022303e-10
1.2854360509257671e-09
8.477511203013633e-11
-1.6088614924820595e-10
-3.5867985859171176e-10
4.0930281671189396e-10
2.59697405562585e-10
1.5995968694066857e-10
1.3369252886585898e-10
1.2757806863107634e-10
2.049517970547497e-10
2.0250900157620416e-11
-4.302025710222133e-11
6.842044606881938e-11
1.6132870315921291e-10
2.6219747597564206e-10
2.884951643902168e-11
1.7578005566656398e-10
-2.345581802395702e-10
-3.434606226316726e-11
-3.0246046084139854e-10
1.3283771854944874e-10
-4.078000698464637e-10
-1.0816767384563726e-10
-3.160061967487889e-10
8.913558472358387e-11
-6.273202916516818e-10
1.943765013428464e-10
-1.9231467632319742e-10
-2.4133198520924385e-10
8.152028624459188e-11
2.3136092095930905e-10
-1.341672599005344e-10
4.029707799739548e-11
2.6475008906890697e-10
-9.118286395817263e-11
1.329345260631081e-10
-2.6906593581442566e-10
2.803544629626746e-10
2.0556193974571798e-10
-1.593186263048903e-10
-6.496559227617916e-11
