[0.0, 31.0]
6.830546600792613
0.04734065375648667
-0.00694166903614836
-0.0002259669884466783
1.9850381944487713e-05
-2.162172609284039e-06
-9.547180973582304e-07
-5.148738005637973e-08
5.157252822486807e-09
6.758736874154743e-08
2.527399738910638e-08
-5.673492109296286e-09
-5.932851842733343e-09
-1.6398176154913408e-09
3.372205565316886e-10
3.3229260445398756e-10
1.9836523414965774e-11
-2.6812782980750544e-10
4.0898130582436224e-11
-6.407807292696673e-10
-3.687893204500695e-11
-4.249960734771255e-12
1.0837466772648185e-10
-2.8814024012085645e-10
2.1141610419435405e-10
1.1528684416051654e-10
-5.338101890284586e-10
-1.0844714539824443e-11
-3.640017441859507e-10
-3.1885817598094466e-10
-6.211436479487969e-10
-3.801587267082798e-10
-3.949052463985995e-10
-4.6286400764256583e-10
-2.313503666047742e-10
-4.4312283160935827e-10
-6.139426320712405e-10
-1.5482369720965492e-10
-5.723789680689986e-10
-2.34097293148301e-10
-5.089942059312526e-10
-1.0714298866039096e-10
-7.686201898543493e-10
-3.4325039554499723e-10
-8.947085807460359e-10
-2.347829169837078e-10
-9.009819714992963e-10
-7.456512975378601e-11
-9.463340341906131e-10
-6.3519161588462964e-12
-6.914525133495959e-10
-3.832727249229654e-10
-9.609001597612678e-10
-3.4160865263498266e-10
-4.3633633102426787e-10
-9.921841347270852e-11
-3.4712450276917893e-10
1.9763685565905212e-10
-6.04754219803823e-11
1.2265460952113022e-10
-3.541155614604996e-10
1.7331419521668595e-10
-2.0079307182799074e-10
-1.2239293124342994e-10
-1.224382120341569e-10
