[0.0, 31.0]
200.81509731506924
0.8042572195725897
0.10249071899108374
-0.0016431029531752488
-1.7079369629582425e-05
-3.7369239718474245e-05
-4.067849374969177e-05
1.994181394619464e-05
1.666702331940075e-05
-8.346245686533268e-06
-5.226471615070773e-06
3.3666061188198144e-06
1.38160275217892e-06
-1.3605270592505707e-06
-2.678048772580733e-07
5.345268432614186e-07
-4.691484909267374e-09
-1.939336236681989e-07
4.08476488440471e-08
6.133293616491797e-08
-2.524925034838494e-08
-1.733192327156863e-08
1.0147204093031184e-08
3.910266151939445e-09
-2.771229285690962e-09
-8.554664285030906e-10
9.971201361240463e-10
-2.4318366423836815e-11
1.6086918602113957e-10
4.030116007888949e-10
-6.895328030775974e-10
-1.0326426266418601e-10
-5.4125937986089497e-11
-1.2294683738051182e-10
-1.4474268487974875e-10
2.6054462633302057e-10
2.1700756497924695e-11
-6.356501692782644e-11
-2.452188327665743e-10
3.4540915395825635e-10
-8.4260313697033e-11
8.332840805943798e-11
-1.9374231340347503e-10
-4.4050376656662714e-10
-8.488391346310777e-11
-3.3951491494554853e-10
-1.7152614921438998e-10
-5.8099159831846154e-11
8.125260159549655e-11
-1.076747768516905e-10
-1.181188603161865e-10
-1.3812384151613775e-10
-6.849722973486961e-11
-2.3264518680860585e-10
-1.8403446315028862e-10
-1.4686133150318854e-10
1.6256484377789816e-10
-2.1799620905137046e-11
-2.0779688218788608e-10
-1.8688286301343023e-11
2.366248774356186e-10
-2.548525847529402e-10
3.0269043476119984e-11
-1.5522576830204754e-10
8.07603945237095e-11
