[0.0, 31.0]
214.1577427268
0.41660388078014304
0.1075382179781405
-0.0008998194345801668
-0.0002187196613436277
2.51843192844351e-06
-2.8459605912570358e-05
5.663467047853075e-06
1.811572015365448e-05
1.5036000649150007e-06
-5.381586791142697e-06
-1.6741263552389478e-06
1.2473071425268504e-06
5.928596541001428e-07
-2.621562039682608e-07
-1.4537310073945688e-07
6.55784547739358e-08
3.106347971086425e-08
-2.2018825762976254e-08
-7.922269231709255e-09
6.590299812412567e-09
2.6062580879948534e-09
-2.05242881794343e-09
-6.44688858005268e-10
-2.6838301666851816e-11
5.617137867723086e-10
-1.4114921863180714e-10
1.3090753006108116e-10
-8.602496628425979e-11
1.6054385237759148e-10
-3.307197251228635e-10
9.462258976634592e-11
5.006328617071301e-11
-5.203826106894517e-11
-2.216782402774807e-10
2.3877052479120183e-10
-1.9851493294352269e-10
5.046268634674852e-10
-4.823703696013564e-11
2.2855498303048134e-10
9.521705033652394e-11
2.8150651629765083e-10
-2.0460653227320976e-10
2.902472217874379e-10
3.755340381524664e-11
2.3470090536525636e-10
2.632540742321072e-10
4.943110079298216e-11
-1.1027065598275721e-10
9.49498097591007e-11
-1.8110465144967348e-10
4.8753386848702666e-11
8.957570043529286e-11
1.795319850577e-10
-1.0366622065074927e-10
-5.585208957796633e-11
-5.300948333967436e-10
-8.600723367014624e-12
-6.56995196052034e-12
2.698127451232902e-10
8.213527458402078e-11
1.4463162263264517e-10
1.1845130965825106e-10
-2.1766907896310358e-10
-1.189378885662254e-10
