[0.0, 28.0]
38.558835409865765
0.3877611850396618
0.044124364814381555
-0.0009285984587010787
-5.880795054851578e-05
4.793833547390603e-05
2.7249641458872662e-05
-1.2952567205502976e-05
-1.1484804123977976e-05
-1.3769975997568944e-06
2.414661195705032e-06
1.82660657469427e-06
1.0672083584939124e-07
-5.325988460438475e-07
-2.6874039080453296e-07
3.0324138640123046e-08
9.477263942696554e-08
3.948132520111688e-08
-1.573002427450462e-08
-2.047447341379449e-08
-4.717757081487402e-10
6.46671634337143e-09
1.4917097257661946e-09
-1.1882967648224882e-09
-3.287071327174441e-10
1.6745348842611353e-10
-2.0857198693969385e-10
-5.139009266975114e-11
-2.039707673220818e-10
3.6749220292178253e-10
-5.337985131233573e-10
6.953259851613585e-11
-4.0426291561409317e-10
-2.6642701918448495e-10
-5.754227241103373e-10
-8.966343599047235e-11
-4.3507335100949795e-10
-1.322613320701962e-10
-3.835434513547376e-10
-2.544273217532624e-10
-5.005018577405565e-10
3.023881279977241e-11
-4.605788115443936e-10
-7.1003557412962e-11
-5.914441328324014e-10
-2.646188998182966e-10
1.48426289200699e-11
1.7773167286335105e-10
-2.470171440880396e-10
-3.000980939438443e-10
-1.651696730778506e-10
7.333022358434479e-11
-2.047636581497185e-10
8.966188311283732e-11
-6.970798439151857e-10
-2.99470344469054e-11
-4.6059994734178875e-10
-3.5635960422332584e-10
-2.0275361535446785e-10
-2.0756470243587245e-10
2.869749542736155e-10
3.6313250192053086e-11
-1.3646208487340155e-10
5.723290541875514e-12
-2.2955264356643468e-10
