[0.0, 28.0]
261.1399734089819
0.9459818339401571
-0.06336687722980658
-0.001553815647791378
0.00010922936763354534
-4.678950629634941e-05
-1.6184317829443116e-05
1.5110945018282113e-05
1.3519313799148207e-06
-6.012953480635623e-08
6.055674972920048e-07
-2.0384157731526718e-07
-1.5730259342407236e-07
-8.388689027511698e-08
-6.92686920538295e-10
1.0989133624090101e-08
-6.5609786655722e-10
3.862602153643401e-09
6.263945711909022e-09
1.46413921265856e-09
-2.617156567018768e-09
-2.2993762317493405e-09
1.6951518775796842e-09
3.6364937152602603e-10
3.98726295524649e-10
-2.8134972821998637e-10
7.130637393648414e-10
-6.117584067021486e-11
5.44755241421314e-10
-2.3146297642492853e-10
6.502398114341847e-10
7.314877190651755e-10
4.5105134572665894e-10
5.657179047774073e-10
2.9282659358489373e-10
-1.0204275250295514e-10
3.098780090729638e-10
6.655286045812981e-10
-3.888757288268668e-10
8.168846692050196e-10
-1.2255398346581943e-10
3.9311284503915977e-10
2.8025269153868594e-10
3.797619187409018e-10
2.95942508982184e-10
2.667491712295094e-10
3.215207392580444e-10
2.132390260316239e-10
4.160013391814296e-10
1.5719453477613718e-10
-4.3975961357772334e-11
2.1343287253343284e-10
-1.0332356086244389e-10
2.0286399310609203e-11
2.546578061650752e-10
-2.9687829933427376e-10
3.102090798141371e-10
6.201740765501453e-11
4.222903978473201e-10
-2.3551127052281104e-11
3.923101797139276e-10
2.6825144944148804e-10
4.4124147706811495e-11
3.1144189393611073e-11
1.9436295965860503e-10
