[0.0, 30.0]
347.6979102897061
0.06221162050152465
-0.05124644870735411
-0.00011910293370227665
5.3352474424830456e-05
2.669428945422507e-05
-2.858135070829732e-05
-1.0363178580481332e-05
1.5473147399324557e-05
3.453957280327227e-06
-5.588869639286314e-06
-8.259431165900224e-07
1.8934669117122712e-06
8.067936692527598e-08
-6.284485386591587e-07
4.635584330400788e-08
2.0211807529575825e-07
-3.814056289654674e-08
-6.224564466682812e-08
1.8915626373058948e-08
1.8301283067795148e-08
-8.40808710173413e-09
-5.443511972162261e-09
2.6153733709124362e-09
8.235462168997722e-10
-1.2806999281889083e-09
-6.117005059071086e-10
9.324924578195248e-12
2.882572650767863e-10
-2.7225870452799903e-10
1.0664503693158803e-10
-3.269684593071542e-10
6.353002364254419e-11
4.1459031665156534e-11
8.005913600748422e-12
-1.8266496948443496e-11
-5.707734774291451e-10
-4.685578176423152e-10
1.5548506230884505e-10
-2.6693142346085947e-10
-1.90897782781652e-10
-2.976955837835696e-10
-1.9207917072120887e-10
-2.7918901329122544e-10
-2.054748433830464e-10
3.248172832367952e-11
-2.7687715526170337e-10
-5.609690677437551e-10
-2.989285562110265e-10
-9.594515873536544e-12
-5.639579329043284e-10
-1.7225534808237177e-10
-5.018956300801752e-10
-7.694571131763329e-11
-2.681903983439383e-10
-3.735061249507583e-10
-2.1385011786133172e-10
1.351500577242472e-10
-2.5403914959863603e-11
-2.750292776863632e-10
-5.6290530436688927e-11
-3.634825202839088e-10
-1.634001788971818e-10
-1.3489078823147967e-10
1.3548256723925154e-10
