[0.0, 30.0]
336.4824844158911
-0.018481272387901936
0.0548494481265869
0.00015688423156109445
-7.384227209407049e-05
1.6366562707746734e-05
-4.9557438453874634e-05
-3.320589441386603e-06
1.3078683034339359e-05
-1.2492554422977466e-07
8.745164464090877e-07
5.09335741348956e-07
-1.0421526448570488e-06
-1.865418840644175e-07
1.8762947196658657e-07
9.314833985596188e-09
1.44637191848749e-08
1.763834647370975e-08
-1.378562656562593e-08
-8.146184743426774e-09
2.063769943568785e-09
1.8335645054770586e-09
-4.622775039056701e-10
-2.9064172884316764e-10
-3.321760324441522e-10
-5.3860394204414505e-11
-5.483554435962577e-10
6.710109719791189e-11
-2.2259473296055394e-10
2.923723752335361e-10
-1.1589559972931688e-10
-2.181921332315724e-10
-3.9202628385817455e-10
1.198715135850237e-10
-1.7523324198365398e-10
-3.028896974787e-12
-4.364115401217664e-10
-2.7295528454854823e-10
-2.023899722886631e-10
-3.1260060570780834e-11
-2.5240086897881464e-10
3.295125339135027e-10
-1.3347336210958095e-10
1.696587161472627e-10
-2.8667002003227394e-10
1.1956262291983813e-10
-1.8598147872040695e-10
-3.433992682195101e-10
-2.8946911055873584e-10
2.5251727572033574e-10
-1.8045997661658136e-10
1.485166108392221e-11
-1.413880334974446e-10
-2.9097628253685465e-11
-3.0682063962052576e-10
-1.9370517648780607e-10
-1.6169310962856283e-10
2.256181352831208e-11
-4.717569217248803e-10
-1.3300815778606209e-11
-2.094297202104499e-10
2.016037351878726e-10
-3.150405891617918e-10
3.9207701179515664e-10
-3.681990120714789e-10
