[0.0, 30.0]
333.3848237074351
-0.6734485274051375
0.02169036744869552
0.002724859287593737
-5.2214491856875905e-06
3.730832355761211e-05
1.8349550033646705e-06
-2.5938713535743374e-05
-2.3047356524449132e-06
2.490720471204291e-06
3.8886429333476967e-07
1.3256712704351408e-06
5.121573112615133e-08
-4.625218802463404e-07
-4.273631603291013e-08
2.9903788615621726e-08
6.030002025761288e-09
2.0621986049547132e-08
3.0612101997459564e-09
-6.341077994960697e-09
-1.9127279214164303e-09
6.067688820837922e-10
9.8985507102508e-10
4.327638849850206e-10
-7.347826689648888e-11
-4.114021535480362e-10
1.2356868022591715e-10
1.1800955221607624e-10
3.252744661718513e-10
4.3729580599977997e-10
1.2424953017130899e-10
1.6801790498739222e-10
3.667417790985403e-10
1.8844997940099496e-10
2.490042328431913e-10
1.623187801638162e-10
3.9638167403109584e-10
7.063982040050755e-11
3.9157038688065363e-10
1.7219255840306132e-10
-3.614824259764695e-11
1.0658965565824687e-10
-1.229572000649227e-10
-4.434632292256546e-11
1.9636438377273394e-10
-1.0984073093215653e-10
-4.127759726294015e-12
-1.1786501985746708e-10
1.0332290961263656e-10
3.4514163805383516e-12
7.567527648154313e-11
1.5625457892778423e-10
2.1190808466774845e-10
-6.662898518428941e-11
8.406346833517355e-11
2.1559983459297086e-10
4.994883374589389e-10
2.9708859200924014e-10
1.9519211981546108e-10
1.9137182082933932e-10
2.046968276619708e-10
-1.0441262982178588e-11
5.620255580911612e-10
2.221432335119109e-11
5.121182233449625e-10
