[0.0, 31.0]
15.645869221137673
0.8639930671882966
0.016665541931517796
-0.0019630134667898784
-1.2498239137307353e-05
-1.600031147846524e-05
-2.4612068172971284e-05
1.7467213150935366e-05
4.883553684197337e-06
-3.695762621786072e-06
1.551370970783783e-06
1.590471293969462e-08
-3.4646505120806395e-07
1.4008562586507466e-07
-9.408180225293456e-08
-2.302846812126103e-09
1.4760180747112503e-08
-1.888997981196741e-08
7.495221816676434e-09
5.391118256550222e-09
1.0395763846507966e-09
1.3280439655727567e-09
-3.350307990118523e-09
-1.273207764688738e-09
1.3326441741273188e-09
5.312517142862647e-10
-2.1392359787590799e-10
-3.6780653190926964e-10
5.1898793289440465e-11
4.7745649898296216e-12
-3.294406029342706e-11
2.72577812129136e-10
2.0281048150726723e-10
5.87661186468386e-10
-3.8197785469594527e-11
1.2350112861667557e-10
-7.907453783794273e-11
2.9012465994418387e-10
2.684617519699015e-10
-1.1787521981454258e-11
1.2134500066627657e-10
2.1654412188664903e-10
-2.1722977574154655e-10
6.280852639986817e-10
-1.700825692113678e-10
-4.218857935328784e-11
-2.418661765209053e-10
-1.8428378840881047e-10
-1.6247951397268392e-10
-1.4962182095747364e-10
6.569372387182672e-11
-9.855633009699624e-11
2.2694506129022044e-11
-2.9014916285088983e-10
2.226435729648347e-11
-6.210705254881595e-10
1.0228510667350198e-12
-1.8694950798174964e-10
1.363699023987094e-10
-5.05931408624165e-11
1.875405092136531e-10
-7.131225974812555e-11
-2.906817504663328e-11
2.1599941216228408e-11
-2.1141332785060147e-10
