[0.0, 30.0]
3.80700462232215
0.13183349001364889
-0.004913940458964556
-0.0003493065031338393
3.658274943882567e-06
1.0847724955254195e-06
4.3257753255248144e-07
-4.828809095364491e-09
-7.090119411121778e-08
-4.944517395592751e-09
1.566658604755125e-08
2.386002655510577e-09
-3.3778715457862478e-09
-2.1267726276568588e-11
8.554709825620156e-10
2.2139085206825132e-10
-3.412246980149161e-10
-1.1343983719685096e-10
1.5959204396672467e-10
-1.457856455977826e-10
1.704575699705075e-10
1.2145370084852735e-10
6.868353408078582e-11
1.6183465167902776e-10
2.7987223135395835e-11
3.4425075937275003e-10
1.123903807056076e-10
1.9117054006575346e-10
2.477988142536401e-10
3.2866225661133206e-10
1.6938685911369696e-10
-1.5977629548896657e-10
3.362565447240024e-10
4.705379593946904e-11
1.159855349633707e-10
1.464884918786043e-10
-1.0461789631756532e-10
1.4575108949384835e-10
5.12716196295508e-11
1.6820641502036375e-10
1.7744625081500985e-10
4.874395318582558e-11
5.995992258230996e-12
1.010474020509095e-10
1.0055831036392922e-10
-2.9552583508744314e-10
1.2807130471968023e-10
-1.971415263188961e-11
-1.8059302974104296e-10
-3.155433753397812e-10
-9.693685542113648e-11
9.30443650159539e-12
-1.4734158639246104e-10
2.0326692801610427e-10
3.2367551045165475e-10
-9.810886133413761e-12
1.8299794655389738e-10
3.779829706723295e-11
2.8581936877959824e-10
1.4522639554003054e-11
6.723907433567077e-11
3.105245246987547e-10
-1.0023405533626782e-10
1.736132448906615e-10
-7.311624806975973e-11
