[0.0, 31.0]
-0.18895320163927698
-0.0217961285451193
-0.0001831665935827767
-1.2718558988565087e-06
-2.3399655039248524e-06
1.0746374860221085e-06
1.7987565948098236e-07
-7.237222586161798e-08
3.82770472917545e-08
-6.126779099195002e-09
-2.3892684015372005e-09
2.168568775939277e-09
-1.7769830536867315e-09
-3.092884839092783e-10
1.3365784822297535e-10
-7.572191746904978e-11
-6.339295441073525e-11
-1.1405527536166519e-10
-1.4664480530410432e-10
-3.0266404385840095e-10
-2.973388520302774e-10
-2.491800743442988e-10
-1.6770757783476979e-10
-1.943534009800056e-10
-5.7164277160673184e-11
-5.5166968929635125e-12
-2.508474960072171e-10
-4.21830729159845e-10
-1.9519453731473744e-10
-2.4349505138301756e-10
-1.8985182248288274e-10
-6.803416829404018e-11
-2.8789253621876346e-11
-1.1797652748395024e-10
-2.7702012057821575e-10
-1.8865484176293922e-10
-3.905408192312568e-10
-2.0627856093287274e-10
-7.904831892258906e-11
-1.4292082330768503e-10
-1.435332091030811e-10
-1.346964277156252e-10
-1.4571204412273383e-10
-4.981405499123994e-10
-2.859739544449912e-10
-6.267906833938218e-11
-8.613887861327444e-11
-1.797823441101011e-10
1.384552614971776e-10
-6.179636182841542e-11
-1.4870392224094558e-10
-2.2272660183938707e-10
-1.695349700306963e-10
-2.2034963380663635e-10
-1.5515458886632933e-10
1.6243573924321536e-10
-8.403386461320462e-12
-8.82597323706881e-11
5.712740566355529e-11
-1.3038371000964873e-10
-1.4270493528976353e-10
7.78314235364762e-11
1.070831831328929e-10
2.791764553105075e-12
1.23600959737918e-10
