[0.0, 31.0]
153.09227241594456
1.8280800625629086
0.05067485662119826
-0.0025254525742904417
5.127637570075089e-05
-1.8946649133221342e-05
-3.9385089232610304e-05
-1.1267409944249926e-06
1.4091614116099137e-05
-2.7268158816571512e-06
-2.7586625751783528e-06
2.0039856918982696e-06
2.987422618841919e-07
-6.451245411353624e-07
3.818513802604634e-08
1.505411451546387e-07
-3.8201637663744355e-08
-3.397237000800112e-08
1.5650024320334595e-08
7.275787386499179e-09
-5.374408986605085e-09
-4.498071910392041e-10
1.7181279937145719e-09
-3.7795959223396357e-10
-5.052266124869398e-10
4.781269621410535e-10
2.0470639296467082e-10
1.3998959744821492e-10
-1.9286744690866905e-11
6.929699790382354e-11
3.524259238529021e-10
1.4402395675464224e-10
5.757005749423642e-10
7.015715653828297e-11
1.8284933734433848e-10
8.975019278956374e-11
-6.06120121004322e-12
1.5051936298104615e-10
-3.714067473255313e-11
1.1623176502965966e-10
-1.4632394163777444e-10
3.5687976271697236e-10
-2.0017679480252815e-10
-1.929198125847296e-10
-1.0113360461638973e-10
-2.1309950840426803e-10
2.380726434301587e-10
-5.612948712210069e-10
5.967200544959669e-11
-1.8179796348680854e-10
-2.0821758097021976e-10
1.648330734835508e-10
1.4736618417248706e-10
3.502664380154121e-10
-3.616123689835783e-10
3.0727658805712067e-10
-4.496039366690059e-10
2.542230879138458e-10
-4.5778969438325483e-11
3.9426881591281063e-10
1.728266656239083e-10
2.0045029085873677e-10
4.173106076752857e-11
1.4064256701116772e-10
-1.634641569726119e-10
