[0.0, 31.0]
337.8692543186544
-0.4805784504369895
-0.04413911338907209
0.001880546536623305
3.4914637710644875e-05
4.0003787153290476e-06
5.6080026151070674e-05
-1.3824436164434289e-05
-1.5205859601245276e-05
8.078125095358542e-06
-1.0692728674106954e-06
-1.7499806973110118e-06
1.5414755873949014e-06
-3.7246786840497375e-07
-2.924507386894503e-07
3.045911563952333e-07
-7.630820195342002e-08
-5.6171205431379775e-08
5.7039681311343385e-08
-1.449221147585268e-08
-1.305541896928408e-08
1.2236217760556894e-08
1.6053377338672838e-10
-5.148913641110383e-09
9.721190504228815e-10
1.1245144843005862e-09
-5.717051000408518e-10
-6.009187040167338e-10
2.382387958361497e-10
-6.454542050277739e-11
-1.963767464295006e-10
-1.667202387262886e-11
-1.1688836514599358e-10
-1.7631182591432455e-10
1.1143597354253838e-10
-5.038042268053679e-10
1.3243524698289748e-10
-5.521573860271698e-11
2.9955582223370383e-10
-1.1041506643558826e-10
-4.2282390986752303e-10
-4.602401976793197e-10
-1.027920353555663e-10
-3.818387072403958e-10
2.2860254164803486e-12
5.5794174823446785e-11
-1.536874831556119e-10
-9.568933929711262e-11
-2.9638556914845707e-10
-1.7714481129317265e-10
1.6934571078121698e-10
-1.701333624327918e-10
2.0217319959487245e-10
-3.1497200207972296e-11
-4.79478468893869e-10
-3.3536078800142945e-10
-1.532192242832233e-10
-1.9379501039901372e-10
-3.783864615104444e-10
-5.563349761504843e-11
3.527052702647234e-11
-2.9726146871271874e-11
9.921916342217312e-11
8.819532228602893e-11
1.643542747476039e-10
