[0.0, 31.0]
-0.004746167291602964
0.0763962007434974
-0.00012611915201958486
5.958833016453657e-05
-7.23408877725443e-06
-5.553635148731306e-07
2.1390505281263507e-06
7.210524150059387e-07
-8.519247200992995e-07
-1.101676994935091e-06
-2.851281271774176e-07
7.06598828467698e-07
8.085298407909972e-07
1.1848451373533048e-07
-6.907192677362815e-07
-7.026541767025902e-07
-7.796242190458967e-08
5.827046292256014e-07
5.166874901358423e-07
-3.5391608917089584e-08
-5.589316309260248e-07
-4.401744028632513e-07
2.7010780229438305e-08
4.2872455379546986e-07
2.81135048081905e-07
-9.459917248472028e-08
-3.933604605982734e-07
-2.406200611680106e-07
4.049517976498645e-08
2.5511540767586054e-07
1.156058129551744e-07
-7.314891098533698e-08
-2.2497081241209052e-07
-1.1589749916701158e-07
-1.5501707790717573e-08
9.275501357234863e-08
2.5012298952023645e-08
3.833233763552181e-09
-8.166207385530132e-08
-6.541919983721094e-08
-1.1489102333526302e-07
-3.5253989718798603e-08
3.1124723893210268e-09
1.0937282397490126e-07
1.6950543507018455e-08
-7.993400314019867e-08
-2.317278503597981e-07
-1.1462852106374142e-07
3.629764745093798e-08
2.1701588206278477e-07
5.968662986214538e-08
-1.438452523790416e-07
-3.44059341920171e-07
-1.4029407635996665e-07
1.0292266766093368e-07
3.05283059758038e-07
4.0897438000564964e-08
-2.3737276725599003e-07
-4.402578916244004e-07
-1.1556484013125827e-07
1.7083551976966664e-07
3.593681665913548e-07
-5.437887177966152e-08
-3.3640683232333056e-07
-5.593968550292262e-07
