[0.0, 31.0]
323.597928095196
0.20069719331929214
-0.06415235022759652
-0.00036656238956514785
3.6967377880071134e-05
3.998823878312563e-05
2.4473361032364653e-05
-2.6079259178294236e-05
-7.93416296908195e-06
1.1249097315223764e-05
1.0837080302431285e-06
-4.265075214985541e-06
3.404409013458492e-07
1.5282039995794637e-06
-3.926109857524762e-07
-5.113286266055321e-07
2.464980930569526e-07
1.5686918942546293e-07
-1.2203541826104515e-07
-4.358625035679207e-08
4.8981170403364364e-08
1.1003167878707089e-08
-1.6068114812093234e-08
-2.559872976936134e-09
4.522667540559583e-09
2.0922462609830258e-10
-8.938379433884881e-10
-2.514967886866084e-10
4.580510066599638e-10
-1.8932602403904286e-10
1.350698495537582e-12
-1.227438393200455e-10
-3.5692962590067925e-11
-1.253906242053166e-10
2.209485460118075e-11
-5.82715825298371e-11
-5.335044060083183e-11
2.344404103833196e-10
-2.52806501712838e-10
3.7504501971507273e-10
3.4760360098982764e-11
2.194029263296517e-10
-7.456960374448162e-11
-2.9819356512270165e-11
1.3555753433264247e-10
-5.439260771149939e-11
9.797434157539622e-11
2.80812684008744e-10
1.8152400060125044e-10
2.8860449417868124e-10
6.389252566097998e-11
1.2967354756393552e-10
2.2027800553875167e-10
4.2365916756618606e-10
6.348956351568746e-12
-1.4471114223701828e-11
1.3380788325632448e-10
2.0493304832457216e-10
-1.694100004698976e-10
-5.575575043485834e-10
-2.4843801971749015e-10
-3.559496284043719e-10
7.141584210503277e-11
-2.9357722285405297e-10
-2.685411501428014e-10
