[0.0, 30.0]
298.08690921146126
-0.33687092566295695
0.06221095249069985
0.0012853523384321322
-7.187010145343679e-05
1.246558770622152e-05
-4.806949979822048e-05
6.233608503150832e-06
2.232543699769382e-05
-3.247273058797266e-06
-7.95900970577132e-06
9.372162080066848e-07
2.778974778914636e-06
-1.4534704903438954e-07
-9.710842325089854e-07
-2.4003508493567226e-08
3.330846837709562e-07
3.343511786657762e-08
-1.1134702723418364e-07
-1.9891400812218855e-08
3.5797782444527454e-08
9.199846440030116e-09
-1.1346232492515111e-08
-3.861596223591444e-09
3.4502259272112555e-09
1.7493626447398967e-09
-1.2161930656711386e-09
-3.169266786690934e-10
1.6866836228000973e-10
6.025059041398402e-10
-2.0994527629436068e-11
-6.007997442429051e-11
-3.941838858646662e-10
2.0810091438711074e-10
-1.641548051461359e-11
8.923740324963679e-11
-2.6280965362045002e-11
-1.440511334789763e-10
2.434070141959809e-10
-1.1923255073476833e-10
1.042822889268948e-10
-1.0965508508934529e-10
-1.477205241377281e-10
-4.5624805621424155e-10
-1.1492773919832099e-10
-5.846370629147815e-10
-7.55203414630225e-11
-2.542786904811472e-10
-2.340156300222745e-10
-3.2413503278194816e-10
-3.0648468965557064e-10
-4.0528230121799743e-10
-1.650463240251252e-10
-3.9137995409754875e-10
-1.9678586503865036e-10
-6.84568492199115e-10
1.9627819972939426e-10
-2.5654270016376745e-10
1.6132745301036367e-10
-3.6684197227826927e-10
1.4636693674178985e-10
-2.776798523657359e-10
2.1481443378901093e-10
-2.8069413590636574e-10
7.75346313195247e-11
