[0.0, 30.0]
-1.982313177676752
-0.03611840488651117
-0.0015445824534141704
2.3598961929937102e-05
4.085121755327655e-06
-1.2029544741767457e-06
-1.259851380575133e-07
1.242237478725834e-07
-4.527835728347139e-08
2.083930835462393e-09
6.370966030200365e-09
-3.997775243747795e-09
7.486490772114074e-10
8.8491494454546e-10
-3.8978268096781033e-10
4.0371509042842804e-10
-1.0219638970340754e-10
-1.370000767276146e-10
-1.817769218823853e-10
4.05020199145275e-10
1.5629358312232403e-10
2.8397609305808403e-10
-2.0675344871262513e-10
4.2640840340068667e-10
-3.482821908301341e-10
4.1077405994282027e-10
-1.1139768662622015e-10
1.2953145465261388e-10
-3.31688019454083e-10
2.7311440252257703e-10
-1.0259620830817033e-10
4.854342329519197e-10
1.688939890958508e-10
1.24586492225789e-10
-1.3719654412023884e-10
4.616402770327919e-12
-1.2797876354570994e-10
3.457825950274178e-10
-1.434039569474763e-10
1.7567212829308117e-10
-2.365296882151382e-11
1.9952874936193989e-10
-3.342093774592007e-11
6.135466417251706e-10
-2.447406700519807e-10
9.547847330216067e-11
-2.5490104613305884e-10
1.4104598537708946e-10
5.349893140675886e-11
3.20691145865818e-10
-4.4944781641819844e-11
9.376953463197258e-11
4.83231629081015e-11
4.535615918866847e-10
1.2281183035096624e-10
2.0445186801790615e-11
-2.5842195407368794e-10
2.407461568192603e-10
-7.677199513543776e-11
4.370033870630857e-10
1.692944611906547e-10
1.1824514952459121e-10
7.61622352516418e-12
1.167065790190611e-10
1.8804720345366367e-10
