[0.0, 31.0]
33.21382613458116
-0.3842390849011654
0.04987128464631757
0.0015106835597603451
-0.00011179913676581248
3.096427863334312e-05
4.5187448922191446e-05
-1.0230624453511502e-05
-2.51207731006025e-05
2.3563969797022934e-06
9.675718289677955e-06
7.876362385098345e-08
-3.496982738611961e-06
-4.5961702388525085e-07
1.2183357107246454e-06
3.2214057299182466e-07
-3.9809304513686244e-07
-1.6499332978607167e-07
1.1772982981964174e-07
7.04054621887345e-08
-3.1093066701026014e-08
-2.5520099123915952e-08
6.991816461943774e-09
7.436698215073501e-09
-1.7547095945976705e-09
-2.119390129916254e-09
4.113474474726516e-10
3.202084699607282e-10
-1.0026045515892759e-10
-1.6686558790890162e-10
1.9168872952790235e-10
-2.1709350193279733e-10
2.0914386805675868e-10
-2.5493944249481544e-10
-1.4079968414102746e-10
-9.916470882018425e-11
-3.173949347204709e-10
9.664195277702633e-11
-1.6065004570726525e-10
-2.9562760375330246e-11
-9.556359857923752e-11
-8.388900742172122e-11
1.7512846477998994e-10
-3.106664027290367e-10
-6.553270878822276e-11
-6.995445144537486e-11
-1.584669495989742e-10
-6.867984173195623e-11
-1.8095045729292676e-10
-1.907272730430635e-10
-4.405994028581771e-12
-1.6742763772831936e-10
-1.0675831199023676e-10
-5.184265853013538e-12
-4.4255066057811045e-11
-7.171404321550507e-11
2.498937179832981e-11
2.9089471312578356e-10
6.03350671261243e-11
-4.09845136320334e-11
4.971237116090554e-11
-1.73520352353622e-10
2.0599576348552922e-10
-2.4406793169970473e-10
-6.25515873391652e-11
