[0.0, 31.0]
155.55934364105005
2.170489319661641
0.017461740349957237
-0.0026584125230719804
-6.163204474954998e-05
-6.665141397797492e-05
3.0462543763534502e-05
3.075840284045286e-05
-1.4721080854351292e-05
-4.1611643432698935e-06
5.766268626330382e-06
-1.607100463294114e-06
-1.5291735641311344e-06
1.1287318980199129e-06
1.3409110450577686e-07
-4.0336598701456435e-07
9.921107509807996e-08
9.466811175671318e-08
-6.799196038386414e-08
-8.977927345634234e-09
2.7329828199514444e-08
-3.2955949367190608e-09
-8.326484252468807e-09
2.053622917080853e-09
1.894684188433006e-09
-6.32230295228332e-10
-8.412208490598173e-11
2.7771097919095707e-10
-4.7242097358461586e-11
6.32142489564126e-10
-5.404245320272061e-11
3.6100293383728705e-10
9.359542892268149e-11
7.316919738550633e-11
-5.8592434000629715e-12
-1.408907400789378e-10
9.621531161795353e-11
3.011437399924105e-10
-1.3889536613805524e-10
3.4991575465061926e-10
1.1463753323930835e-10
2.6936269480803154e-10
1.5925970475603216e-10
-3.572533874852144e-11
-3.137558469212072e-11
-1.2086028059549721e-10
-7.678755914345985e-11
7.914508388334233e-11
-1.6113207553129346e-10
2.7296668885381866e-10
1.557432660264801e-10
3.230483909466777e-10
-1.8048715797848487e-10
2.1803734150631447e-10
-2.5924704453994212e-11
8.655087470102188e-11
-1.9058748154717506e-10
-1.1764234792934394e-10
-8.883232530939576e-11
-3.482311156508778e-10
3.1111915036000456e-10
-1.362238777967847e-10
1.928475296973757e-10
-7.486816093438452e-12
2.7664711106909457e-10
