[0.0, 31.0]
52.87672951813335
0.6971049461222621
0.04855921215220303
-0.001749239937212963
1.3649246666640456e-05
4.413983124734353e-05
-3.756789842542918e-05
-2.6486822601387235e-05
1.7099977039827766e-05
9.820267297151378e-06
-5.5783199357482295e-06
-3.050394507968958e-06
1.3814754999144373e-06
9.262536921206109e-07
-2.2680350024437624e-07
-2.7856566946024266e-07
-3.8493359990755517e-10
7.980542129753803e-08
2.129554812864707e-08
-2.0455230198282403e-08
-1.1980193338260084e-08
5.11016953445304e-09
4.4169472033473366e-09
-1.251380998623965e-09
-1.4750687133090527e-09
3.7993939808573956e-10
2.1654120438477413e-10
-1.9743337419738764e-11
-9.949778320745034e-11
7.814156925362303e-12
-1.0076260246629739e-10
-1.7689595287478033e-10
2.769487772925858e-10
2.35953123341893e-10
2.4619885712917986e-10
-6.733864718606728e-11
4.960890937929112e-10
8.049732982726802e-12
5.660514020218177e-10
7.024969701774225e-11
2.0685393203974485e-10
4.320276888289382e-10
2.420825172203936e-10
-4.016300158245044e-11
2.3023998630569708e-10
-6.562569026637871e-11
3.1909130467683843e-10
2.512988432766444e-10
3.5628177411475305e-10
7.530330662797168e-11
-1.4248304940741823e-11
-2.83159042496591e-10
1.5910508017468706e-10
3.67022037605282e-10
2.3391871423066306e-10
1.1846810179543612e-10
1.7520335538206118e-10
1.110421903921299e-10
4.294682922090035e-10
-2.2461735088320018e-10
2.4608364779292948e-12
2.8396971353518176e-10
5.002918979098664e-10
2.7029861363935424e-10
1.7046039564840863e-10
