[0.0, 30.0]
64.22183013110073
1.12421229219807
-0.016312757760439927
-0.0018742187444069388
-5.5631257565905226e-06
-5.627956948997134e-06
-4.1185740635378926e-05
6.946512163960334e-06
1.6149895362529863e-05
-6.848719522525641e-06
-2.0469263727711182e-06
3.3151255000242853e-06
-7.085514715124471e-07
-9.038165893826744e-07
5.75171552670891e-07
7.79453845438043e-08
-2.1822688853910932e-07
6.098856323644301e-08
5.3843162745217906e-08
-4.142372420096824e-08
-6.780821533072534e-09
1.525563574710624e-08
1.607023303583505e-11
-4.830933151831728e-09
1.0750191578790385e-09
1.2021423730360587e-09
2.961403476439375e-11
-5.960795090822554e-11
-6.374714713706334e-11
1.1818084204044356e-10
-4.066435097944384e-10
-2.3936373765919216e-12
-1.8187077322492536e-10
4.5131654201131664e-10
2.0971599130129245e-11
3.0054821568762637e-10
6.463150541402594e-11
2.9417261707251503e-10
5.757741760846104e-11
-1.524758587612658e-10
2.7619837582516983e-10
2.052533371353704e-10
3.6378356417290135e-10
2.2480026890691983e-10
7.214027374416911e-11
-2.1625606865002281e-10
2.471497103078747e-11
-7.739741769516167e-10
4.603434321649763e-10
-5.869172151462923e-10
3.8680121149302493e-10
-4.1737520534314347e-10
5.601018221628976e-10
1.8225662545182483e-10
3.7177563416380253e-10
1.5415049575362566e-10
3.0946427760388377e-10
-3.648133718389471e-10
2.614207405780971e-10
2.0470274123738915e-10
4.371439973824436e-10
-1.0087119069622548e-11
-1.435146660062723e-10
1.6250219610234647e-10
-5.374865037447549e-11
