[0.0, 31.0]
24.756714504442947
-0.2912336781568737
0.05444736849254927
0.001276706062090846
-0.00015339310158364591
6.966485891525672e-06
3.300906765494944e-05
-1.3958203098311155e-05
-1.671156476265947e-05
3.879881199420792e-06
6.939858795087071e-06
-1.7311799066802918e-07
-2.691778597942338e-06
-4.1878472558345586e-07
9.557481646326904e-07
3.342013385299686e-07
-3.0014319894695445e-07
-1.851901157566007e-07
8.216003676544339e-08
8.170383219016128e-08
-1.84916242032136e-08
-2.9556144237887724e-08
3.5472625254284374e-09
8.528447251496422e-09
-5.168643764940984e-10
-2.3829667200095804e-09
5.890010777822e-10
-1.2764451004474253e-10
3.0749931143797455e-10
-3.2071203443208606e-10
2.81783609945197e-10
-4.0471652355226513e-10
5.493805512940553e-10
1.2762729580197778e-11
3.517994228808061e-10
3.0466383413087444e-11
5.520293263242745e-10
-3.2128807359992355e-10
7.569838911770268e-10
2.7141616369403144e-10
5.338706446876573e-10
2.7514582932753355e-10
5.570224863472742e-10
1.1222636421306498e-10
5.265505137774789e-10
2.237572712535919e-10
7.945669444815995e-10
1.8289114678758892e-11
5.691360333914025e-10
1.0966419682818237e-10
2.4237295245636455e-10
2.3049595929536397e-11
6.168212895781117e-10
-3.030739715822282e-10
1.715310960127766e-10
-2.6465554385747115e-10
4.3220843843618736e-11
-3.367764700375405e-10
4.891652957102429e-10
-3.1949807583998665e-10
4.970103150884527e-10
5.07092168702451e-11
9.529959079217556e-11
9.747821246375434e-11
-1.3769953852902873e-11
