[0.0, 30.0]
5.942435339972377
0.1612618181434142
-0.002858065689975507
-0.0004537121758112959
-1.229524916971026e-05
-2.0586876478838144e-07
7.851979168006183e-07
-6.129825437919814e-08
4.907746751580765e-08
2.9562930322287065e-08
-2.2486145195692318e-08
-1.1502250192162017e-09
2.859840455934436e-09
-9.97493102970252e-10
6.366344926474542e-11
-7.244518624026471e-12
-3.6217939259293593e-10
-7.117618191308798e-11
2.1469820059321337e-10
-3.578363207689503e-10
-2.8345960158899503e-10
-3.8021498282033985e-10
-4.717896222937237e-10
9.643592828899423e-11
2.0377061083157893e-10
1.8858160182430265e-11
9.032839501447713e-11
3.9481466753840017e-10
1.2141851684460698e-10
3.0240303253245487e-10
1.9226425765743497e-10
-2.1918621965802447e-10
-1.8848010700814648e-10
8.229693577912236e-11
-3.253784216957903e-10
-5.180566073488792e-10
-2.0770483901122505e-10
-4.439079365185561e-11
-1.6762848922894167e-10
8.583638483012537e-11
1.4786096594217516e-10
-1.9897685417741845e-10
-2.602999841611056e-10
-8.296925475459439e-12
-2.0926659947054076e-10
3.0424151504690755e-10
3.114558093502598e-10
4.300772786713794e-11
2.5490288819368847e-11
-5.359725840301958e-11
6.224567670027636e-11
-1.1243241527573371e-10
2.4237828292289612e-11
-2.670016108302926e-10
-4.506360192808512e-10
-4.450365774355855e-10
-2.7847950427658606e-10
-6.551170059384318e-10
-2.977574342064908e-10
-1.43188572330452e-10
-3.1985601526101183e-10
1.5703985550752438e-10
3.9267916613761993e-10
-2.7170332619611586e-10
-2.357834923992251e-10
