[0.0, 31.0]
108.13635562719583
-0.1252408665476799
0.09378311247497423
0.0005381068362617607
-0.0001923925573760327
7.562986812193231e-05
-1.6877020284661356e-05
-3.429368964608872e-05
1.1310754841526768e-05
1.0646377098140887e-05
-4.801723635011909e-06
-2.2419977253784585e-06
1.4924488751300046e-06
2.3418292922937243e-07
-3.224199378224865e-07
4.209355675944616e-08
3.500564820925294e-08
-2.5115788371463616e-08
8.21188221479191e-09
2.2536314693309614e-09
-6.101365483346349e-09
1.0962473547313436e-09
2.577461494277628e-09
-1.5067267129009353e-09
-1.0310586071396597e-09
-2.4384844704566164e-10
-2.0854416303537191e-10
-8.111781742320102e-10
-3.6878149935207264e-10
-5.756241270437104e-10
-3.0062879658249844e-10
-5.791979688374407e-10
-5.649101138580668e-10
-3.059752431028971e-10
-5.233418196828428e-10
-6.146333333761154e-10
-5.558714726309454e-10
7.739048256120513e-11
-5.421474186971018e-10
1.6086163300382083e-10
-5.146606210695376e-10
-2.452837085107266e-10
-3.2538461020179746e-10
-1.7036235508703226e-10
-2.4891363894946424e-10
-7.104248108752594e-11
-6.388804843667225e-10
-2.0797456468048094e-10
-4.311750895321496e-10
-2.0298991958224385e-10
-5.451148434106931e-10
-1.6833504282524708e-10
-4.81133253828474e-10
2.628968661599842e-10
-6.686061023729021e-10
3.842941818168564e-10
-2.8394472191490935e-10
2.6508358412097426e-10
-3.4458545624728596e-10
1.4105880357963833e-10
-6.165451669904404e-10
-2.563732194694678e-10
-1.3966455231203131e-13
-4.894403831482399e-10
8.966584082484674e-11
