[0.0, 30.0]
287.3067239101139
0.9789312558270233
0.05083581686448849
-0.0020150526354563245
9.188086433256917e-06
-2.772686632407316e-05
-1.596434597883162e-05
2.95411184198644e-05
7.707190663346564e-06
-1.0824145154502716e-05
-3.923192442254862e-06
2.765379407794481e-06
1.7616801525883101e-06
-4.372947175679385e-07
-6.586344329320529e-07
-3.741937785766075e-08
1.9250680709298456e-07
6.30324531936171e-08
-3.93849199584947e-08
-3.086428199685529e-08
3.324365825185948e-09
9.959944946751825e-09
1.476320327694803e-09
-2.920938153926805e-09
-4.828942657123017e-10
1.6176043211875815e-10
7.434724328583822e-10
-3.980394813900589e-10
-1.86252244342612e-10
-1.5856379356597673e-10
7.995056022561397e-11
-3.81166658505614e-11
2.1211160952837415e-10
3.0467254824995826e-10
-8.945776474440506e-11
-1.6235270267232765e-10
-4.6383085053674876e-10
-1.9144990970312256e-10
-3.421422283063061e-10
-1.242034334816415e-10
-3.218636118096043e-10
2.027044609152366e-11
-1.40861189301314e-10
-3.4329588111575693e-10
-1.0350530114611146e-10
-5.304983068929909e-12
1.0567719531371969e-10
-1.687969314116598e-10
6.31852826994329e-11
-1.8950202368357482e-10
1.5874366918845163e-10
-2.888702210494766e-11
3.203311188605202e-10
1.0065220585137807e-10
2.712572584572371e-10
5.848370360095066e-11
1.0211354636651543e-09
2.971447929352441e-10
4.946342873677636e-10
9.038972959776017e-11
-9.211149716119319e-11
-2.29418063173705e-10
6.055846744376682e-12
1.0687304390389132e-10
3.749552583876206e-10
