[0.0, 31.0]
291.60508894876335
1.3116399052229624
0.027705839183211473
-0.0024304363852853048
-9.35954605450056e-06
9.845075927697889e-06
-2.0481314326577173e-05
-2.2362684015770877e-05
7.226983443237089e-06
9.700229110529163e-06
-8.125929867428302e-07
-3.1870446888129323e-06
-7.45732429539513e-08
9.3392259794021e-07
4.851374715986407e-08
-2.659406147595189e-07
-1.1837263791932794e-08
8.041410120141809e-08
3.032241714852072e-11
-2.625742142005501e-08
1.706616317846677e-09
7.786524863494382e-09
-6.753614636898304e-10
-3.1490830273372155e-09
1.330374745641505e-10
2.793938217143223e-10
5.6248557202838296e-11
-7.413959447295167e-10
-2.327784321040616e-10
-6.230299053994344e-10
-3.125651481370632e-10
-3.1928601889351295e-10
-3.588327377436368e-10
-7.399195947444164e-11
-2.879806287645436e-10
-1.7344638895529188e-10
-3.388303559622599e-10
5.382653372148911e-11
-5.470005220790298e-10
-3.1456282317797373e-10
-1.2469463209137913e-10
2.471122464570312e-10
9.519355895870096e-11
4.1054666120511804e-10
-2.595719458920709e-10
1.340907027326933e-10
-2.0755505852109857e-10
5.735417222479994e-10
1.1056119949608153e-10
1.2500941525588728e-10
6.101067510960116e-10
2.1536442276701032e-11
8.947194561489472e-11
2.2820222084907175e-10
5.17827116478653e-10
7.507489823113135e-10
2.1003358663322406e-10
4.366253133214901e-10
1.6644353907852395e-10
7.04412397456106e-10
5.4007610679839324e-11
1.46675671446558e-10
-1.2973382448460768e-10
2.869154071189466e-10
-1.1803906722719164e-10
