[0.0, 30.0]
358.19129098439504
-0.30796268367983876
0.04588571241888679
0.001132360987776307
-8.574756651156532e-05
-9.214236214221564e-06
-3.6039113008081556e-05
8.183927794498148e-06
1.0844710639314074e-05
5.45149307168745e-07
7.323200848545977e-08
-1.0476828174380746e-06
-7.477550368527802e-07
2.066917457846374e-07
1.9852908192777633e-07
3.1960095349821454e-08
-8.633540768556771e-09
-2.4617799434656924e-08
-9.913195153656761e-09
4.6545311580211675e-09
3.4916774115788664e-09
5.689535772091169e-10
-2.455388866981853e-10
-4.295498970650777e-10
-5.448661177943629e-10
4.43180154356934e-10
-6.645798450187508e-10
4.964096069770777e-10
-2.0558500120713659e-10
1.982291225671552e-10
4.5167613912954495e-11
4.235369306767331e-10
-4.4104939368316834e-11
1.6334398591854097e-10
1.8195245436595544e-10
-9.679487485377752e-11
2.7009558051120086e-10
3.973200604129971e-10
4.80138119148542e-10
4.4252779760169367e-10
2.2312430531232936e-10
4.371380373422406e-11
2.5265946308209684e-10
2.949278202249872e-10
2.332103654783766e-10
-1.0969288760735901e-11
1.3289366822277025e-10
2.0509517115058118e-10
3.37809507387657e-11
2.877863936458746e-10
6.436901955727278e-10
-6.726780935368709e-12
1.0134419227668371e-10
1.1589816301590816e-10
-5.320620731305502e-11
8.118471762216809e-11
-2.956509051362631e-12
9.89072303057021e-11
8.483363099559368e-12
-1.962500236275205e-10
8.556698327478294e-11
1.0581601379676966e-10
-6.731255832769654e-11
3.309939348263657e-10
-1.9371116118750774e-10
