[0.0, 31.0]
43.4797500173321
-0.5413765900874326
0.04772687692860427
0.0023295118334884057
-8.577288025001728e-05
5.851047630115278e-05
3.4559938475565687e-06
-2.929109342882435e-05
1.8781955266022254e-07
2.1434992807142692e-06
-1.1614804827508877e-06
9.155691292094215e-07
1.116372568937e-07
4.928848484947044e-08
7.057203075167101e-08
-9.602128877789724e-08
8.807156173714188e-09
6.671267646051914e-09
-1.48899443857398e-08
2.713390161297681e-09
7.636617589826481e-10
2.307530949973172e-09
2.901415387296716e-09
-1.114081731557662e-09
-1.349913552752954e-09
1.107001954257616e-09
5.898082272287057e-10
1.8484755697662955e-10
3.9900515045734925e-10
2.0126441859060896e-10
-2.441884964642508e-11
4.927073372156333e-10
-1.0373266686047724e-11
5.173216140635692e-10
-1.421440862216436e-10
3.0136994581355455e-10
-5.276611607227958e-11
1.6506829943456586e-10
-7.887533911252853e-11
3.546219161384417e-10
-5.470598942271535e-11
4.2882324151839463e-10
-3.211161747184368e-10
2.8414196074479653e-10
-3.9318631224764454e-10
5.08102814487732e-10
-4.861658312742767e-10
2.1313378964728134e-10
-2.635964567147106e-10
2.899176916510187e-10
1.1845362131027284e-10
1.800232196747324e-10
2.932499324077796e-11
3.8534915254235523e-10
-1.0255748898342295e-10
6.313290178947602e-10
-2.0716273079633086e-10
2.7887705546517353e-10
1.852015609347922e-10
5.203220743296457e-10
2.620983945303243e-10
2.4244818276679955e-10
1.9348530192300746e-10
-2.307839861290787e-11
2.0773407450367012e-10
