[0.0, 30.0]
4.372616885459719
0.04549165010799003
0.0002121099112710483
-0.00015248833216781828
4.21182454953799e-07
-1.4208948187479783e-07
-2.946991570036132e-07
-6.150002717159354e-08
1.1361667031788024e-11
1.0840161228700509e-08
5.383558321785671e-09
1.1173606529012991e-09
2.2960019332170382e-10
-9.63504537178276e-10
1.5477205922646515e-10
-5.932465750045499e-10
2.580413325743369e-10
-5.71065113146056e-10
1.637926628131772e-10
-4.063657620111371e-10
3.7228999426045327e-10
-4.37390857400397e-10
5.23650958835597e-10
-2.2852891593341706e-10
5.540385911620038e-10
-4.498782374470799e-10
4.64555351574313e-10
-6.873613555488798e-10
3.1221706720271325e-10
-6.869554112430601e-10
3.453865741905693e-10
-4.3663750777947725e-10
5.016957768764059e-10
-1.3371623920799804e-10
4.340184181078382e-10
-2.3139420208695108e-10
3.096954881631561e-10
-5.702638211660488e-10
2.4831673069169095e-10
-5.708190940413854e-10
5.538504713355602e-11
-4.874370822193706e-10
3.258201483005701e-10
-3.741642093752021e-10
3.9755624348806185e-10
-1.9031813771242393e-10
3.321395837182997e-10
-3.0230227581445633e-10
2.3486119047277733e-10
-5.630850730373401e-10
2.5859544159802606e-10
-6.25614107452346e-10
1.098386333601632e-10
-3.5675248185022686e-10
3.516905755700019e-10
-4.173045053756559e-11
3.339706473482605e-10
-2.457093548982209e-10
1.719448042277997e-10
-4.5294999064210275e-10
-2.1537747888127889e-10
-3.366241152121648e-10
-2.2085542978803702e-10
-3.62117095514474e-10
-5.836272855500937e-11
