[0.0, 31.0]
343.4978741636646
0.3295485311685452
0.054805288708492696
-0.0008498222578783059
-0.00012580577857807337
-1.0243447236291676e-06
5.205790716331356e-05
-2.2341656702810463e-06
-2.3645433779426294e-05
2.8342979265386537e-06
7.595992106611798e-06
-1.3637373033230781e-06
-2.257670098041022e-06
3.7501419126472165e-07
6.688654758929654e-07
-6.034632797790519e-08
-2.0196186050255215e-07
-3.732310004368348e-09
6.265189543143051e-08
9.13646541482253e-09
-1.9088551996973567e-08
-4.1960738165343995e-09
5.8100548788407875e-09
1.51576648274705e-09
-1.2215073436051577e-09
-1.1147723684684953e-10
7.81516659065843e-10
6.807635451348782e-11
7.670870114271273e-11
1.2909703249431697e-10
-5.484434848724149e-10
-4.919288015272651e-11
-3.414544805143184e-10
6.417566663882004e-11
-1.880673202154481e-10
3.8696051210041297e-10
1.608637006110394e-10
4.362360600430742e-10
3.211832495197827e-10
1.7215903728046604e-10
2.3310133625089194e-10
1.4535559876988598e-10
-6.603348188580652e-11
-1.8010648791156266e-10
1.757968598682266e-10
1.6166134182735143e-10
2.3989207440876224e-10
1.3047024805898431e-10
2.4830669146038704e-10
-1.7234613499555654e-10
4.023726318725969e-11
2.3623817834518213e-10
1.168418513180144e-10
4.896345582277007e-10
2.1243791656964295e-10
-4.210449245930205e-12
4.682334861739996e-11
8.035421221187665e-11
-2.4258854891362296e-12
2.5381618520518605e-10
8.696009024127085e-11
2.0687087866121712e-10
-3.4826908079476693e-10
2.8143055008887895e-10
-2.5019706317699327e-10
