[0.0, 31.0]
-0.4865404658985457
-0.02646328324235897
-0.0002866946884669738
1.7216790994112833e-05
-2.111882493070815e-06
-1.0064654957340272e-06
3.8072501899520927e-07
1.7441493850398204e-07
-2.763144011774626e-08
-3.113574621920139e-08
3.3962505452269564e-09
5.061881754596539e-09
-9.641717578541663e-10
-9.481296893112112e-10
9.234757932463935e-11
1.4691653997399203e-10
-5.227994064268608e-11
-2.954943018072992e-10
7.324508839836672e-11
-1.116075771031042e-11
1.6187407304640974e-10
-1.640695069504444e-10
6.746820771105698e-11
3.097436360160642e-11
1.0789730538045322e-10
5.037829158898051e-11
-9.73321480629509e-11
5.144171711096958e-11
-4.161919654706891e-11
1.8276636743637503e-10
-1.205960607837512e-10
1.031321522828837e-10
-7.30818537638822e-11
2.898132775373779e-10
-3.6728240495411565e-11
2.6985204219201553e-11
-4.765800234106232e-11
-3.933002708550918e-11
1.6949031669239236e-10
-6.461437344775143e-12
4.578398336146584e-12
-1.6449047059038117e-11
1.0077193917122341e-10
6.566161629942458e-11
8.552923473084477e-11
5.004941676749056e-11
2.8728602431779696e-11
3.676292186393226e-11
2.0081969078342914e-10
-1.5004057892895388e-10
2.567219032887894e-11
-1.2556362401023626e-10
2.0887322122298046e-10
1.2960431852313515e-10
9.332675156950622e-11
4.330828824666143e-11
-8.536548655312535e-11
2.5267250337836376e-10
-2.3017845337511418e-11
1.0294723453867291e-10
-7.888848693475093e-11
1.137961308612883e-10
5.016322098093819e-11
1.2154906405202342e-10
1.8981631949453043e-12
