[0.0, 31.0]
305.31377930780764
0.04292033513457091
0.06952955143988514
0.00014972409724543586
-0.0001497411973996757
-4.7815643023766777e-05
-5.4819509805207066e-06
2.9549373193741316e-05
8.793634985144822e-06
-9.401144612732596e-06
-5.510317718035243e-06
1.8622821223212096e-06
2.576286015746425e-06
7.215989626511709e-09
-9.52927192571551e-07
-2.678971432032998e-07
2.738055295261873e-07
1.8057122984141836e-07
-5.3330185254590236e-08
-8.223421335617003e-08
2.9387341896148433e-09
2.8796394351851297e-08
2.7424636315598516e-09
-8.324536546359018e-09
-1.3349890581038315e-09
2.0824303562880855e-09
7.926770088665664e-10
-3.9505680071982745e-10
7.736311342900024e-11
-1.2658108762391786e-10
2.1632259516574842e-10
-4.816696530130336e-10
1.4317475225997732e-10
-6.619530942871533e-11
5.058942637766309e-10
-6.464080068526704e-11
7.627240145204126e-10
2.878989300479314e-10
8.368833946077121e-10
2.812810444080478e-10
4.2931473485052686e-11
5.715150355630697e-11
2.2896296143124094e-10
3.4268008773418515e-10
2.0288907940599844e-10
6.364660092060826e-11
9.109805750377049e-11
7.64866761987189e-11
4.2698217034817537e-10
4.0845523708724327e-10
5.99860954436597e-10
1.3376613074434798e-10
2.175550731758689e-10
-1.497641780237742e-10
5.123537396486247e-10
2.3509876327397833e-10
1.6411258076829314e-10
3.793754597731537e-11
-8.838683531007477e-11
1.4097409969250028e-10
7.918841564869871e-11
1.2502883965489788e-10
2.0071581490278637e-10
-4.931191651039e-11
2.2653881275628468e-10
