[0.0, 29.0]
54.710577343307634
0.21542251005446286
0.056536924512053145
-0.0005972940722050407
-6.970578442993527e-05
6.261609061726037e-05
1.3940907426574518e-05
-2.3212359094649894e-05
-1.1996444041692324e-06
1.4471235835182365e-06
-9.023331851527043e-07
1.2227250830482409e-06
2.5151341404416255e-08
-3.5342594786223144e-07
1.0438259408405268e-07
-1.2276678954842348e-09
-1.542033246635967e-08
2.483582500483663e-08
-1.279761855652951e-08
-6.020530170855473e-09
7.738213250124476e-09
4.3086093059788553e-10
-2.9807067923079684e-09
6.442529461736511e-10
4.1601739716766526e-10
-8.37039100091027e-11
6.0609385011129345e-12
3.4221739270736115e-10
6.912007685573943e-11
3.0571300628466703e-10
-2.1959579425729e-11
4.0674010640742805e-10
-3.604127866590757e-10
3.7755103440291194e-10
-2.668529342878394e-10
4.67858177078792e-10
-2.12920372747266e-10
2.2122663873753146e-10
-1.6847394226155149e-10
3.603130499990725e-11
-1.664006055802652e-10
-6.009588882624952e-10
2.8216437604186687e-11
1.0594279244078965e-10
4.990206446695961e-11
-1.4548376877031924e-10
-4.737922773013288e-10
-3.5416757318251476e-10
-2.3091541526904004e-10
-7.429895063686016e-11
-2.607177663852193e-10
5.2199940983520605e-12
-1.0380247531894289e-10
-2.883397433588846e-10
-2.088339021292717e-10
2.0545426805324053e-10
-2.2877077158094718e-10
5.54041073374035e-11
5.171688216649806e-13
-2.637903123393622e-10
1.9198764337037944e-10
5.129329392210153e-10
2.948323951934759e-10
4.3889008746419993e-10
-6.348201198939938e-11
