[0.0, 31.0]
137.9283556196064
17.01597647487335
-2.7402149696782647
-0.2224302971317023
-0.04085145509442815
-0.0020139786628729896
0.0005384983839471744
0.00016621571758076675
4.5663972884068154e-05
1.3639299190002943e-05
6.081551064770308e-06
-2.6567794811928746e-06
-1.3142784043105658e-06
7.393544238619374e-07
2.256507937842405e-07
-1.298857616374013e-07
-3.309921278823282e-08
3.339833771736237e-09
7.307437654982651e-09
6.163549391841369e-09
-4.075863187647545e-09
-2.550919289120618e-09
1.6343607767779333e-09
1.0952770066017279e-09
-6.589108043613999e-10
-3.1269321913918065e-10
-6.639044161185093e-11
-1.0122827684315031e-10
-1.1795437808792744e-10
1.472515390895719e-10
-9.182574562069607e-11
-8.689030699876636e-11
1.7544971695632107e-10
