[0.0, 31.0]
-3.522180077896158
0.5437765588077198
1.2640617064213502
-0.0850541012133818
-0.07205386504560468
0.010842549520894447
0.0035140860907317286
-0.0012454307690607839
-0.00016118344363026782
0.00011670650974367169
2.3548840935800023e-06
-9.828239472847705e-06
7.600447573552494e-07
7.72823496254459e-07
-1.3402649396378747e-07
-5.692135285952905e-08
1.63187550039424e-08
3.4563869977034023e-09
-1.593556490861573e-09
-5.963871763269376e-10
4.704683276221486e-10
-2.4916364332559515e-10
2.704069769658027e-10
7.344380595022851e-11
3.471700036757e-10
-8.831786731832013e-11
4.166147316315202e-10
-5.944943523271995e-11
2.1563091750356568e-10
-5.243437536415146e-12
6.201595979378705e-10
-1.0811144256502973e-10
4.5739865932000756e-10
1.4436646801666445e-11
1.6028966160985431e-10
-5.85216005766502e-10
1.0781284926266436e-10
-6.081409538895242e-10
3.435230155086408e-10
3.915013658905891e-11
4.2114156734759343e-10
-7.138364935845836e-12
1.5439592457087806e-10
8.785360465359949e-11
3.138280224282293e-10
3.2533310166594166e-10
2.2297708324202084e-10
3.800258038371657e-10
1.8176390362616806e-10
6.828704663814211e-11
-2.21806922556118e-11
-8.421227967779162e-11
7.898462334580369e-11
1.5692544464384836e-10
-2.0963859413293487e-11
1.4518620667421585e-10
6.54152878395037e-11
2.046069317427873e-10
4.0027253253108046e-11
1.1607590477195646e-10
1.6057403899742983e-10
-9.385918321859634e-11
-2.303947892075785e-11
2.819116428311339e-10
1.9961267426329465e-11
