[0.0, 30.0]
65.7949066620068
20.933478708122042
2.852915178342983
-0.10639878961612972
0.0037789769270757372
-0.009213143036563525
-0.0018608303269713102
4.663034267124605e-05
2.3951449215144224e-05
1.6899461613385803e-05
9.896319026262506e-06
3.6565563940051563e-07
-1.6100410784415612e-06
1.9942819320577518e-07
1.3906960521411393e-07
-1.1408220650725781e-07
2.3990413123889895e-08
1.9697663840126572e-08
-1.2876793900191802e-08
1.3188541597088709e-09
8.512007649266062e-10
-2.3758449423190344e-09
1.0152315467558223e-09
9.32299893804985e-10
-4.0408920482085307e-10
-4.123880295678024e-10
5.077420325210151e-10
3.065255653615073e-10
2.044791999994104e-10
5.880678046344857e-10
-2.94443767195961e-11
3.9549838763125193e-10
-2.1038095234400817e-10
