[0.0, 30.0]
-1.1811732869366063
2.318417903240417
0.9492902454887396
-0.02690188960350621
-0.10231842438414432
-0.03662821405847368
-0.0018769447689307307
0.004125383513047464
0.0019779350453738194
0.00024379116185537718
-0.00018384434621737634
-0.00011417820333815516
-2.1405044068983776e-05
8.057481579299334e-06
6.730046531774542e-06
1.664295004668516e-06
-3.168361266001582e-07
-3.9448205167581487e-07
-1.2296997249707395e-07
8.310570580522027e-09
2.240457659133777e-08
8.692987180869286e-09
-2.798788686404914e-10
-1.3570652016381117e-09
-9.744184327101089e-10
2.429078681041592e-10
-4.0918211783630455e-10
4.662910735197966e-10
-6.287656169640679e-10
3.149333956671442e-10
-1.0109189596389326e-10
-3.472391881194977e-10
-2.0460057803023878e-10
-8.074038105232414e-11
-7.665001458736214e-10
-6.75297547025829e-11
-6.069521622769484e-10
-3.487921036806156e-11
-3.891472503401867e-10
-2.8966068004920436e-10
-5.342161478533916e-10
-3.7200535325546387e-10
-3.688543639236854e-10
-3.445868785595451e-10
-2.840724407517414e-10
-2.2433342171172044e-10
-4.1602263821621856e-10
-9.811332359824696e-10
-2.0508902090489127e-10
-2.887938079241053e-10
-2.9995873535320976e-10
-6.544366659266497e-10
5.6172208787202385e-11
-2.190200838419926e-10
-8.556586401380873e-11
-3.450259225781351e-10
-9.073071010954219e-11
-3.540585258745329e-10
-2.2957113751074923e-10
2.69166631742793e-10
3.699691064548393e-11
1.0976964692916378e-10
-4.289615502157542e-10
-6.699021180224496e-11
5.159161868250222e-12
