[0.0, 29.0]
322.2192012356416
-8.714467728064806
0.5779079032728369
2.171246865929411
-0.3185833061894578
-0.17400501970575893
0.055451502368859026
0.012420067596540635
-0.007687935581094367
-0.0006048244914389051
0.0009876555724661
-3.0340331593821866e-05
-0.00012124155383976452
1.686576933286211e-05
1.3919213764845699e-05
-3.680871596814796e-06
-1.4245956328360712e-06
6.139859859230595e-07
1.2358545894092305e-07
-8.381793883236028e-08
-9.677077661348475e-09
9.602162854553342e-09
9.446604058266162e-10
-9.837900883082487e-10
-3.243693338840912e-10
-1.484383004786791e-10
-2.5748098409976855e-10
2.1900599441548967e-10
-3.046313758571641e-10
2.5622042150299816e-10
-4.263944731313154e-10
1.7069179619421744e-10
-3.119828013564416e-10
