[0.0, 30.0]
65.77463388378867
15.13324051826013
3.40722574443462
-0.14446735209221792
0.013247555585519932
0.0016367181841908005
-0.0024872953529740697
8.9139285387339e-05
-2.9694308912103644e-05
-4.38696678739375e-06
3.827911086490618e-06
-6.951844355697755e-08
-2.3163921762425666e-07
3.91306801497226e-07
-1.309052325016137e-07
-5.5553177851489745e-08
8.347853565234147e-08
-4.0015461750040696e-08
-1.3175124982891192e-08
2.7546279642092806e-08
-5.8260604137840366e-09
-9.465917995786443e-09
4.003860238005262e-09
2.7223567792256347e-09
-1.5674297031494682e-09
-5.959043587397905e-11
2.803954672082289e-10
-1.2266755070732697e-10
-4.109785188592695e-11
-1.2026443039577934e-10
-1.3345266536212374e-10
-5.269471071834771e-11
-5.4791533979263234e-11
