[0.0, 30.0]
93.4349382608629
29.99289894459517
-1.3589223918879243
-0.3134818979972508
0.07200981100926522
-0.0012247050530105527
-0.004802645814014086
0.0009299712109827364
0.00017547902113573867
-0.00011398070287755864
7.935111940244025e-06
7.57113950296086e-06
-6.770784574835933e-07
-2.163191785085071e-07
-1.3321389972694942e-06
1.574837153433164e-06
-1.3455937058656645e-07
-1.2254080553008285e-06
1.5360365656418983e-06
-4.507614412773364e-07
-7.984299714830921e-07
1.3578065643895437e-06
-6.25796507697312e-07
-4.6624286122574664e-07
1.1765485468708121e-06
-7.557161061820479e-07
-1.436444107807993e-07
9.24754616076096e-07
-7.569603897994542e-07
6.252078186661041e-08
7.2448811474689e-07
-7.508900683435542e-07
2.584798961504933e-07
4.846763052147884e-07
-6.502704355648038e-07
3.414057102452679e-07
3.2436225162299145e-07
-5.793406844785001e-07
4.3054202422651305e-07
1.3693528134683264e-07
-4.3667750636058825e-07
4.195723911761814e-07
4.259802727063396e-08
-3.5419433094748487e-07
4.3927965752743495e-07
-8.299515667021056e-08
-2.1287512120733648e-07
3.697918944926862e-07
-1.1131581392793407e-07
-1.5235352451152972e-07
3.561658845559335e-07
-1.8686094719438426e-07
-3.2029901813482476e-08
2.582773089791685e-07
-1.6008978450338978e-07
-1.0184514462715189e-08
2.428510977297738e-07
-2.0549744492126162e-07
8.684452249007016e-08
1.3319836105377922e-07
-1.367457258459813e-07
6.00439756218558e-08
1.463422839393128e-07
-1.8712729377409124e-07
1.640050673322573e-07
