[0.0, 31.0]
130.98030618810142
23.523702366651232
3.5543169232690497
-0.7969276992109693
-0.06405178051370981
0.028790495827372423
0.005769108362607176
-0.001179659468025832
-0.0008100853930846861
9.75031956615387e-05
8.553920019074707e-05
-6.655946015293386e-06
-9.183914901532021e-06
4.771713382382422e-07
9.657103554574485e-07
-4.037076426671655e-08
-5.517770141039159e-08
-4.724629094064687e-09
-9.407718973440566e-09
6.100142107943907e-09
1.3943506822884282e-09
-4.797457550040575e-09
-6.860808477050254e-10
1.3205709202182424e-09
-2.9155627016437935e-10
-3.2464724323840974e-10
9.889061220441281e-11
3.211167568825991e-10
5.926919828890155e-11
2.8985137511205615e-10
2.7696211320078736e-11
4.2935141587876077e-10
1.7576094156592571e-10
