[0.0, 31.0]
-1.0653170529114406
-1.2812482059438088
0.24224264068091256
0.023942174521435218
0.0008780433804307915
0.00033795879677685355
-2.6687926203787372e-05
7.891508478586867e-06
-2.1328147295867767e-06
-2.433123969765301e-07
2.7635801889163334e-07
5.359946769799161e-08
-6.814900709368748e-08
7.412469630924202e-09
2.254809527322469e-08
-2.5391899903406106e-09
-3.908198999658458e-09
1.6537306211933368e-09
1.245366132026389e-09
-9.515840574188226e-10
4.839737422168412e-11
-2.844464710405273e-10
1.3314131364152563e-10
-3.569939819616054e-10
-2.0490337252040281e-10
-2.0310247026780041e-10
6.255999149761785e-10
-4.1444979125522057e-10
5.16998552855492e-10
-4.344057767049375e-10
2.3886648175851377e-10
-1.7745337817133567e-10
1.0657190874483546e-10
-1.2100403200142138e-10
2.998139593228032e-10
-2.9167534376583677e-10
1.2506937213510154e-10
-1.3266972758572026e-10
-2.8061743512849507e-10
4.952314659850812e-13
-2.26585677559816e-11
-6.85798410104624e-11
-2.809460999718893e-10
2.596115441863591e-10
-5.387166526735808e-10
-2.1653951161922368e-10
-7.293871162211475e-11
-5.039660464253581e-11
-3.1115704505969955e-10
1.7888025503011938e-10
2.0869795122528437e-10
2.482043828644631e-12
1.135346456097859e-10
1.8798957313193093e-10
9.012824279383626e-11
3.0471662221681074e-10
1.8297447660204086e-10
3.0857888503519176e-10
1.3962334557735215e-10
1.6630596036780168e-10
4.6328056343429626e-10
-3.5272208356336386e-11
-1.5999061517186676e-10
2.2783970236618178e-10
-3.6341969458660073e-10
