[0.0, 31.0]
-2.812527438199917
2.5733408987346067
0.5966809371776669
-0.21125119323747849
0.0023189453905365313
0.003152474281836861
-0.001791726425047456
0.00035504671449923726
5.523512052749106e-05
-2.1886011557989073e-05
4.805917170389257e-06
-2.395463702290579e-07
-4.88264835612855e-07
9.721655514030107e-08
1.2780860668110613e-08
-8.539940331109267e-09
-1.3041793598262495e-09
1.8551474219723826e-09
6.003910133652212e-10
-6.006009317899477e-10
-2.3689393535014193e-10
8.181455215074433e-11
-7.320927763114654e-11
-1.7942590815520957e-10
-3.078052632768886e-10
2.1081551374904835e-10
-4.003783504488223e-10
-2.2049066235695003e-10
-3.5209637277789947e-10
-1.7238136284144648e-10
-3.0088098514406916e-10
-1.9940546619083203e-10
-3.14869556245081e-10
-4.4307852583287263e-10
-2.2799594309925033e-10
-3.217752710505877e-10
-5.03495858508091e-11
-6.161678282019761e-10
-3.7079988886575767e-10
-3.746214890369649e-10
3.753149157279503e-11
-4.532316221156755e-10
4.464308212485222e-10
-6.042234390369667e-10
6.15149349338179e-12
-6.653332528180055e-10
8.944909413786593e-11
-2.502723110399288e-10
-2.9826277563189885e-10
-6.683997681456748e-10
4.8333237976614296e-11
-3.992169401028959e-10
-2.6329763034112887e-10
6.901819776192398e-11
-3.7105949475399574e-10
-3.2489536664402185e-10
-3.45907590520009e-11
-2.1758037115331413e-10
2.2644755934845223e-10
-1.5550275559739322e-10
4.1060978798612306e-10
-1.824302172306634e-10
9.720545829660952e-12
1.3449160073300216e-10
-1.0181638482070116e-10
