[0.0, 31.0]
247.9348590475182
11.77756135371214
4.742073716250634
-1.2444819012971762
0.1614808440920357
0.04153447366360825
-0.032977352195267526
0.010859821665008169
-0.0017230712589873334
-0.00028587297701428827
0.0003053897050604078
-0.00011268833301023388
2.2507226479437655e-05
2.569107720366347e-07
-2.652612143778544e-06
1.46932176935799e-06
-4.6880069986149684e-07
2.953696201855425e-08
7.196126984968134e-08
-3.317808872793862e-08
-5.508223453044643e-09
6.66875841251728e-09
1.3302751341527135e-09
-1.724911426344117e-09
-2.255398393804924e-10
8.566180619317847e-10
2.7839567527461616e-10
6.605378084801802e-11
-4.7315386115590384e-11
2.744917767849465e-10
3.16267319674308e-10
3.665460850690864e-10
-2.249717318238252e-10
