[0.0, 31.0]
33.80713005454259
21.200263827088083
2.5233277476488993
-0.10772919238492147
0.028377891661810782
-0.004832555616175176
-0.0007811740365410436
-8.203350729595323e-05
-6.0848857076756115e-05
2.181084305299959e-06
6.624967324425884e-06
-2.810201220923735e-07
-1.1289402351397723e-06
2.8342955660916584e-07
2.0953497731832083e-07
-5.680976334959447e-08
-3.9302094105666824e-08
7.68641047531928e-09
1.0116595246103458e-08
-1.3086808157370525e-09
-2.229942758228937e-09
1.918174592559038e-09
3.313749155462491e-10
-4.5192200285732683e-10
-3.330773489599329e-10
7.146540376846941e-10
1.4309929377695607e-10
-2.994078668071643e-11
1.3020703795500636e-10
4.168337371879535e-11
9.588738264119036e-11
-1.2019467432535996e-10
-1.0198749538324349e-10
