[0.0, 31.0]
-0.45041681247038395
2.6613406515597653
-0.33486729502020285
-0.14159413692062367
0.01078775947385805
0.0055953329962994975
0.0005239016544676685
-0.0004169475676836418
-9.418617997088403e-05
2.4213162715083703e-05
1.2558776568180302e-05
1.6123574409091493e-07
-5.58787124462329e-07
3.5787271223451976e-07
2.3812270525398374e-07
-1.2238308678069612e-07
-3.0620539814001314e-07
-3.198364071082157e-07
-2.348705740649354e-07
-1.104487306122301e-07
9.027600648431598e-09
9.001280386944592e-08
1.212972651405767e-07
1.0765018681590519e-07
6.702201513792668e-08
1.8764346564564138e-08
-2.078758655695491e-08
-4.2515805613757806e-08
-4.5782198933658646e-08
-3.465436265865719e-08
-1.6774488207776e-08
5.185408801368637e-10
1.2732372467076856e-08
1.7090951090973577e-08
1.5568675565187076e-08
9.839471187635284e-09
2.755269017424348e-09
-3.0077288523035755e-09
-6.3768305258587756e-09
-6.660263692356798e-09
-5.084350345953868e-09
-3.10666870443901e-09
-3.639571169149147e-12
1.7709733583504104e-09
2.370856535997628e-09
2.117079811054415e-09
1.1489090703934556e-09
3.008840433296637e-10
-7.74748656007428e-10
-1.164288210506995e-09
-1.1436110930032044e-09
-1.161812041860742e-09
-6.62921817817433e-10
-3.2789764684681015e-10
-6.9470545849061714e-12
-3.4183418953409367e-10
1.6808953795135293e-10
-3.857675558645707e-10
-7.554022687074469e-11
-1.6325159571449742e-12
-5.72219032464286e-10
-2.7727769026310805e-10
-5.560410706201034e-10
4.3054495905447356e-11
-3.345887819948304e-10
