[0.0, 31.0]
300.66834759255397
26.121559518801014
0.26741200075533506
-0.11520866704557974
-0.052424032149136844
-0.012577674379282942
-0.0021166627106529033
-0.00019692443054175707
1.6560066333011723e-05
1.1735987030522695e-05
5.483685001819522e-06
-1.4039795835777345e-06
-7.756969484522952e-07
1.0529343757356364e-06
-4.0561916643945756e-08
-2.2540107997737225e-07
2.599022457078062e-07
-8.288296226527072e-08
-1.3005072108693607e-07
1.2689779032532384e-07
-1.3393490039241209e-08
-6.043151027577759e-08
5.810370977385859e-08
-3.454519067196876e-09
-3.5291612160120135e-08
2.966015367019276e-08
1.402686447409658e-09
-1.8084679683591584e-08
1.2731400999629842e-08
4.040930623264366e-09
-1.1104223937498646e-08
7.852536518433482e-09
1.3656822536449987e-09
