[0.0, 31.0]
275.3477367915752
19.189450231560603
1.6926913689234917
-0.35624601896899966
0.09197998116697173
-0.01656399254016313
0.002210564664537949
-7.624697831664456e-05
-9.115861754608654e-05
4.407800046055317e-05
-1.0389737201447407e-05
-2.2160460277828925e-07
3.2233161298622786e-07
4.348672920624842e-07
-1.998542084395955e-07
-1.1480017295644419e-08
2.19911123205841e-08
-6.7573272555837055e-09
8.616463894279509e-10
-1.987791266271021e-09
8.624979429642945e-10
2.443638110595244e-09
-1.6786949857886579e-09
-1.3332217834784934e-09
2.4436506266916e-10
4.3653401105616284e-10
-3.1646088899942614e-10
-4.962607506995596e-10
-5.928990598638505e-11
3.801944265856112e-11
1.1217599479231944e-10
8.617133810892786e-11
-2.2258277021998184e-10
