[0.0, 31.0]
1.0726119866479105
0.7623370160099554
-0.9220194887177947
0.14873074406684375
0.012545930606101735
-0.01322146708203637
0.00348785396069165
-0.00028884678120688644
-0.0001060996616437122
4.4061964622242445e-05
-8.156426471058083e-06
1.4761401549784909e-06
-5.118371274919105e-07
7.061908294964731e-08
7.178319335189135e-08
-5.0431815082034494e-08
1.1377315323410753e-08
7.111250359506584e-10
-2.478588271361379e-09
-4.319602212986659e-10
-4.5916457960994053e-10
-5.943106463709226e-10
-7.067556812777776e-10
-6.232120505004888e-10
-1.0971908644539082e-09
-7.986586247218856e-10
-6.782600643574242e-10
-8.00533800578492e-10
-6.627712511389357e-10
-3.1419650499615796e-10
-3.833944084123195e-10
-3.1852887307343947e-10
-2.1511613026468813e-10
-5.115484768128758e-10
-5.511844123381601e-10
-8.995548902062073e-10
-6.286832003630952e-10
-5.389167833064945e-10
-8.314104658573503e-10
-4.381214047786877e-10
-5.638710720147597e-10
-4.986923495873036e-10
-6.556663775139202e-10
-3.947305913890196e-10
-5.945395916911768e-10
-4.256512633559692e-10
-2.6508644203368824e-10
-1.8933560208396371e-10
-7.139051841536391e-10
4.459638822268684e-11
-3.574992012063213e-10
-4.367526498773347e-11
-3.3892279007867545e-10
-1.4326437750038166e-10
-3.188033198338114e-10
-1.081474271098115e-10
-4.229041285721247e-10
-1.1906096773061604e-10
-2.187161254146308e-10
1.0298164114721691e-10
-2.5125323072619877e-10
2.1525704472744707e-10
-5.4455828719987816e-11
1.46259276445486e-10
-1.161831629865495e-10
