[0.0, 31.0]
193.4455546055567
24.52155227891412
1.0330277225615014
-0.617918210711604
0.16696013677030846
-0.022799179466824047
-0.0014871497193121527
0.0017871523793876838
-0.0005065147304036888
4.472646287019164e-05
1.677043192409741e-05
-5.0696253139741865e-06
5.5988288011981e-07
-4.449587051113306e-07
-1.3437335518080898e-07
1.4068805568419908e-07
-8.818828168079442e-09
-4.721576242587512e-08
-6.300507224958294e-09
8.110966843309592e-09
-8.519487022172438e-11
-4.549868163238791e-09
-1.7678913011137997e-09
5.364733934373347e-10
3.239634084241814e-10
-4.0274150586287276e-10
-1.8312474196168114e-10
5.916729107854004e-11
2.2407534233378703e-13
-3.9922318637529026e-11
-2.083625264214607e-11
-1.3021402793448756e-10
-1.834743210459542e-10
