[0.0, 30.0]
163.94851305475035
4.721120368910283
6.676537811055905
-0.004590345003686692
-0.4890514260993818
0.06825300326623293
0.021874212103774153
-0.007541916696709174
0.0003981485899959282
0.00031614620480775
-0.00018522860573984433
3.57981380060152e-05
1.6481145570056684e-05
-9.091785495365033e-06
2.5317294199644437e-08
1.1497737990672094e-06
-2.9990238488533567e-07
-1.2967831519601857e-07
9.630732469650858e-08
1.8548194031790805e-08
-2.8974098652320924e-08
-3.4669306971472612e-09
8.73829868957949e-09
6.077758737950832e-10
-1.6722459846459283e-09
-4.871151058234914e-10
8.229182026914826e-10
-1.4878147864814842e-10
1.845175653817488e-10
-8.595405597583547e-11
5.722375172339914e-10
3.542631655488115e-11
3.468219066462709e-11
