[0.0, 30.0]
35.388003054417865
0.57995182559396
-4.438192559491524
0.6748636715018866
0.21594893085297504
0.0022034542908534547
-0.009436136327276103
-0.0026469443831719044
0.0003046117315954254
0.0002277154674944865
1.0607567213680966e-05
-9.934404554746247e-06
-2.618977362576643e-06
-2.8798157841155814e-07
2.5439255944854535e-07
1.456665085194987e-07
-6.377143062388759e-08
-1.801239547655805e-08
2.5964194349610697e-08
-4.84233075892295e-09
-7.771768235002906e-09
3.555020954790221e-09
2.072986052585877e-09
-1.5167639129512103e-09
-1.047744725517911e-10
-3.9233805947715674e-11
1.3443649507443098e-10
-2.2784395738330163e-10
1.8726543769585433e-10
-2.8359786824011364e-10
-2.3602209867125576e-10
-8.497045564070731e-11
-1.0314548483793734e-11
