[0.0, 30.0]
-2.0749681954777546
-0.6326871553745067
0.5203763499691736
-0.00668646680226531
7.590497062214376e-05
4.451194033627647e-05
-0.00014854486028076432
1.6259330744363597e-05
-4.231513418155583e-06
6.284943237764155e-07
-3.4718116089024194e-07
3.954797343021626e-08
4.783007277494354e-08
-1.648780305080719e-08
-7.73116155699863e-09
5.217895515501984e-09
1.3384830665017324e-09
-1.1383105753900063e-09
-3.334041752335974e-10
8.032321118579888e-10
-1.2821059902408952e-10
2.4037535792929604e-10
2.386104716780839e-10
1.6913595535398085e-10
1.831509683114056e-10
3.207918765153311e-10
-2.47416382878898e-11
3.931558271826948e-10
2.8931950230468595e-10
3.7967973486843505e-10
2.7635279745220513e-10
4.0516089046536334e-10
4.89937880323539e-10
9.432310880453401e-11
2.9342403528437646e-10
1.0190230900390689e-10
1.0453093536677713e-10
1.566551483019428e-10
-1.3404119189177298e-10
3.5651856346906694e-10
-1.825890007140772e-10
-2.0762449201188998e-10
-1.4635308106610887e-10
2.898293744865637e-10
-3.0631654114096183e-10
3.161595502231561e-10
-1.1903055314501255e-10
4.658930803278844e-10
3.676311848871836e-11
3.703153772164903e-10
2.1867144276129477e-10
1.50187470125707e-10
-1.036580373966863e-10
2.032313161267901e-10
5.709431554217951e-10
5.847608864372391e-10
1.9822861394350606e-10
6.454333673345168e-10
2.4959409064893165e-10
6.966388806418885e-10
3.4105399312030494e-10
7.575085149696269e-10
-3.890946952385441e-11
4.290747136047344e-10
-9.251050891230331e-11
