[0.0, 31.0]
200.0939113496754
26.333631706608955
-0.4695125309232976
-0.07669363474210365
0.04445948839660509
-0.011269295726257081
0.0019213361927307327
-0.0002370221251504611
-1.4390598968075372e-05
2.416117793237638e-05
-4.7664404727081315e-06
-1.4942423494930367e-06
-4.05462420918998e-07
-7.919475997300377e-07
1.2423123822448274e-06
1.6341987963043098e-06
-1.2627211102806175e-06
-1.77151299109226e-06
8.400973795829466e-07
1.6931894681317205e-06
-3.057778559697707e-07
-1.4855098703193857e-06
-1.4605559945335765e-07
1.2253951319974048e-06
4.7480077011219574e-07
-9.039984801007967e-07
-6.614187760635792e-07
5.969422004810311e-07
7.389959803894542e-07
-2.941789985211706e-07
-7.150000555514006e-07
5.931013286627763e-08
6.329491171650698e-07
1.3692658603577552e-07
-5.02155062930359e-07
-2.4997684824031174e-07
3.62676662632093e-07
3.266114063519711e-07
-2.1668165781524053e-07
-3.3222426055341563e-07
9.489212693245696e-08
3.212925632598968e-07
1.1785995512067502e-08
-2.626013305636875e-07
-8.202809240660063e-08
2.1306885444854546e-07
1.3318910522131213e-07
-1.332637071864886e-07
-1.490887025965384e-07
8.498214262650211e-08
1.5530752587790108e-07
-1.568817845653551e-08
-1.3397748065466142e-07
-1.021455673260825e-08
1.1649063461111311e-07
5.7231176373861114e-08
-7.924156818689194e-08
-5.413221121773808e-08
5.787680358506848e-08
8.240604846665037e-08
-2.025438355599462e-08
-5.2702227856903284e-08
9.822150401807888e-09
7.893367721023246e-08
2.4175287342895698e-08
