[0.0, 30.0]
241.68113124155084
-5.394976090583036
-5.355801138340514
1.1128563161477611
0.8964422720109
0.09973008580802056
-0.09532896002810451
-0.04110258947699258
0.0023527512560119696
0.006922298264779067
0.0016579043581560911
-0.0006047799084571616
-0.00044514816907690675
-3.451338816787544e-05
6.268793291592465e-05
2.4577435874707274e-05
-3.042394181402564e-06
-5.057532514722426e-06
-1.0257850005559374e-06
5.516535710386686e-07
3.455232777575603e-07
7.678066203878492e-09
-5.733804747214181e-08
-1.8761135895982914e-08
4.219535457623894e-09
3.938818724030173e-09
5.746016797068288e-10
-3.8842604034095786e-10
-1.2424846956952544e-09
-4.289134685220076e-10
-4.840625755615943e-10
-1.5709378072767763e-11
-6.545302633911902e-10
3.527562670923416e-11
-5.03242565696143e-10
3.348989595592254e-11
-3.8127860668544005e-10
5.1541748620302513e-11
-2.4653140973176244e-10
3.86416037281464e-10
-3.196773935865723e-10
-4.307441238464086e-11
-5.914498056534458e-10
-5.8027701053286564e-11
-3.3652287786186493e-10
3.015020847742921e-11
-1.0650757239040517e-10
1.7814429156824928e-12
-2.6172257589032587e-10
-9.222078318758428e-11
-2.3324799182330613e-10
-1.476786742451405e-10
-2.2943093946098513e-10
2.1938285473726818e-11
-3.329180365311357e-10
1.4939607275697588e-10
-8.662594772408362e-11
-9.94383925779692e-11
-4.042101075918792e-10
-3.0952778343657056e-10
-1.7137086590422962e-10
-1.3759814145713312e-10
-2.42484208968476e-10
-1.798823124907293e-10
-2.6933075969739227e-10
