[0.0, 28.0]
1.6703415127385406
-2.3372284847337204
-0.18197362556620286
0.185504251998689
-0.0478107004704924
0.005653442660356418
0.0016413355524539052
-0.0011448056583377136
0.00032267248073630095
-2.9811086054724056e-05
-1.6671328927651165e-05
9.595577597077753e-06
-2.5057387543461576e-06
1.3530451333595432e-07
1.944372041213968e-07
-8.868705830291144e-08
1.5844339206362715e-08
2.6746514082798315e-10
-1.7389165343618258e-09
1.2300592778985854e-09
-6.409147310154931e-10
2.1802611160380334e-10
-4.698244502013254e-10
4.674115817347131e-10
-2.0335788850242082e-10
1.8415196102131936e-10
2.971506392482898e-11
2.3116916930868317e-10
-3.7413034657767616e-11
7.624370541993652e-10
-2.3053488276737467e-10
1.3433583961202613e-10
-8.429450149785604e-11
1.740732376540508e-10
-3.2130492724456905e-10
2.9810121495492286e-10
-9.524591214470871e-11
6.116334437909699e-10
-3.3817052295898927e-10
4.734684920360221e-10
-3.223937285380289e-10
3.293449553530557e-10
-4.5988889742489324e-10
4.348898107688737e-12
-5.958930327717051e-10
-1.236693627480466e-10
-7.426029185993682e-10
1.9361198947618239e-10
-3.1468802469666043e-10
4.008835185467911e-10
-3.0388297654028956e-10
5.96585927978713e-11
-3.3137028385293995e-10
1.91360305922441e-11
-3.7263366474143743e-10
1.762970243730596e-10
-4.746148507895861e-10
-2.7612040480311873e-10
-3.41279751056864e-10
5.44082028859348e-11
-1.676861198140728e-10
1.607358913383748e-10
4.2415969401885823e-11
2.361985700994158e-11
7.37781645194615e-11
