[0.0, 30.0]
366.5268487352176
24.169025812185097
1.547089327573261
-0.019423062239073103
0.012129525113662925
-0.0034278664683288405
-0.0002842941984519279
-0.00013400543608443804
-1.8398924366238764e-05
-2.2246738529255213e-07
-2.916833892590493e-07
3.5491785530609045e-07
3.56359182999073e-07
2.239169288172525e-07
4.469454199511282e-08
-5.146417009185746e-08
-2.623303041202691e-08
-1.4133750866950506e-08
-5.426071389416446e-09
3.730457180916815e-09
5.559389884592376e-09
2.7008744661448663e-09
-2.932775928287911e-09
-1.680641591789077e-09
4.0299113130666143e-10
6.709920602781048e-10
-8.496141617434425e-12
-4.112073207228557e-10
-2.7260539219218785e-10
2.175041784072743e-10
-3.4157150955695224e-10
1.9580262936553933e-10
-3.0216092357408957e-10
