[0.0, 28.0]
-1.6563236631828393
-0.5938335086023762
0.29249969111433355
0.01828793947766798
0.0011608562726504892
3.999723634071821e-05
-2.806183704987504e-05
-2.605964642131468e-06
-8.551080113429266e-07
-2.6723403520078875e-07
3.303252010901646e-08
-1.190704363658462e-08
-1.0754098538113738e-08
7.022801543444711e-09
-8.384695065989628e-10
3.7026922506524475e-12
4.445055622682901e-10
6.55348594908079e-10
-5.043367155554399e-10
5.34991404135241e-10
-1.6191696119815902e-10
1.6637180507012157e-10
-3.8899187484947086e-11
-1.3240994771744747e-10
-1.9223667701931952e-10
-1.1480934356496214e-10
1.617627968573245e-11
-2.3924141496552143e-11
-1.7752261305416795e-10
2.2345779447460558e-10
3.3662696346637915e-11
1.258433938865161e-10
1.1334777282332606e-10
2.6707280456729233e-10
-4.124254553659152e-10
5.588245330325712e-11
-1.1073745039199507e-10
-1.0441670673158866e-10
-1.0242935957912218e-10
-4.264783608960884e-11
-3.615245310745539e-10
-3.266625142223119e-10
-3.291134196491914e-10
3.867896614260549e-10
-3.380539640806067e-10
2.906078879321158e-11
-4.691309469789742e-10
-1.1629706758055649e-10
-5.811670866174996e-10
-6.774506596896341e-11
-4.4179439364418947e-10
4.1491585776944163e-10
-4.106915195856776e-10
2.768088508290754e-10
-1.202438625776418e-10
1.0937954128566106e-10
-1.6297072222521945e-11
-1.227559295194191e-10
9.879071013595561e-11
-1.758273733161116e-10
-3.2475105945023013e-10
-1.3974392936958403e-10
-8.467374506971251e-12
-3.7120070085238505e-10
-1.2481411189089098e-10
