[0.0, 31.0]
99.2954772150177
21.41784527760445
3.9302575427209048
-0.3873085218689427
-0.08030406759761964
-0.009494933443324517
0.0021121018454747374
0.001953115414628241
7.886149162213457e-05
-0.0001239522673587888
-3.808342513755405e-05
3.178193360366302e-06
5.991042385224623e-06
1.1730821906778724e-06
-7.547303007268167e-07
-5.595817826397998e-07
-2.150570887737201e-08
1.6424036991572354e-07
7.808415394522948e-08
-2.4050738493041898e-08
-3.7932627085731364e-08
-3.5775099886934646e-09
1.1442712195245205e-08
3.908844218370892e-09
-3.194572154675595e-09
-1.0842419642780855e-09
1.3124280375216032e-10
1.6787652182651977e-10
-1.7827383826696347e-10
-1.173813047209716e-10
5.3251186019191647e-11
1.6541067611576005e-10
-4.46661715077222e-10
