[0.0, 31.0]
251.80678516807163
23.008557318181964
0.518247033390451
-0.11064402559787766
0.042433157885989226
-0.009134038122928517
0.0016437534335098855
-0.00026323328471430295
2.3994843374336908e-05
1.0660760436056634e-05
-3.408726914639457e-07
-4.395980860771996e-06
-3.3683522345657646e-07
1.9694444954752027e-06
7.727688190466683e-08
-7.635091080819822e-07
-2.7589963934655964e-08
2.870513522635127e-07
7.384480095118137e-09
-1.0080432216392929e-07
-2.036238956622179e-09
3.204687246117981e-08
-4.3778074050353534e-10
-8.250480683252501e-09
-3.2155313800451184e-10
1.8202947469186269e-09
-2.8317771219084346e-10
-2.4782349904531886e-10
2.924171658286403e-11
4.58010169629766e-10
1.621072560102329e-10
5.392226574943928e-10
1.738672169629381e-10
