[0.0, 31.0]
62.54485229107531
31.08102737301405
-1.2314283671003319
-0.5255694418429285
0.04701700658315714
0.021027742918696454
-0.005575294529181779
-0.001399395792259451
0.0005722851218834163
8.765929490762787e-05
-5.749647927773062e-05
-7.876872574596305e-06
5.586513963494595e-06
3.902749451721607e-06
-2.8136875660466904e-06
-1.1380419841248372e-06
2.942531146625873e-06
-7.66841529878505e-07
-2.110020879136697e-06
3.2848196010526543e-06
-9.778983869931115e-07
-1.6134262382597193e-06
2.406788971839189e-06
9.875762951724298e-08
-2.4673263587105833e-06
2.975275378158944e-06
-3.6370062969777167e-07
-1.656852605742027e-06
1.8410874609720074e-06
9.912350516769309e-07
-2.7451487735588223e-06
2.9677940599238905e-06
-1.1299714164477905e-07
