[0.0, 31.0]
361.89921051549555
29.02661630175562
-0.48551839733265756
-0.5857134169119171
-0.12038223750885789
0.0006208422366648131
0.006712406621333572
0.0012680898201171643
-0.0002262658207434014
-0.00015208488601348464
-1.669189700277012e-05
7.943160272422661e-06
3.779550201954389e-06
2.057058641549363e-06
-2.097917913848745e-07
-1.340261818744643e-06
3.4117780495924635e-07
4.6076176949811823e-07
-5.072611156495233e-07
1.2790647267707785e-07
3.154566826793033e-07
-3.612087665939909e-07
2.723414008870873e-09
2.8887806433804544e-07
-2.029316614634633e-07
-8.16311167067849e-08
2.1672708229119043e-07
-9.136829997355182e-08
-1.020322776599e-07
1.4480838750958543e-07
-2.2855788264682627e-08
-9.64890247231022e-08
8.816792629785266e-08
1.2359437761713015e-08
-7.706858114164802e-08
4.561008709910189e-08
2.8268040457767635e-08
-5.533264438544237e-08
1.957163518014118e-08
3.0102135540053385e-08
-3.526731680677746e-08
2.054088620060447e-09
2.700082264209278e-08
-2.0716403243026757e-08
-4.9077312921527124e-09
2.0467446506564875e-08
-9.305094536651367e-09
-8.812053773823246e-09
1.4952966166133403e-08
-3.1617558919274637e-09
-7.961586977534664e-09
9.127473972345375e-09
1.0973889809458664e-09
-6.8875446433924215e-09
5.281130482236384e-09
2.307244942194472e-09
-4.287732981579294e-09
2.3821224222185564e-09
3.15818386909783e-09
-3.3730028226814234e-09
7.764975197000333e-10
2.4094137772859883e-09
-1.7059574696151812e-09
-2.9621495109148346e-10
2.1575585460611186e-09
