[0.0, 30.0]
219.007892913199
12.535064501527522
4.866406326591725
-1.297244503214691
0.10732948761446645
0.07132780750829365
-0.03716394498439818
0.008203182416945379
0.00011937175236348936
-0.000801289567786473
0.00031997377826227004
-5.993845796339709e-05
-5.98586556456572e-06
9.609445627988583e-06
-3.5224153752500678e-06
7.765445477324226e-08
3.9949037369684735e-07
-5.3168414484532265e-09
-9.484404375973265e-08
-1.4879279162929113e-08
4.1096620188647696e-08
1.485250365000442e-09
-1.1985520453057227e-08
9.890212836435334e-10
3.1475601595851455e-09
2.2098065417006906e-10
-9.658943028839298e-10
3.91748498496069e-10
7.011976009619591e-11
2.779715970442244e-10
-3.2118342647342527e-10
2.1534712091758683e-10
6.194132936957758e-11
