[0.0, 31.0]
0.9894287262968852
0.9018791083116791
-0.659518893750606
-0.002764311177093245
0.02388470199500883
-0.003797538560567917
-0.0007065494082910171
0.0003925373949208306
-1.790999402975978e-05
-3.0912728989395296e-05
7.659262569516743e-06
2.5373718170592425e-06
-1.5092732680438093e-06
-8.784472501965055e-07
8.456613973490641e-07
5.363562645099092e-07
-8.308325553138186e-07
-2.0883347896370106e-07
7.719585089037182e-07
-7.094853429575966e-08
-6.327808446285381e-07
2.6027841839061436e-07
4.561028239966666e-07
-3.7042402057078213e-07
-2.674909265812726e-07
3.9817614300983984e-07
1.0041072420846417e-07
-3.738487410818835e-07
3.487538203063523e-08
3.0367156053768043e-07
-1.2662987890414083e-07
-2.2080896311332253e-07
1.7880648279861424e-07
1.2703834310510986e-07
-1.9236571118273296e-07
-4.958744538027292e-08
1.804029729152681e-07
-1.861661778277341e-08
-1.4621896450670297e-07
5.986515109733308e-08
1.0637267428779902e-07
-8.847619689562232e-08
-6.066050128505677e-08
9.075129594141042e-08
2.3887047374625764e-08
-8.933805946227788e-08
9.718228982040398e-09
6.828080822630884e-08
-2.8893671448972317e-08
-5.3324122129501756e-08
4.284654604366832e-08
2.7183271605155386e-08
-4.374915602585955e-08
-1.4209525553754935e-08
4.332351470959145e-08
-7.392402708008721e-09
-3.263053543221434e-08
1.077810087900239e-08
2.6128201841646247e-08
-2.4499903453396974e-08
-1.21484063896507e-08
1.6511940190038714e-08
7.139093654301469e-09
-2.7282173048355782e-08
5.159387107567515e-09
