[0.0, 31.0]
368.8469613996312
19.83502573669373
-4.616442781970462
-0.9693825944885868
0.07708212568147518
0.05151755169149247
-0.00035085132421640915
-0.001542372224604766
0.0005697673849753887
0.000131584037468345
-7.987375601419634e-05
-1.4520998562675823e-05
6.775424712132977e-06
-3.123835500275994e-08
-3.3013916349854353e-07
4.872265923814834e-07
-1.4626057912040523e-07
-2.0537090132655966e-07
9.899987999035374e-08
7.110205041408657e-08
-4.2141043332834096e-08
-2.312559840550753e-08
1.3611039838019545e-08
5.69987373207317e-09
-4.246233903371723e-09
-1.8975274004013825e-09
5.435912190017263e-10
-1.4378559001426067e-10
-4.4931797294514706e-10
-5.345963896935964e-10
-3.404669323821515e-10
7.149094569662684e-11
-4.041887136008634e-10
-2.5897471351792985e-10
-2.0139785284314318e-10
-1.3901555679233862e-10
-1.1949270767855612e-10
-2.778610717798807e-11
5.962096372293787e-10
3.247434692620737e-10
8.588921945178376e-11
2.3065569960535733e-10
2.2764513620433878e-10
-2.348300940234043e-10
-2.5682019226158057e-11
-2.323645139135657e-10
-2.5628607307956537e-11
-2.7601022793447866e-11
3.2373927460965346e-10
3.197636486107363e-11
9.763406530659835e-12
1.3198650830814132e-10
-6.158151793462977e-11
7.22147020459681e-12
-8.085057709959004e-11
2.7901683455274763e-10
-3.3131659023828293e-10
1.8698895822149842e-10
-2.570641499698419e-10
1.6047678408795164e-10
-4.399803072437234e-10
1.6872348085512138e-10
-2.9323310095193107e-10
-3.817017295877156e-11
-2.733874123133893e-10
