[0.0, 31.0]
-3.2232369309832816
1.3498777677617524
1.3262053197053432
-0.08462606260229867
-0.11238932874749447
0.00031461446626481865
0.009626730724514409
0.0002741393491586418
-0.0009512137087516503
-5.673214538317636e-05
9.951176426578865e-05
9.577856675363645e-06
-1.0339838444559687e-05
-1.3421707591113473e-06
1.0505804706848524e-06
1.6310044880340414e-07
-9.916851768455441e-08
-1.783044721164663e-08
7.279154470764949e-09
1.484172426158043e-09
3.5679109691828197e-10
-2.3811667817511797e-10
-3.6515298492645784e-10
1.808533555192934e-10
3.2463500074209013e-10
-8.585251230728215e-11
2.6353183710166914e-10
2.4887180600145993e-12
-9.617478450077084e-11
6.846382811248987e-11
-1.2176062371271658e-10
-9.112848579221018e-11
2.3568147717715763e-10
3.168168102738281e-11
3.681821204213559e-10
-1.0808656086562705e-10
2.2638206129294745e-10
3.0382961517026155e-12
-2.5762806328267537e-10
3.0436294976802774e-11
-5.266995830015007e-10
-4.605824134397747e-11
-1.0931650484499903e-11
1.71366968843496e-11
3.8841409626061305e-11
-4.7579354887787936e-11
-1.1878543296064495e-10
1.1261012308673104e-10
-1.3624821213528252e-10
-2.031539707526484e-11
-1.0460704383085808e-10
-9.653906437993014e-11
1.2597861304677498e-10
-5.7231703351036685e-11
-3.076398341142422e-11
-5.1338854806411424e-11
1.8160647594693061e-10
2.384222435930257e-10
3.053906653898184e-11
2.5063740615283386e-10
-3.1361380247226267e-10
4.2118614116464925e-10
-3.930928337550775e-10
6.904741372651387e-10
-5.048769612203145e-10
