[0.0, 31.0]
206.25005459155963
-8.59109767015821
-0.10174294738923306
2.83473910970014
0.2908641422799991
-0.3313168360491994
-0.07429796750611302
0.03918833342904443
0.014660605106683383
-0.004441563557054281
-0.0026426426108496727
0.00045358025347233354
0.0004570772958112843
-3.427665858178862e-05
-7.716918959118937e-05
-4.4926664833187615e-07
1.2756112107109902e-05
9.734727562480967e-07
-2.0556731326461494e-06
-2.7728086698900056e-07
3.2054988116831496e-07
5.652670195530456e-08
-4.805890687677832e-08
-9.663773461394864e-09
6.738371317187948e-09
1.3285018668193677e-09
-1.419823321785006e-09
1.4138688591174852e-11
3.4719844002441434e-11
4.107582583481817e-10
-3.801548673815913e-10
-1.1026561072630166e-10
-1.1601662694044293e-12
