[0.0, 29.0]
1.7364585896573395
2.454781136154552
-0.6432089378535436
-0.36119751996637467
0.0021501868752341795
0.031331482027847274
0.006020667401280627
-0.001527148737217359
-0.0009556747996931505
-9.660006676044032e-05
8.112257150478572e-05
3.429902650876748e-05
-8.900744499784231e-07
-4.518236751593344e-06
-9.904485340394592e-07
3.1105617656412874e-07
1.898086599997793e-07
7.786265584907237e-09
-1.9788639482003695e-08
-5.948081611248585e-09
1.0210017238514415e-09
7.518460654321598e-10
1.9286647306350834e-10
-4.694753307371944e-10
-2.866160873665881e-10
-5.13964916697298e-10
-3.278698099246405e-10
-1.097747849427568e-10
1.248592681780102e-10
-9.329174616343738e-11
-4.854557484119539e-11
-3.617999087457589e-11
3.02990385914264e-11
-6.920508493820804e-12
1.767402825576247e-10
-1.7537075683681288e-10
9.097372880321006e-11
1.9747225918643518e-11
1.8311045166779737e-10
-9.084888086071295e-11
2.217435520060481e-10
-1.0782543388137655e-10
1.1858412336188216e-10
5.068876439404962e-11
9.024326405895878e-11
5.205500844121046e-10
3.6216775855896845e-10
1.718727562713807e-10
6.758082493704078e-10
2.4948049395049044e-10
1.2132080592925557e-10
4.2645459256300236e-10
7.452699755052532e-11
1.9437370411348087e-10
7.726342826549308e-11
6.508555481434019e-10
-2.2256483597888002e-10
2.6303581829603533e-10
1.7897146529100888e-11
3.1462761936192795e-10
1.1665216160833644e-10
1.3494967969434405e-10
4.8318767927104935e-11
1.568636870045052e-11
-4.775037368048917e-11
