[0.0, 30.0]
-2.846979250638337
0.85682927502243
1.186962745917917
0.1283827560150537
-0.06725034284126322
-0.03161535558644229
-0.002513870160462442
0.002659855065754091
0.001060250567317873
9.94490278989949e-06
-0.0001201054378676372
-3.691015767481131e-05
3.355479632824234e-06
5.501651664361646e-06
1.2496210508447733e-06
-3.093025005176129e-07
-2.506015439490604e-07
-3.5491187295166603e-08
2.092723946968565e-08
9.857995018144833e-09
-6.674086470501114e-11
-1.3572034105003838e-09
-8.16340249029013e-10
-2.0864243440922444e-11
-3.292880161401876e-10
-8.545161355580194e-11
-7.759064597111051e-10
-5.841204102751182e-10
-5.290712896662198e-10
-4.5516868233160786e-10
-2.1812319997572952e-10
-5.403086815096128e-10
-6.109211582686266e-10
-3.6568327254001995e-10
-3.5464070619416267e-10
-7.911640837609686e-10
-3.6893549886278835e-10
-7.290101409812998e-10
-9.285101341168816e-11
-7.403468808356544e-10
-3.6239871092485875e-10
-8.72035105257906e-10
-9.723045788347887e-12
-5.719501784388131e-10
-4.76495738733669e-10
-6.387965440467847e-10
-2.5456948605463534e-10
-3.982509823472e-10
1.97622758786273e-10
-4.658035583902519e-10
-2.778709086173594e-10
-6.540702706747057e-11
-2.199676169043194e-10
-3.000637628447065e-10
-4.711554390542442e-10
-1.2191976072994232e-10
-4.4191240574238725e-10
-2.0963257539758924e-10
-6.905488553422773e-12
-3.654087982578066e-10
-2.7540258260382024e-10
-3.975960945935092e-11
-4.232219392118345e-10
6.855164468692447e-11
-6.171645934496471e-11
