[0.0, 30.0]
162.24220599376125
24.181021181142164
2.0851912440285245
-0.883253424061241
0.11194876842466543
0.0202631857490552
-0.009437128230365768
0.0003040946555703326
0.0005539062558260417
-8.45003299216902e-05
-4.172757960024868e-05
1.6821529967518303e-05
1.8989373906767997e-06
-2.8687924501762056e-06
-9.71867842672006e-08
3.5952582779379983e-07
-1.03639434906763e-07
-1.665520254313203e-07
-2.5569137247653663e-08
2.5607915718070483e-08
8.406281296472344e-10
-2.984599652228455e-09
8.9180897894662e-09
1.2155992251208858e-08
6.069632512466363e-09
3.69713289144408e-09
2.214955008278911e-09
1.7933412261518638e-09
-5.030809952790062e-10
-4.702691848528948e-10
-1.3047437500602011e-09
-4.583408568274863e-10
-1.4568419174616366e-09
-5.279255872380534e-10
-1.1058850438058839e-09
-2.511641522712024e-10
-7.25006606185587e-10
1.6977689895091875e-10
-6.096462571462535e-10
-1.8035461478071442e-11
-8.018304351885055e-10
7.174682390507666e-11
-1.0683544609334216e-09
-2.546218078657695e-10
-7.75431359075838e-10
-3.2923109695387896e-10
-4.914076294244416e-10
-1.1942778149672418e-10
-2.5774043566488825e-10
-2.145432766429189e-10
-4.25429175289376e-10
2.616619061725741e-10
-7.295147605819598e-10
8.661508286574692e-11
-6.36518516658503e-10
-1.7585593912625323e-11
-5.750929616760334e-10
-5.054805791838753e-10
-4.805220605467338e-10
-8.981672971221093e-11
-8.27626170610808e-10
-1.7237278433819263e-11
-4.1644219738385245e-10
-5.746108822354258e-10
-4.044095996283404e-12
