[0.0, 31.0]
218.60668255423633
1.0136590194192239
-6.059454606080025
-0.5729847049106823
0.31100045176657914
0.182726452371676
0.03974744434089211
-0.004154670807304312
-0.006338099917891159
-0.002184857924842324
-0.00015497099207596144
0.00021021388609818582
0.00011024724681848866
1.8835620992040764e-05
-6.3111511145874065e-06
-4.5092604469250405e-06
-9.747576538336845e-07
-6.100854290824685e-08
1.681166513648067e-08
9.031381180380373e-08
7.164405706962312e-08
-3.425252099542626e-09
-2.1631740585484193e-08
-2.6479080132570603e-09
4.3797301208398545e-09
1.3325734334569795e-09
-7.171705480652896e-10
-1.9813831618281857e-11
-1.2561500580324884e-10
-1.921863149203806e-11
-3.712279583140094e-11
1.4367142146383527e-10
-4.000644189227877e-10
