[0.0, 31.0]
-0.9061876624439511
2.1643619034932646
0.23842950169714427
-0.10034173182364982
-0.018090863618756323
-0.0004249415141037761
0.000945748378747052
0.000258838936826789
-9.889886492591444e-07
-2.1462258589861552e-05
-7.853228939328037e-06
-1.994332133931826e-06
4.795808071477121e-08
1.7606403586780298e-06
2.5199756068113253e-06
1.5224572439268726e-06
-5.425226819927846e-07
-2.0543549258764216e-06
-1.904802823630525e-06
-2.94430767927691e-07
1.4702621349116383e-06
2.067428839901439e-06
1.113088375853085e-06
-5.742723167714952e-07
-1.6965885077266333e-06
-1.4374664240869835e-06
-8.543574841495139e-08
1.291793573743492e-06
1.6521343869485545e-06
7.973791135720015e-07
-5.676293470677613e-07
-1.3799144919006618e-06
-1.0748306940139634e-06
6.275604941289043e-08
1.119470051975967e-06
1.3214115584886221e-06
5.589417640715319e-07
-5.275197409316565e-07
-1.1147682042497104e-06
-7.819346161189515e-07
1.546155387104202e-07
9.709584744888911e-07
1.050455425036705e-06
3.9327736191309664e-07
-4.773177717695884e-07
-8.809437456223771e-07
-5.572133134063763e-07
2.227662633720962e-07
8.34086807919219e-07
8.460547031871222e-07
2.7173639645585013e-07
-4.0506169999162965e-07
-6.865094806357516e-07
-3.66288725837936e-07
2.630911844433783e-07
7.341969820805507e-07
6.865938189212734e-07
2.1244145481551432e-07
-3.2605095196809825e-07
-4.90438503965375e-07
-2.0358623820619323e-07
3.344409318931486e-07
6.788171512983419e-07
6.485295118248943e-07
2.531693796650106e-07
