[0.0, 31.0]
1.2057403459760072
-1.6939305703408385
-0.16567522513515456
0.10348386392716824
-0.023992378456841112
0.0049583901800179676
-0.0006563466554199468
-1.246379630421221e-05
4.772053994721316e-05
-2.0191843737681217e-05
5.783563914153405e-06
-1.2298677581089085e-06
1.7906393401050045e-07
-8.164515533851027e-09
-6.686583380831629e-09
3.975525463936279e-09
-1.790172369198877e-09
1.8753391433963264e-09
-2.382873166544716e-10
6.525465652151913e-10
-4.9521997047601107e-11
-1.30447068686582e-10
-3.6121812439490507e-10
3.196742477537059e-10
-2.2659851514649157e-10
3.310995429726893e-10
-2.745100626943592e-10
2.9922330076926204e-10
-4.115726182633698e-10
1.013795548756253e-10
-4.605868448391665e-10
4.3360561757622045e-11
-3.1927111366474766e-10
2.5156841291810423e-10
-4.716063089625816e-10
1.8787475474917752e-10
-6.206897084123247e-10
-1.1635847074131012e-10
-5.689787604283598e-10
5.4537694416458245e-11
-3.825809364721217e-10
8.345726550227051e-11
-5.657208792774887e-10
3.10908659610395e-10
-4.73634273865168e-10
6.238935843534648e-10
-4.773560212930913e-10
3.967666764675823e-10
-1.9107878386454708e-10
2.778981724963988e-10
-2.6069170566831382e-11
2.621569649977279e-10
-2.0840873826354506e-10
-1.5738121937896162e-10
1.1704064789387232e-10
-2.066468190128774e-10
-1.841424300871904e-10
-6.273943604311985e-12
-3.657982864961348e-10
-1.9720933839313256e-10
8.956634345894752e-11
-2.967530086190848e-11
5.231636456037793e-11
2.5166728189945117e-10
4.2419316281621834e-11
