[0.0, 31.0]
136.98650641228176
10.887878736520145
-3.640780513198119
-0.30800185767669874
-0.015811577044369706
0.011489542439217655
0.0037819072507088883
0.0006770962392437276
5.9686316662844374e-05
-1.675557289831316e-05
-1.0958553200956636e-05
-2.6617461247620373e-06
7.53381701260819e-07
5.223530282521539e-07
-1.0823927104234155e-08
-7.101517923320659e-08
-2.7057761365118108e-08
-7.748928614539846e-09
2.7228949630603884e-09
2.1993286245593337e-09
1.3365745100488306e-09
2.373286668223265e-09
-1.1408682419318777e-09
-2.3605816294852734e-09
-1.8200289224200147e-10
4.321171872432421e-10
-4.235615772100415e-10
-6.412043741643138e-11
6.286003912460686e-11
-6.519181693554524e-12
-1.0102970993394403e-10
2.521099553631163e-10
-5.6566926172001585e-11
