[0.0, 31.0]
261.28833534191904
-8.329784328726362
2.2961440531623434
2.899229211339874
-0.610145546062257
-0.35866760086620114
0.13742938977610292
0.04310900933956942
-0.028491084160580955
-0.0041384876891569665
0.005583461421430119
7.655722016747983e-05
-0.0010391858142858046
0.00011276027548611921
0.00018259181346397512
-4.407564635756628e-05
-2.97322225560859e-05
1.2279811748851873e-05
4.2832059870926795e-06
-2.9667918813354854e-06
-4.7327203210624923e-07
6.549561614240674e-07
1.133377320316191e-08
-1.3449064104191662e-07
1.4278477847131003e-08
2.5481062727467297e-08
-6.17138826775221e-09
-4.590670903265686e-09
1.5487769109381314e-09
5.93589339616291e-10
-5.713384206615397e-10
-3.6548841583028675e-10
-1.2952244346173569e-10
