[0.0, 30.0]
219.1102282220116
21.481458286503866
1.307391152835824
-0.5493930391135635
0.14812530034928761
-0.024638007280918566
0.0011531634588350663
0.0009579845619650852
-0.00043496410220420157
0.0001015429593856832
-7.994702648696988e-06
-4.7137873935739577e-07
-1.2389603642839548e-06
-3.01847965985883e-07
8.159478232020833e-07
1.3549171118005713e-08
-2.7614553050212556e-07
-1.1380353244777862e-08
9.890759353997855e-08
4.471656846154593e-09
-3.1920812906994044e-08
-1.6020814433326353e-09
1.0169690978259753e-08
2.7753676741515606e-10
-1.5653683386754892e-09
5.492843167289633e-11
1.2570356147028112e-09
1.748187600983057e-10
5.105163152389879e-10
1.2366669856598796e-10
7.302708984207905e-10
2.395804625233112e-10
8.418442678444551e-10
1.4539179616384753e-10
6.516403865107718e-10
-1.313354423668749e-11
7.718752897584709e-10
-1.3351821758526584e-11
7.645517776860105e-10
-2.3293597069558803e-10
5.882279098080862e-10
5.1579155184063546e-11
6.211571111346792e-10
1.0832598131291534e-11
5.906148408781813e-10
-6.91216922743811e-11
3.734307486416267e-10
9.79837645529963e-12
1.2983968739518626e-10
-1.5202221403030506e-10
3.9069473758487357e-10
-3.566160093477476e-10
2.928497434822191e-10
-4.5107171531154394e-10
-3.4792781549735776e-11
-6.256353115056777e-10
-5.5078038377033205e-11
-3.3946329116882534e-10
5.197488248061791e-11
-2.6215042267076496e-10
-3.54726325120476e-11
-2.2868156162035906e-10
2.790105247919258e-10
-1.827150810178038e-10
-9.072606025633039e-11
