[0.0, 30.0]
184.72667332665068
-5.615485675794719
-4.2403625049444
0.793866103111072
0.5344481397340006
0.07737885865466883
-0.02996650080691281
-0.015906773478405387
-0.0012644011399501548
0.0013315148397477228
0.0004953659260536517
-1.0216969825593643e-05
-5.570987619408426e-05
-1.4065869616938733e-05
1.5217359160636114e-06
1.7811579909871604e-06
5.998844718603414e-07
1.1469983248430046e-07
-1.0252296839300595e-07
-1.0448293735740736e-07
-5.422097227518138e-09
3.058619383949677e-08
7.384037117794705e-09
-7.200271324805626e-09
-2.3811133278091365e-09
1.2432389276734047e-09
4.29395429958995e-10
-2.6990152799707356e-10
-4.1720985768442536e-11
3.2618694612629556e-10
-2.958206900644998e-10
1.2114453572827765e-10
-3.2170983712689193e-10
