[0.0, 31.0]
-2.7386665890424866
-2.250380411405976
0.3626382477359234
0.1740896071471863
0.03158487900279265
0.002962431087366141
-0.001070385566606891
-0.0005990615849526814
-0.00015289980021927934
-1.5099595390558574e-05
5.313411167516219e-06
3.027672276830582e-06
7.583499198270501e-07
7.497291693232091e-08
-2.9973301184694416e-08
-1.9389779554188186e-08
-4.685370844163849e-09
3.258726180843965e-10
4.2600158150113143e-10
-2.5736781271763915e-11
-6.690722908178448e-10
-8.579931217972482e-13
2.9692300074413346e-10
1.854731262850439e-12
3.927771105290585e-10
5.3095545913016624e-11
2.7104382997002156e-10
2.4035725739588104e-10
-1.3914828919782895e-10
-7.38902563665833e-11
-2.9047519134821914e-10
-4.3747243278699457e-10
-1.7294332593490967e-10
-2.7488478269906866e-10
-1.9922402626290617e-10
-7.290155240642976e-11
-7.421830498378715e-12
-3.0828157865168573e-10
5.3564212841385807e-11
-1.571985078665291e-10
-3.4631627911431427e-10
1.4957364709379225e-10
-2.985958941022838e-10
1.3111675888600144e-10
4.496625882353946e-10
1.2514911052223667e-10
-1.182994459857045e-10
1.4424559930086657e-10
-2.522518933944228e-10
-4.675292671547149e-11
7.950432114352304e-11
8.530255153767666e-11
1.838621978891396e-12
-7.729060874821972e-11
-1.4697943492960495e-10
3.494457552885909e-11
1.759688127008855e-10
-8.73910337264116e-11
-1.671247997879775e-11
2.110502556178352e-10
-1.3505479232127942e-10
1.0110459315537236e-10
-1.917676909989082e-10
5.98355106162357e-11
-1.0999592772250313e-10
