[0.0, 31.0]
273.01481564871483
-2.1393391473669183
-6.811661007916169
0.5751587198758137
0.9722667583372754
0.18712631371698885
-0.08537011797654183
-0.051849310147331046
-0.002168113610257626
0.007417458949931603
0.0025817944660287964
-0.0004100790840269103
-0.000549482148669747
-0.00010264491669341791
5.953914425395972e-05
3.614115277095416e-05
1.5242560195406346e-06
-5.771478245563626e-06
-2.163421189550973e-06
3.331421153161218e-07
4.870763884386659e-07
9.214657600295447e-08
-5.237493952001628e-08
-3.224849267070467e-08
-2.657767317619935e-09
4.888945450486965e-09
2.457081342024966e-09
1.0795420545993441e-10
-3.7171636003625595e-10
-2.064507354083146e-10
-3.531363398802415e-11
2.017648697972697e-10
-1.639141346363819e-10
