[0.0, 31.0]
72.95089227802839
13.034907392639937
-4.282027409580844
-0.13220046536545396
0.02343475023839438
0.008619708918394114
0.004437882674771614
1.528918208604179e-05
-3.11815686702353e-05
-2.7830381697772923e-05
-1.0675278788749355e-05
5.803741708300544e-06
-1.6472782153354544e-06
-9.079871274508758e-07
1.031653452258555e-06
-1.456616254625864e-07
-2.8057410369459093e-07
1.7200554491804954e-07
2.432964923391681e-08
-7.073236818169794e-08
1.7046048430909048e-08
1.9276547758865548e-08
-1.0378097222897861e-08
-4.342146658997988e-09
3.4271145762722244e-09
2.8714615701462865e-10
-9.192367673953889e-10
-5.3797241725012157e-11
4.826976023744426e-10
1.3503179150250256e-10
1.5145475486180667e-10
1.6986057583206935e-12
2.0591940158548822e-10
