[0.0, 31.0]
1.3259203745540098
1.142109845436001
-0.6544529859104115
-0.08644351438130653
0.02180608447753281
-0.0010765652466448769
-0.001038524376112864
0.00032899823113770506
2.567322042926345e-05
-3.33573397374826e-05
8.320065376968638e-06
-1.665814450093734e-06
2.034097265139458e-06
-2.2688226226621366e-06
1.6126695237683115e-06
-8.452164651252125e-07
9.554908102075042e-08
4.213749316148494e-07
-8.447963176281243e-07
1.0167985212882133e-06
-1.107562010624867e-06
9.886530482933352e-07
-8.592818569772524e-07
6.018519546390809e-07
-4.1593573481597065e-07
1.6733769958612505e-07
-3.659011585514029e-08
-1.3786869985704757e-07
1.956978616139143e-07
-3.1797632419361945e-07
3.522934571418649e-07
-4.823908013945146e-07
5.446759197148184e-07
-7.137063253964573e-07
8.045320398701978e-07
-9.78110489442514e-07
1.0336582777880135e-06
-1.1304766547319021e-06
1.0637673444315584e-06
-1.0080511865197315e-06
7.709715263304083e-07
-5.563029387736971e-07
1.8786572449058536e-07
1.0172207428278436e-07
-4.800267929815209e-07
6.954834663582394e-07
-9.276594613374024e-07
9.268546510740025e-07
-9.04274054270317e-07
6.274428924448447e-07
-3.498763743290271e-07
-1.4050259380397784e-07
5.504232756917459e-07
-1.088236065524773e-06
1.4349858385374563e-06
-1.8236507570598755e-06
1.926706574815332e-06
-2.03053529008095e-06
1.8090070440380196e-06
-1.6244576524663456e-06
1.1406567307361814e-06
-8.115783882722636e-07
2.481146155381195e-07
-3.139984029409016e-08
-3.8024685449733603e-07
