[0.0, 30.0]
-1.7643190307400247
0.9627817987242687
0.454727607475515
-0.008524887853868682
-0.0054844955518985146
-0.0015532611543222494
-0.00024019332177265315
-1.1722575459120545e-05
4.369618357911652e-06
1.5944428868371556e-06
6.610705518898525e-07
4.639793162235397e-08
-2.0501708434384916e-07
-1.0351350336346763e-07
-3.601212997045157e-08
-4.244040613191547e-08
-3.859774984380912e-08
-2.2121906292667652e-08
-1.5787244633499134e-08
-1.2698877748120207e-08
-9.717792549291625e-09
-6.451249192732464e-09
-5.086579727855551e-09
-3.4997233904036947e-09
-2.6988497493415133e-09
-2.011925430905048e-09
-1.7046001072047433e-09
-7.585757025180144e-10
-5.395098048077215e-10
-7.296528449670359e-10
-6.556219968459509e-10
-2.6694886141363133e-10
-5.1709312619659956e-11
5.407100487108817e-10
2.1562997045849135e-10
1.6565536078076462e-10
4.1846164635785157e-10
-1.2605392823834575e-10
3.5744881107752034e-11
5.884222558880021e-11
1.096202960227049e-10
-1.4290949812627308e-11
8.840626066651568e-11
-2.5870279966474547e-10
-3.7025779285690983e-10
-3.0578745391355283e-10
-2.3130684090487002e-10
-6.321668823760477e-10
1.6962949437930246e-11
-6.960402820209279e-10
1.47937359927942e-10
-4.0841873129035704e-10
-8.832394096738926e-11
-1.54865199260731e-10
1.1839583937818916e-10
-3.592375983750023e-10
8.123679724962725e-11
-2.4976726519551574e-10
-1.6847067550008444e-11
3.4273719694931823e-10
2.694067324574919e-10
5.999347857495512e-10
1.095387471923811e-10
5.002025624125624e-10
9.877668694441757e-11
