[0.0, 30.0]
186.5857062058653
-4.04893996894602
-4.763854315640918
0.3802082263850328
0.4625661048710412
0.11043501979901764
-0.009052744486410028
-0.013468944208969155
-0.0032912852978802284
0.0003560529525986279
0.00046068300121502
0.00010844743193775903
-1.681031615752502e-05
-1.7719936672133655e-05
-3.595591128477433e-06
8.205280043413987e-07
6.666632542324937e-07
1.5611338843994978e-07
-4.167049357676034e-08
-3.881758736270087e-08
3.289585407874315e-10
4.270290792572863e-09
-1.0404386292609332e-09
6.391133862210645e-11
8.719280256766937e-10
-1.7766374921020515e-10
-6.828334616531817e-11
7.700349861683554e-11
-1.2349325107548817e-10
1.1270081525160604e-10
-3.4166029766941526e-11
1.004008300425973e-10
2.381438920601316e-10
