[0.0, 28.0]
319.4352991681533
24.065897549167097
0.7101245223190499
0.013455488393998025
-0.005783795723481431
-0.0027374204269452534
-0.00048225892796778324
-9.537060154637431e-05
-1.165301516982203e-07
8.962877812661445e-06
1.3372907380130754e-06
-2.0622829623898033e-06
-9.208931568698562e-07
1.8979012431478016e-07
3.9916181885399834e-08
-2.623317733793567e-07
-8.627529029380823e-08
2.0031204342432e-07
2.2682378895369752e-07
6.210272327070032e-08
-6.744032266146554e-08
-9.853831974829825e-08
-6.613975197889261e-08
-1.75801806847727e-08
2.530164304548671e-08
3.798982052030426e-08
2.7084079017490894e-08
1.6853193054351814e-09
-1.4863928884957997e-08
-2.0903384791127282e-08
-1.2452941153260997e-08
-4.607659914067451e-09
4.552566882501648e-09
