[0.0, 31.0]
203.14792485376418
15.394573707104136
0.03261207438914067
0.0008564310263902671
0.00023540318675005782
-0.00023581988028704095
-1.1602987786684318e-06
3.6573916573666266e-05
-1.0876342261488157e-05
-2.12937500998666e-06
2.781112974280537e-06
-1.3073650156645878e-06
9.820998706003338e-08
2.5930743484587296e-07
-2.7032311782383084e-07
9.380580129663526e-08
4.44564223355666e-08
-5.776913877479354e-08
1.5232100807909093e-08
8.100886252500178e-09
-6.695044278671649e-09
4.299755480751576e-09
1.050391322736952e-09
-3.60055247515123e-09
3.3341861280950244e-10
8.253469986015163e-10
-3.951989400353059e-11
-2.24553005141325e-10
3.549386669934327e-10
-2.4481891401630075e-10
3.170255847362886e-10
-1.5807128797416255e-10
7.949201855128879e-10
-1.9295435594972846e-10
5.573584237151909e-10
-2.0536625702037228e-10
2.03526245561891e-10
7.659956313133202e-11
5.698680133069978e-10
-3.744475215720359e-10
5.622584565066256e-10
-3.813507059474351e-10
9.625438156451978e-10
1.1768910074971446e-10
4.1757404746402454e-10
-8.119906740808186e-11
3.9167068652838405e-10
-2.750507889485729e-10
1.1554219683590176e-10
-7.011265882539924e-11
1.6537977871154466e-10
-2.8278620487045944e-10
8.991431260298694e-11
-1.4068439198751953e-10
2.7946140101319556e-10
-2.696329322778086e-10
-1.3045251393476119e-10
-2.3965549051812763e-10
-2.0094166062841974e-10
6.25895342510389e-11
-4.899737976178626e-11
1.93647964124717e-10
7.289797030056159e-11
-6.9323542082762305e-12
2.6985347994967976e-10
