[0.0, 31.0]
9.457271430318645e-05
-5.085947355314681e-05
0.0001248880290824387
5.799515773898282e-05
-6.15245114302282e-05
-1.5317889372943993e-05
7.899999345586108e-06
3.0503905480493e-06
-4.4562297092986776e-07
-6.672429397897783e-07
9.479342911534183e-09
1.3595791667302693e-07
4.883067905991172e-09
-2.967553974392249e-08
-5.0725867165301755e-09
4.837742842816e-09
3.0038299588697435e-10
-2.097170841323488e-09
-2.317868603080226e-09
-7.699270559740592e-10
-1.3874731445928832e-09
-1.3297298119619596e-09
-8.599807488027148e-10
-1.1124967141000266e-09
-8.119797423479762e-10
-6.738684514141518e-10
-1.07089366002762e-09
2.0768882813482036e-10
-8.354361386180419e-10
-3.27117274124774e-10
-6.69404810435937e-11
-2.1529816643968378e-10
1.6115323749924171e-10
-1.4743267629764489e-10
-1.5965718475488433e-10
4.490920406326481e-10
-4.0776177756635473e-10
3.270369195029287e-10
-3.7364332686697295e-10
-3.06208225250663e-10
1.289596863507374e-10
-6.142706518894703e-10
-5.435421884729709e-10
-5.368421230014485e-10
-1.1793018184662739e-09
-3.6202271222612515e-10
-1.4941473468526889e-09
-1.1397308021287222e-09
-1.242030218315235e-09
-1.5264346353211032e-09
-1.1319143678338494e-09
-1.6972943576615848e-09
-1.8459052953348069e-09
-8.945552873292104e-10
-1.979383147959918e-09
-1.1566157406004131e-09
-1.5639672482167035e-09
-1.248328477814153e-09
-7.973129212782074e-10
-1.1669192803589102e-09
-9.627619928567808e-10
-6.053933302525941e-10
-9.367266091634097e-10
2.855433557820636e-10
-8.743612137895907e-10
