[0.0, 31.0]
6.258757986466284e-05
2.011711663179664e-05
0.00010674383551409165
-7.328814500718579e-05
-5.445014558574333e-05
1.898860827514885e-05
9.251645490349751e-06
-3.4723045826057608e-06
-1.4077167625762792e-06
8.226400993743018e-07
2.6477114952414954e-07
-2.2423771594391604e-07
-5.24416550444209e-08
6.249601168240172e-08
9.519188576716232e-09
-1.7664143763941663e-08
-1.5953486662174585e-09
5.0241561178404744e-09
-1.7747815982221933e-10
-1.3529721675287823e-09
-3.263095514572664e-11
3.828289229854412e-10
-7.42674736222974e-11
-1.4025627783196216e-10
-2.9712729603151925e-11
5.7720573603002126e-11
-1.1077592575218157e-10
7.728930400380812e-11
-1.2966414423908274e-10
1.1346727847235375e-10
1.8603400955105057e-12
1.1366642990318213e-10
-5.198597720434647e-11
1.5423541698182548e-10
-6.404888626497834e-11
2.846130514985079e-10
-1.438144844095635e-10
1.2872192242822425e-10
-7.321846505301437e-11
1.7008830650894373e-10
-8.205853571698612e-11
1.9880253961473584e-10
-2.8400953668526033e-10
4.489442725500641e-11
-2.3918348478975934e-10
1.5762612628906507e-10
-2.5114641963761784e-10
-4.792454537549197e-11
-6.312178216769083e-11
4.5325038093222174e-11
-1.2970380567617114e-10
1.0137722846259907e-10
-1.5322732761192026e-10
2.985215599368857e-10
-2.8594874528655266e-11
9.838754748830986e-11
-1.102226890717646e-10
9.275907434725535e-11
4.524518011259271e-11
1.338796171544119e-10
-1.5476012875064427e-10
8.970415515161574e-12
-1.2461779667279663e-10
1.80763411966852e-10
5.569244848346209e-11
