[0.0, 30.0]
1.080560838752896e-06
4.551701258660217e-05
1.6698159901816836e-05
-0.00012520783599768417
-1.045434567484599e-05
2.1362672707602164e-05
2.872136640880206e-06
-1.782876572004602e-07
-3.9397447944886994e-07
-1.9596347897126166e-07
-4.0606917657529883e-08
-1.1280037981134826e-08
1.628806589720031e-08
8.760899709732138e-09
1.3277418054968906e-09
-7.916888710099312e-10
-3.180947968638267e-10
-3.87071257229886e-10
-9.500240139197413e-11
-2.582055406522627e-10
3.571624183380819e-10
1.6572807206593548e-10
3.0844049255595845e-10
-1.0697933306479242e-10
1.3410827683274054e-11
-3.106517776842385e-10
2.64213653647546e-10
3.0210733043362896e-10
3.4444644319554325e-10
-5.537805958339713e-12
2.488726824142914e-10
-2.8129990782673686e-10
3.87205002786571e-10
1.8204163879261255e-10
4.704489768818344e-10
-2.443125599004969e-10
2.2445485139972242e-11
-1.7458091220466487e-10
2.2352059451633427e-10
2.163724181006019e-10
3.4048775982872034e-10
-2.5256726383645617e-10
1.6428293987855227e-10
-2.4816238292150034e-10
4.409666804451936e-10
1.8724652014000795e-10
4.1448523203032663e-10
-2.3430015942052374e-10
5.022864412347102e-11
-2.2481527803343757e-10
1.5768919678760635e-10
2.0050763495453159e-10
3.794142949733312e-10
-2.001031865777299e-10
-1.1023419578329562e-10
-1.5836481451546317e-10
2.2795995829356004e-10
1.7648152870581975e-10
4.728205540905955e-10
-2.1142706553261851e-10
8.074197822737461e-11
-1.8180884800148063e-10
3.170834132458353e-10
2.0341827281357534e-10
4.0233407019811304e-10
