[0.0, 31.0]
355.87968819232145
15.431038375375646
-0.031155850849553916
-0.0005274411531815299
-0.0005480436615581501
0.00011523468079385543
4.0041766664953864e-05
-5.22022992205891e-05
1.5137114809787034e-05
8.179321896493707e-06
-7.720412670298946e-06
1.7776713054868135e-06
1.4938302805794317e-06
-1.3625816756789206e-06
2.199050608701298e-07
3.330133663917949e-07
-2.370610857487641e-07
1.3320502427913808e-08
6.868266524992542e-08
-3.8499703199243764e-08
-2.1434276393139113e-09
1.444220653740855e-08
-5.976114705615674e-09
-9.598747671680984e-10
3.2984649174608924e-09
-1.2442147670832531e-09
-4.0369692735798914e-10
4.208869777889815e-10
4.776877342303321e-10
-2.5704115321402364e-10
5.860871623883273e-10
2.6620666589137054e-10
6.41734305377798e-10
2.0366954754456604e-10
2.8561083768502693e-10
-2.3977408311562817e-10
2.3850321516746494e-10
1.0365152931041349e-10
9.802692811803785e-11
3.5993406538575126e-10
2.452336103801717e-10
8.97313796525571e-11
-1.6640757482718046e-11
-1.1429320299887452e-10
1.5497486818088881e-10
-4.6900841670145015e-11
-1.5702335235260586e-10
6.748134263114923e-11
-2.1515743503223648e-10
-6.206907985788643e-11
5.6162036537471326e-11
6.037859307128266e-11
-1.5261523161618228e-10
3.446959251327288e-10
3.3102501547894073e-12
1.4898905860544154e-10
-3.4801741666237073e-10
2.5541841695037174e-10
-2.10913445422253e-10
9.268137172725623e-11
-8.020326516390048e-11
-1.618377387536118e-10
-9.868092950022808e-11
2.085563992964476e-10
-1.5349548471494719e-10
