[0.0, 31.0]
2.2097384325171584e-05
-6.987996015049997e-06
6.746113014615765e-05
0.00010712162513416861
-3.177500943562287e-05
-2.7277640650428307e-05
2.446217145502005e-06
4.217289695630305e-06
7.541478322399237e-07
-6.014065389717513e-07
-3.6380061645089155e-07
3.867021833944295e-08
1.0344065031687003e-07
1.9388964996111756e-08
-2.1535201361593434e-08
-1.1151364813570148e-08
2.078629753074756e-09
3.735452766222179e-09
2.814541635784404e-10
-9.46907660858153e-10
-6.082260612416089e-10
1.6951668903370373e-10
6.559828134963975e-11
1.7677677821293203e-10
-1.0486232343850748e-10
-3.702358558368898e-10
3.056320909555601e-11
-1.9414664165555226e-10
-5.611128873761862e-11
-4.111958396269348e-10
-2.5557826204944596e-10
-2.694818783764474e-10
1.599897235046612e-10
-2.586425736561722e-10
-1.1359456689264613e-10
-2.1657952843230367e-10
-1.4642084557589523e-10
4.599475159553934e-11
-1.0062317995806459e-10
-2.7025071302102167e-10
-2.5125084779833203e-10
-1.5977146571721645e-11
-2.572863753313892e-10
5.7398398883688477e-11
-3.729951590716312e-10
9.833813478923746e-11
-1.9915063465760548e-10
2.666590034774812e-10
-1.9435469364738197e-10
-9.283488266040538e-11
-1.0391019189859602e-10
5.944355754664653e-11
1.187001519192926e-10
5.419307607648744e-12
-2.54504015359726e-10
-1.631045705545338e-10
1.733478038575529e-11
-1.2560960666049706e-10
8.577512881979422e-11
-3.614511386500136e-10
1.479917117505408e-10
-1.1414907877638704e-10
2.670909133348528e-10
-7.104772223572415e-11
6.098747345962984e-11
