[0.0, 30.0]
83.88555161823513
14.328552769882906
-0.009392322291141958
1.2563042718598908e-05
1.6851476569340264e-05
0.0002540269643721135
2.599875530045916e-05
-4.853060709448148e-05
-1.4363032342218809e-05
9.120592991821256e-06
5.444426213057999e-06
-1.2188943186163376e-06
-1.5829690587597827e-06
7.829382599694543e-08
3.8723896834453826e-07
1.7049730887279076e-08
-9.81245728918945e-08
-9.053165380534399e-09
2.587506366107304e-08
3.848254480378411e-09
-6.614293819152416e-09
-1.4722375785713793e-09
1.1744971851798866e-09
7.209450695539325e-10
-4.3418753625295214e-10
3.3891666594552895e-10
-5.802779698686081e-10
4.313934375119474e-10
-3.200334783604616e-10
6.176221303100053e-10
-2.0442076234288975e-10
2.2078652315139e-10
-4.376406790523303e-10
2.884452667561181e-10
-5.809126480092222e-11
1.807185100733447e-10
2.162248983942343e-10
-9.750308515295531e-11
-3.027998049082118e-10
2.637503511643496e-11
4.085137371039936e-11
-7.793061785730822e-11
-1.1905974798530476e-10
1.891438589043274e-10
-1.8751396538117218e-11
7.100487651107225e-11
-3.337861537741526e-10
2.696475051597114e-10
7.52281692716694e-11
1.4999541338298794e-10
-3.450283352988374e-10
-1.5463394116511616e-11
-1.646177970322317e-10
1.8625220707246282e-10
-1.1497353962208488e-11
9.67570631318997e-11
-1.385966719827709e-10
1.3132654269782012e-10
-3.091666204910481e-10
-1.3156898996990424e-10
1.772567995846747e-10
1.9621831719745758e-10
-1.6633216731558085e-10
-3.006574850451811e-10
-1.3091097665092232e-10
