[0.0, 30.0]
25.682735718979938
14.681185683810378
-0.03226398863004594
0.00015519450569708614
0.0005851911531904901
0.00010858466540147779
-5.115686434602172e-05
-4.111369529129712e-05
-5.4398759038672564e-06
5.556942911787942e-06
4.6230374990041575e-06
1.38144137686721e-06
-8.926409428326368e-07
-8.438119574908556e-07
-1.4901400860775907e-07
1.4466448666942308e-07
1.1770862459932073e-07
2.627922710493605e-08
-2.0481329942599078e-08
-1.9023360972526106e-08
-4.190874756587085e-09
3.2219744414836987e-09
3.264087737123708e-09
5.598047641976637e-10
-1.162359223963555e-09
-2.283960220422062e-10
3.353029348892438e-11
4.6427215202893436e-10
9.738861932835335e-11
-1.732214135541241e-10
2.2372314341064253e-10
-1.79413307952624e-10
2.2472294224468267e-10
1.2355680312033985e-10
-1.8684567196919943e-10
-4.39328868460732e-11
2.865473120363271e-10
2.5192876206930234e-11
6.901483143215721e-11
2.2483475830890006e-10
-8.431745813018271e-11
5.889378184342151e-10
-4.944551921748519e-11
3.252624139988322e-10
6.128782564048733e-11
1.0498831289632783e-10
1.6213756659521112e-10
2.426021798659737e-10
1.8288705833668472e-11
-1.3299737109946668e-10
2.011297375475291e-10
-2.770040992272199e-10
9.02030585431542e-11
-5.025522398035464e-10
-2.0141526174150557e-10
-3.578803503551561e-10
7.140049048599017e-11
2.955330302935217e-11
1.8903881278238494e-10
-1.0679826441069593e-10
8.889430723124562e-11
-3.3134999857040623e-10
-5.1091821709240993e-11
-1.0821178666669114e-11
-2.9960191666421675e-10
