[0.0, 31.0]
54.99355075179507
14.930544008920837
-0.023403857296637978
-0.00023396172240260657
3.213625177925611e-05
0.00023002544713913672
2.184225640509942e-05
-2.511845499692271e-05
-8.406212994086283e-06
7.71685362630977e-06
7.389107478224445e-07
-2.9450801576560955e-06
2.73315997143879e-07
7.153474205821422e-07
-1.454050850851006e-07
-1.385290085597086e-07
4.9158881888497244e-08
3.508337566568898e-08
-1.3170792564162993e-08
-9.022948225396163e-09
3.631082804660009e-09
1.5610982344449782e-09
-1.0577489109737625e-09
3.427349088487307e-10
8.445425094150016e-10
-2.9975941515357155e-10
-1.8928252202781019e-10
-1.5908235781238897e-11
2.0660126326804356e-10
2.0672203130109956e-10
-9.377131473862397e-11
6.03793783412235e-10
9.207758653556504e-11
3.423316239008633e-10
4.12615619924945e-10
2.507523562595676e-10
3.6984402575005934e-10
2.9010997771874817e-10
3.907055502812175e-10
3.937437661444629e-11
1.9263566210448158e-10
-2.114021280191495e-10
6.302811510108421e-10
-4.237905744432141e-10
4.663910396217469e-10
-1.9307125801542578e-10
5.297111536355188e-10
-3.054930067699574e-10
3.670467902157382e-10
-1.4729281550784926e-10
6.376371984664672e-10
-1.0938059035759727e-10
1.272746089674851e-10
-1.2012779933949185e-11
3.0437255538208e-10
-1.1290358409781115e-10
-2.2456834315580685e-10
-1.8293646455835135e-10
-9.755820773344089e-11
-2.0644062254320788e-10
-2.1257867974179218e-10
2.574382181401257e-11
-4.048349024770911e-10
1.48529985261057e-10
-2.754001709486201e-10
