[0.0, 31.0]
-2.3480894376621224e-05
7.96607087595961e-07
-0.00011281702369694882
8.682346470323536e-05
5.0065581269030334e-05
-1.9352006056979568e-05
-3.0341880534376025e-06
1.5855409126664092e-06
-7.998710320854877e-07
1.477922532546214e-07
9.522556385195443e-08
-8.509573986213845e-08
2.5748642005351527e-08
9.079219071619167e-09
-8.728554134631167e-09
2.5849459137137093e-09
4.227046832373731e-10
-7.831159655013388e-10
3.572011140351773e-10
3.6024069696893794e-10
4.631099432985334e-11
-1.8478527847699144e-10
-1.3323584831016572e-10
2.3600531310828576e-12
-3.1589373676236963e-10
-2.938952658103841e-10
1.434547790120635e-10
6.726201681209868e-11
-1.9954721364344597e-10
-7.749278554459596e-11
-5.1551827320562945e-11
-3.512669805696552e-10
-5.083141022839805e-10
-9.280670842264146e-11
1.2813979680603417e-10
-2.0348690854187078e-10
-2.569177537507329e-10
8.971532783712707e-11
-4.612269554267059e-10
-3.7566382969359335e-10
1.1440619799745016e-10
3.3404721855792447e-10
-8.995196318767726e-11
3.1810556165192126e-11
2.2363139807985708e-10
-2.3432024788673577e-10
-2.4448270076824746e-10
8.003580446725335e-11
7.820127260028132e-11
-5.5298004008926494e-12
-2.9626595606449745e-11
2.7864478186621467e-10
-1.165148635570164e-10
-4.759447201814178e-10
-5.5011412671791025e-11
2.0218148303479958e-11
-8.58851160431008e-11
7.111080418283808e-11
3.3996817122829893e-10
-1.3772892467165964e-10
-4.806996623830118e-10
-1.2829999331863856e-10
-1.1337728043935456e-10
-4.1365315756206886e-10
-1.4237889430152773e-11
