[0.0, 31.0]
142.89490353740703
14.900232239943808
0.02037252821536559
0.002215904079076397
0.00029365382431153765
-0.00019860484898076908
-5.0135086464963024e-05
1.3669369906033281e-05
1.2886863306495783e-05
-5.320980445620513e-07
-4.944779174838724e-06
2.2065388354527167e-07
1.5974984275670973e-06
-1.0669285244308624e-07
-4.2414489771666056e-07
2.6792971423903185e-08
1.0346831641200308e-07
-1.6180665481366658e-10
-2.6088158621125782e-08
-3.159935934852562e-09
7.422497785000702e-09
1.4464484988741886e-09
-2.1946144909287634e-09
-5.350571492054795e-10
8.722398406846787e-10
-4.7591107456110395e-11
-1.181047930607255e-10
-1.2833476242199708e-10
-3.0362863639232295e-11
2.06970246426561e-10
-4.2407995829989054e-10
3.2101760938851024e-10
-5.916201545302424e-10
3.3558107745401903e-10
-6.460481509532392e-10
1.2474933338770488e-10
-2.5704571024866815e-10
3.283695919974963e-11
-3.3099589076270113e-11
3.250814040799734e-11
3.5755783347439463e-12
-1.9003306784705126e-10
-4.474801432622407e-10
-6.788126073375878e-11
-8.86397984308304e-11
-5.200937848829261e-11
-5.714225148732323e-10
1.035079733458855e-10
-3.801060687280497e-10
3.3776132866376433e-10
-1.8243644231078157e-10
-8.010179579232149e-11
-3.820003741833711e-10
1.9430879801525697e-10
-3.4527982776906803e-10
6.862009304564724e-11
-2.2722095828498573e-10
5.0109351793503307e-11
-4.2666972039486885e-11
5.145967171684363e-10
-2.9405961466745014e-10
-9.571077244457616e-11
-2.907549104953102e-10
6.349600063342524e-11
-1.1960808677767045e-10
