[0.0, 30.0]
-5.7770554163197675e-05
-5.1683557552881956e-05
-5.304151445697347e-06
0.00011973595023339536
6.062836668527311e-07
-2.5566064762591136e-05
2.7992836609415797e-06
2.492640119205148e-06
-1.2906295932788357e-06
-5.3012876833748254e-08
3.236911319917759e-07
-7.612441233407979e-08
-5.347531136064787e-08
3.355588092841457e-08
3.191669290966874e-09
-8.881942535103434e-09
2.22547969054637e-09
1.8373196232995128e-09
-9.10051798213992e-10
-4.156229168592558e-10
-3.284352655932715e-10
-7.615660022448131e-10
-4.958054946164914e-10
-3.636152399522151e-10
-5.033055690399038e-10
-5.36705057097104e-10
-6.188973798457138e-10
-4.214110192289109e-10
1.920834678718155e-10
2.4380492081721114e-10
1.4629374743536236e-10
3.347134570289169e-10
1.9938892397520308e-10
4.0733413634038016e-10
8.631178080629319e-10
5.215662631308587e-10
2.5652068884015436e-10
1.0238009681864981e-10
-1.292572568952243e-10
-1.798327560646004e-10
1.2316052941500402e-10
-1.1363385021225164e-10
-5.887670790831349e-10
-7.64971729276144e-10
-5.073428208401805e-10
-3.26737036967929e-10
4.309830770397022e-11
-1.690386966985778e-10
-5.04609202407199e-10
-2.17790580067419e-10
1.2442546785394415e-10
5.716300465025148e-11
5.083908503860418e-10
4.0115660803493214e-10
-3.6296578813595524e-11
-1.1857048789308994e-10
2.4069425462695897e-10
1.2258989258987987e-10
2.688800807433235e-10
-1.4248103350368077e-11
-2.0269445839940382e-10
-2.2972360479886518e-10
1.1551719213895461e-10
2.919167090696653e-10
1.0525604765335215e-10
