[0.0, 31.0]
143.41654253872179
14.904015438187999
0.02277508092357416
0.0018659676513092108
-0.0005081693163021102
-0.00020684419255617432
4.114673833881939e-05
5.116199486193992e-05
6.8019324546723614e-06
-8.472267655286341e-06
-4.996722879149007e-06
-4.913936580154121e-07
1.1063770568707438e-06
7.630255530162259e-07
1.2355997261476156e-07
-1.7469896723964315e-07
-1.4241325452232323e-07
-1.5896614717679882e-08
3.799110701602865e-08
2.4138936873527236e-08
4.573202898084442e-09
-4.899883264870027e-09
-3.0876047346654514e-09
3.2543627672468936e-09
4.1312441843750305e-09
1.852770918892183e-09
1.4471782574822627e-09
1.6955491488672158e-09
1.9684703293266253e-09
1.5886063213611676e-09
1.8115995948466736e-09
1.1442345234417541e-09
2.015965809817594e-09
1.671281980775989e-09
1.8947834071297954e-09
1.5568644014980935e-09
1.5552660797008665e-09
2.153969405411597e-09
1.9353005941873054e-09
1.7304771146879712e-09
1.491894364459843e-09
1.7191432998901526e-09
1.4992913835653832e-09
1.4862758228548813e-09
1.1722219337930256e-09
1.3808632615120007e-09
1.2621697189531336e-09
1.426763392784203e-09
9.439768126463244e-10
1.1008558810031572e-09
9.183644340523552e-10
1.105248776056766e-09
1.105336652505716e-09
9.820597829769664e-10
1.054709240899336e-09
9.508784593816774e-10
1.0782395140934911e-09
9.361979719743304e-10
1.0237767542535056e-09
4.239325860518552e-10
1.192304832511364e-09
5.441227166461484e-10
7.408727913632623e-10
3.614874318089348e-10
9.756392806290815e-10
