[0.0, 31.0]
296.0347135429913
15.778279477750484
-0.007603960162687979
-0.00186584384318505
-0.0006236328383520929
6.149623782888378e-05
0.00013388041094163804
-8.41507170182831e-06
-3.4126506087257474e-05
1.7788128713371234e-06
8.586628773377676e-06
-5.260168617146641e-07
-1.8343191501511996e-06
1.1790878508408528e-07
2.8291501277054334e-07
-1.6381108056345915e-09
-1.4057937272671623e-08
-1.4620253452787043e-08
-9.576973135355403e-09
8.769248010995017e-09
4.455270051747499e-09
-3.890029312012627e-09
-1.9072767638075385e-09
9.60550860983477e-10
8.295891971704801e-12
-4.892981483734663e-10
-1.8316783161450187e-10
-2.3230620280364039e-10
-5.352260225204577e-10
-8.450385951742319e-11
-3.7788416029058634e-10
-3.1691721165810097e-10
-1.7727158589857222e-10
2.1097298393178768e-10
-1.7988323390378576e-10
1.512337258871479e-10
4.399066003166179e-11
1.0939295426143485e-11
-1.9369301083210027e-10
-4.7334941362800456e-11
3.54338785617426e-11
-1.308394351373706e-11
3.138860692306572e-10
2.6761842164397023e-10
5.940165511305694e-11
-3.402619976708074e-10
-1.8541511285063278e-11
-2.580092548458845e-10
2.8583865873201037e-11
-1.758160719823777e-10
8.121130019840117e-11
-4.661775320016494e-10
-6.12900627251868e-11
-2.3291363231398075e-10
-3.9982247712986195e-10
-3.292800737846028e-10
-3.062574079286968e-10
-1.3855672094152076e-10
-2.791323550233495e-10
-2.4458811734917155e-10
-1.2241430845436274e-10
-2.6770471118869815e-10
-3.400838655902885e-10
4.457565780768735e-11
-2.301500085723014e-10
