[0.0, 31.0]
-8.009096540278854e-05
-3.28320827229325e-05
-0.00013309979903238468
3.850897796714786e-05
6.577514499288635e-05
-5.794070584395985e-06
-9.041393554036121e-06
-1.0080391859531527e-06
7.478072956689023e-07
3.468766533591487e-07
-6.923127149109824e-08
-3.002203407119057e-08
1.0293611564945281e-08
1.4189841276320255e-09
-4.070404226504183e-09
-1.5750016396654888e-10
6.343973324927257e-10
4.614280342516706e-10
-8.10821850999215e-11
-2.364767866292218e-10
3.2378930508464025e-10
-3.4195592218742314e-10
4.492905268784663e-10
5.299893581318653e-11
2.866336347019691e-10
-1.0109530492993547e-10
-6.826450647715687e-12
5.143569207947141e-10
-5.508380256830964e-10
5.94042834603662e-10
-5.278283715628345e-10
8.761110303960636e-10
-8.397230937432038e-10
7.982182950250102e-10
-6.860512743059334e-10
7.28306925369127e-10
-6.443721664238289e-10
2.9669582368356933e-10
5.7769237015148824e-12
-2.3979909025607053e-11
4.6741818064866593e-11
-1.7888849137920397e-10
4.1379334747557025e-10
-3.0222947903233027e-10
4.1500897396147746e-10
-4.243393678251876e-11
2.378317558013296e-10
3.115334681026252e-11
-4.443722868800969e-10
4.530540914053664e-10
-5.406480778583745e-10
4.2968094822091783e-10
-1.062162953236515e-09
8.833699878774939e-10
-9.35370634462416e-10
5.339814728544898e-10
-8.192357135332748e-10
5.449883691213482e-10
-6.022832279565597e-10
2.1350330707832321e-10
1.962105950488367e-11
6.470835246535228e-11
2.261935955999254e-10
-2.73341163970071e-10
3.5626317975939525e-10
