[0.0, 31.0]
296.37140534930626
15.779636983541286
-0.006715738168704567
-0.0018242854791128465
-0.0006146039851141136
7.364692928471093e-05
0.00011409267257523553
-2.1998958370732076e-05
-2.366953453428218e-05
8.519490213505156e-06
4.163402158919713e-06
-3.178151118681645e-06
-3.586338538548014e-08
8.837230048994965e-07
-3.753142960917716e-07
-1.223237835162571e-07
1.8103945234369525e-07
-3.184016783333115e-08
-4.803081577567491e-08
2.893365740810949e-08
3.3151152837893538e-09
-9.598821255514031e-09
2.258562724512583e-09
2.817155863174315e-09
-2.1608464155552126e-09
8.177046497879537e-10
-2.6133393292306185e-11
6.795165409606528e-10
-9.630847009495845e-10
1.3194017576169932e-09
-1.1686165838301392e-09
6.748621356781938e-10
-8.780584314375456e-10
6.267094992887917e-10
-1.1682010767308575e-09
8.7701401239167e-10
-6.971196394533487e-10
1.0195587526004614e-09
-9.79787180910117e-10
6.988465398909387e-10
-9.496183568015107e-10
1.1374234157145486e-09
-9.147538614147496e-10
9.396962606287634e-10
-8.279681182953953e-10
9.692089291134392e-10
-4.703197213251243e-10
1.044903703785627e-09
-5.770050746619992e-10
6.457606137362702e-10
-5.0959198622419e-10
5.47879290511991e-10
-4.561091392664349e-10
2.752048358255559e-10
-2.640076693853968e-11
2.55479566341572e-10
-6.267035696676186e-11
3.421379241566911e-10
-4.526599781671964e-10
1.676737919699926e-10
-7.369201959125148e-11
-1.9458779747836236e-10
7.72879049631152e-11
8.715475522697878e-11
-1.198112650595633e-10
