[0.0, 31.0]
5.281468363502474e-05
-8.377740571680763e-06
5.202929693294111e-06
0.00012722155418988656
1.4720955705326845e-06
-2.596717316218948e-05
-3.102067411131182e-06
9.047669818667962e-07
8.425785754515498e-07
3.673991591486168e-07
1.3582689373803744e-08
-7.196241824685465e-08
-4.562274810842562e-08
-3.2752585045120284e-09
8.102344428999517e-09
4.6645203221879396e-09
1.0822506302055905e-09
-6.479779484577723e-10
-2.1174302612295927e-10
2.0004403702499666e-10
2.438537049002861e-10
1.907259774159578e-10
2.6466723247710406e-10
-9.2937896521468e-11
3.3645158924201426e-11
1.9594911907902167e-10
-3.7171565793306834e-11
-2.2243488048561864e-10
-1.0868553441330293e-11
-3.910722825256054e-10
-1.8950480085255363e-10
-4.467237457860282e-11
-1.8518057282328366e-11
-4.149444552811385e-10
3.1173044780056165e-11
-2.3526222177570344e-10
-2.8829897374805656e-12
1.1367886304953152e-11
9.424060776614534e-11
-1.6784338396977355e-10
1.471421965171366e-10
1.7612331836267868e-10
1.7936738599331134e-10
2.4865503583369296e-10
2.2635306112014336e-10
-6.6798304432096934e-12
2.8374582005762333e-10
3.6170023823521e-10
1.472131872284431e-10
3.324420821451553e-10
4.031319605041837e-10
-4.506275600285122e-11
1.7123705062802014e-10
3.468343434022059e-10
1.7637975086905489e-10
-5.936491896506295e-12
1.3776281793995399e-10
-1.282024361810302e-10
-9.863567032571672e-11
1.1737928180161988e-10
-1.4436870878845185e-10
-2.862275664718621e-10
-1.278331816660118e-10
-1.6350603118111996e-10
-1.0493539237630783e-10
