[0.0, 30.0]
25.945794664776713
14.688537260121414
-0.032170411333528354
-0.00027433060364758703
0.0005572187008179891
0.00011293963385997408
-7.487056988398644e-05
-1.559412091954003e-05
1.395807187169244e-05
2.112940098536544e-06
-4.6284812548995615e-06
3.4244796992457145e-07
1.6192869332881498e-06
-5.653442131240649e-07
-4.306919316189667e-07
3.456038571538201e-07
4.768022369350753e-08
-1.4738583027186405e-07
2.53828265799304e-08
4.895103340921514e-08
-1.9331167640075266e-08
-1.2400246982710935e-08
7.3145080873709505e-09
3.2144043580451327e-09
-1.7282742807571717e-09
-2.9260863089997523e-10
5.125131475099543e-10
1.9610932851225688e-10
-5.440961481653774e-10
2.6529887572477194e-10
-9.137190538530627e-11
5.094831168107936e-10
-3.7582015304902687e-10
4.4187317063858954e-10
-4.229151454075116e-11
2.839777964756873e-10
-1.248553675874911e-10
-2.2320209950526003e-11
-1.9286401627290445e-10
1.5992913452506674e-10
-1.0603812301127257e-10
1.7560423312720694e-10
-2.121853141788421e-10
9.135330211330143e-11
-2.010398799219717e-11
6.693589702788393e-11
1.7584674160821385e-10
2.510044808262073e-10
-1.2066666424841456e-10
-3.9398265446813435e-11
3.319976996226461e-10
1.5907080654445202e-10
8.562823616197783e-11
1.8139726250763593e-10
3.265788466938853e-10
4.0749129272517125e-10
7.972619325050294e-11
-1.2356254115212676e-10
5.015108161107553e-10
-1.3627485941808746e-10
3.552852142102541e-10
4.812621668876499e-11
1.845358587908645e-10
6.783197712023296e-11
3.307672922560802e-10
