[0.0, 30.0]
0.00010379777558980655
-3.7647578905505897e-05
0.00014757612677857463
3.326197377278071e-05
-6.52876605003489e-05
-3.5562579756080107e-06
1.003130449399169e-05
-1.4808649288772584e-06
-1.1179275405378309e-06
6.718154506885367e-07
3.703358347084151e-08
-1.7037855182674228e-07
4.376373625138344e-08
3.1402692668261424e-08
-1.7779462133241533e-08
-5.500739320973595e-10
6.791676958559847e-09
1.7017820392522476e-10
3.08409171425332e-10
1.7922314406469507e-09
1.4596310943387846e-09
1.226730743440395e-09
1.3941907867173746e-09
1.1697508435542177e-09
1.2580603021086842e-09
1.479507058852332e-09
1.4341089540940237e-09
1.3356882477823627e-09
1.352985621412405e-09
1.4690830304640695e-09
1.5696897309903807e-09
1.1551860465753815e-09
1.4533156551223252e-09
1.4658139923141802e-09
1.6995541597000692e-09
1.4469261115616572e-09
1.6888500115936088e-09
1.7581114566558247e-09
1.7912566245546011e-09
1.5611908868209411e-09
1.6943875148343293e-09
1.7100276801033564e-09
1.8647813711924945e-09
1.6725314133247206e-09
1.455304426427587e-09
1.4755189259632915e-09
1.6358759678616901e-09
1.4831482986851024e-09
1.225247797410682e-09
1.322945798501145e-09
1.3536904109420118e-09
1.2070881438751404e-09
8.834737437625724e-10
6.513551711958826e-10
7.949680041396605e-10
4.588048789398528e-10
2.7351710275869383e-10
7.15817486295704e-11
3.112719708563495e-10
1.6746659898691625e-12
-1.4275184737693613e-10
-2.806867907081007e-10
-7.456793985517465e-11
-1.4202696051097519e-10
-2.7066015779094036e-10
