[0.0, 31.0]
56.11289894195703
14.961790936401517
-0.02581112791923363
-9.120982163791988e-05
0.0003446917524912043
0.00020167423957887456
-1.5060235424370475e-05
-2.304730691054909e-05
-3.815253401053805e-06
-5.132587939099113e-07
1.3145649162085134e-07
1.2052082590338194e-06
4.468772636403138e-07
-7.287648833915484e-08
-1.3381578746331668e-07
-7.23566618482534e-08
-1.881644876018922e-08
4.268648230025652e-09
1.562408435181873e-08
1.3304700568882004e-08
1.539298413957813e-09
-6.270260481560762e-09
-4.172254063997691e-09
2.322439200113301e-09
1.504379627130921e-09
-8.859542030469258e-11
-7.332166324419813e-10
2.4825476091632427e-10
1.0642812722603779e-10
8.089956301498701e-11
-4.5381837000090123e-10
3.262350412541178e-11
-2.02700523432045e-10
3.1770861523131796e-11
-5.422508926183e-11
-8.979247710367773e-11
-1.72417246347173e-11
-2.2231397089636474e-10
-5.860649842653381e-10
-1.231298921995712e-10
7.192707499982097e-11
-1.970218187313887e-10
1.115928420572449e-11
-2.0176000757882164e-10
-3.76293938037601e-10
-8.457777512526838e-11
-1.9147487293119747e-10
-1.7455154682236294e-10
8.602755012065357e-11
1.7247114225270887e-10
-7.24364100421238e-11
2.7659053473406467e-10
8.110977794696813e-11
3.10160374823817e-10
-1.4909005233074127e-10
6.388074262531407e-10
2.4092801510870607e-10
2.454415296446847e-10
3.053744947223223e-10
3.9428374106297653e-10
6.555534065879668e-11
6.389930930855673e-10
-2.0763551034417065e-10
1.0436683757193869e-11
6.986897801601098e-11
