[0.0, 30.0]
-6.137624974768475e-05
3.5590347544982535e-05
-0.00013749048540530293
-3.545929089600362e-05
6.1164150831622e-05
5.4940414765883215e-06
-9.0129461099278e-06
4.350495014427129e-07
1.0696208863239156e-06
-1.8494916042146143e-07
-1.4202947096293402e-07
1.645204960972763e-08
2.2070623782754305e-08
4.119040636096023e-10
-5.409942733457972e-09
-1.8692331008785335e-10
6.144418650225855e-10
-3.2772137271338804e-10
-6.810329287879169e-10
-5.949069795430632e-11
-3.2037579495751933e-10
-6.223908067626261e-10
-3.8054749569343006e-10
-1.4382035149461085e-11
-4.932535353951707e-10
-3.252868552372328e-10
-8.944917731631764e-10
2.008685318083431e-10
-2.5522786603184687e-10
-3.695406844258319e-10
-4.1680039325481264e-10
-1.6740667360394864e-10
-2.766989529364926e-12
-2.973879373287944e-10
-5.863749852665915e-10
1.3384146464914882e-10
-1.932668389573483e-10
2.407872411916203e-10
-4.4479556201799993e-10
-9.245665359603908e-11
2.2737825829863697e-10
-2.1014188179934565e-10
-3.478435353096849e-10
-3.490656863559612e-10
-1.306649726236561e-10
5.098024158145975e-11
-8.102598946684347e-10
-2.355763932745449e-10
-3.813105671651969e-10
-2.187969976378647e-10
-5.947217591510406e-10
-1.0573179696460224e-09
-4.330243303611255e-10
-5.001443610487067e-10
-7.555304555102284e-10
-1.0133948034100711e-09
-9.8771662210097e-10
-3.231846530792259e-10
-1.0510799269963173e-09
-1.1314374711051827e-09
-8.013194556710307e-10
-7.672287364122858e-10
-3.8740387532948074e-10
-9.626339565552453e-10
-6.437955129111234e-10
