[0.0, 30.0]
173.3719349648856
14.602244055009466
0.02997144586928396
0.00121731500387593
-0.0005521917926770694
-8.176878834207953e-05
0.00012379556848423652
-1.5203256169166425e-05
-3.1527832295934075e-05
1.292860463310642e-05
5.828097088695665e-06
-5.80815063472492e-06
-7.566682120163342e-08
1.9677350975755538e-06
-5.794307121892695e-07
-4.96377804782471e-07
3.420746933567589e-07
7.098889674931548e-08
-1.3368017063974945e-07
8.724893505373221e-09
4.0848681096874574e-08
-1.0293506885084608e-08
-9.711835250935183e-09
3.740091602600756e-09
2.263631399717993e-09
-8.190758502629613e-10
-5.64583348637545e-11
3.6974148219550385e-10
3.6705600221082857e-10
2.0859003176690704e-10
1.8266712391367804e-10
-2.8407627878067667e-11
1.6145478501058898e-10
3.2097174086734134e-10
3.361640843969017e-10
2.722759592559854e-10
6.02517721141815e-11
3.869340919315604e-10
3.2756260221077125e-10
2.698301827782078e-10
4.020933845795757e-10
4.453417558692298e-10
3.466237805540152e-10
9.209517247140267e-11
4.584805414403071e-10
1.3784072914975005e-10
6.560577454182665e-10
1.197160436943548e-10
4.66947248561907e-10
-1.1007747095855032e-10
3.0509711454460784e-10
-1.946359301044262e-10
1.5632602816110733e-10
1.8985027309087454e-11
5.09915731877913e-10
6.016151428530639e-10
2.484428440597886e-10
5.306004749028651e-10
4.0006503529284075e-11
5.790898955692054e-10
6.558457105570456e-11
1.4446308766585228e-10
1.0483594317715358e-10
2.133394683532214e-10
1.6410381505959117e-10
