[0.0, 31.0]
55.64854350376401
14.96439488726268
-0.023644210347054686
0.0004555151205086102
-0.0005588749032106958
6.471485904569346e-05
7.469553284044557e-05
1.311531249494276e-05
-5.3662511378523285e-06
-8.758777862246411e-06
-7.43238023927849e-07
3.0242454848697665e-06
6.688755899396983e-07
-7.730949884844677e-07
-2.9582388818833744e-07
1.4186540440853695e-07
1.0500049438577525e-07
-7.916903366021577e-09
-2.8550656267048238e-08
-9.077785851300836e-09
5.990437459105239e-09
5.510705578822901e-09
-4.81892523675712e-10
-2.7205645799173966e-09
-1.7247623388139175e-10
7.627741688393583e-10
6.749052216625591e-12
-3.8389497681879557e-10
-1.402725794036365e-10
-6.740589183308712e-10
-9.538978635089132e-11
-4.05644173500728e-10
-1.9113084582112067e-11
-7.054092251627636e-10
1.3216949320831086e-10
7.65988198219577e-12
2.379810615196105e-10
2.6177594023253826e-10
1.6998505464501089e-10
2.1069272746143588e-10
-7.792797378850318e-11
9.966501545267285e-11
-8.024121966857621e-11
3.0180674436665204e-10
-1.336472555569613e-10
-2.4089118732777516e-11
-4.3550292574481586e-10
-3.093359945038122e-10
-4.0569707229840667e-10
3.2243089815025196e-11
-6.429754912811655e-10
-1.4951806174179236e-10
-3.725764020848286e-10
-7.598822705670546e-11
2.0209077194989332e-11
2.3973164686637495e-10
2.5928296273082363e-10
1.8907609483275125e-10
7.819449925787002e-11
4.923853114191012e-10
-1.59421073304885e-10
2.1822301958164196e-10
-1.9890225036630724e-10
1.8142685125697623e-10
-2.0427635777590002e-10
