[0.0, 31.0]
-8.965480795947112e-06
-1.2169223079206113e-05
-5.996496734938456e-05
0.0001075900626403249
3.0623533946882275e-05
-2.6056728687099057e-05
-5.523096166234171e-06
3.566189384755693e-06
8.348288040877901e-07
-5.43764646509201e-07
-9.369448563768889e-08
9.842902351849534e-08
-1.6216408674000586e-09
-1.9268680352352596e-08
4.851872971433342e-09
3.920707718424527e-09
-1.8774606316228464e-09
-7.032870882862827e-10
6.803477321735007e-10
3.5901956881961597e-10
5.400023397654411e-11
2.1322593375979633e-10
-2.834959462313768e-10
2.1091340344527672e-11
1.0522773680337409e-10
1.7430644246156003e-10
3.872673551077563e-10
5.783531501539092e-11
-1.6494728008080773e-10
-3.106438216831157e-10
4.77754427413054e-10
8.526457589112494e-11
2.813864455891703e-10
-1.3685246633667806e-10
2.811723963832145e-10
-3.843582471027217e-10
-5.504533933679025e-11
8.220680656965425e-11
4.5283214348309393e-10
1.7688023397540632e-10
1.1911748945943383e-10
-1.8556866412258472e-10
-2.425120895032434e-10
1.3218522118119496e-10
4.345180128186391e-10
1.700032303814623e-10
4.889968883631486e-11
-2.3196497238596624e-11
-1.3928606119608672e-11
4.484555699994526e-11
1.7161200134842954e-10
4.243783187504424e-10
9.390612860148555e-11
3.734162211359796e-11
-1.6534174774889828e-10
1.044057165442336e-10
1.4915976259591199e-10
4.1021210768772844e-10
2.3185642027813944e-10
-2.6927914194833653e-10
1.5061929470531544e-10
5.018446316605396e-11
1.0438994169972489e-10
1.3671929429039247e-10
6.14072214305395e-10
