[0.0, 31.0]
-3.1678417563987135e-05
-1.534002697476706e-05
-4.748762141847353e-05
0.00011492392597474962
2.01627069288167e-05
-2.645288131101304e-05
4.802223557031078e-07
2.4319735479817222e-06
-1.188765331940613e-06
8.903360353730384e-08
2.644254442067121e-07
-1.2142596861597584e-07
-1.6272581232830913e-08
3.409964934471617e-08
-9.099268064408232e-09
-4.1524701834692e-09
4.686198625334655e-09
-5.691562000417228e-10
-7.161845517272643e-10
5.277943167209055e-10
3.3823606281373244e-10
8.067164844137358e-12
3.620225424262427e-10
3.4094825285414265e-11
-1.146978365887517e-10
-2.988309404185816e-10
9.435976705838649e-12
-1.5219187689511211e-10
1.0658400959701956e-10
1.761097251631397e-11
8.795674693764334e-11
-2.6061657939152097e-10
1.7017347013401328e-10
2.3158102020251225e-10
2.161113540345274e-10
1.852507359252664e-10
2.9876742683540485e-10
-2.469364488559368e-10
-1.4990313441747952e-11
6.108534642542674e-11
2.1707812129939953e-10
-1.1064875850210314e-10
-4.511067515075069e-11
-2.7098496765475084e-10
-7.065186010851776e-11
-1.8772149939194968e-10
1.3898642183418e-10
-2.1502560232020044e-10
1.4059123182466226e-10
-2.3153856227410322e-10
-4.037635684984379e-12
-1.356771783982846e-10
3.9183773683091326e-10
1.0616373172421807e-10
8.987036980310756e-11
-2.6274103589862754e-11
-1.1583352185768569e-10
-2.8683022798791317e-10
1.3045082222590922e-10
-4.561618352886463e-11
-1.8259094828962035e-10
-4.120556456923584e-10
-1.2019740066565804e-10
-3.7207596648895626e-10
-2.0689350144517474e-10
