[0.0, 31.0]
143.9039569865684
14.902596060456759
0.022696250738247395
0.00104621898173031
-0.0006711779316248621
3.718935585523483e-05
0.00013564127936443188
-2.1487255035605176e-05
-3.375497263307709e-05
8.38503894787404e-06
8.093451544163541e-06
-2.6448627984771335e-06
-1.613874700219841e-06
6.788093647035317e-07
2.0329529196794493e-07
-1.2897527130416604e-07
1.6316773184811674e-08
1.1151603786312529e-08
-1.855833911951733e-08
6.1310441182008285e-09
7.10230146098528e-09
-3.408337809040576e-09
-1.4118422814364264e-09
1.929158081939166e-09
9.478189209475518e-10
6.983656972936939e-12
3.9399508334428314e-10
7.177952889055265e-10
4.0299708493410994e-10
2.345862236881379e-10
1.9736378325599216e-10
2.5432116917009874e-10
1.0606565211084486e-10
5.775429622568562e-10
7.203616942159799e-11
5.685030429169956e-10
1.1028657476210396e-10
8.817446247135232e-10
2.2690408797402673e-10
5.12021998794441e-10
-2.855253593898951e-10
4.659340066944749e-10
1.2604953341404714e-10
5.063617243313506e-10
-1.65319057091081e-10
4.0570858588149556e-10
-1.6926158688929323e-10
3.6328224396903913e-10
-2.359138002482709e-10
2.9113856294105627e-10
-2.2880691596204868e-10
5.414141617317512e-10
2.7113705254446873e-11
3.71216542657981e-10
3.772269759152359e-10
4.3650178418453587e-10
2.3213109999013517e-10
1.560548812473906e-10
2.8587913798901846e-10
1.6948573670911636e-11
6.0455543492406e-10
1.0354595514325356e-10
4.506393348303823e-10
4.8648174907039466e-11
8.128577113675478e-11
