[0.0, 31.0]
-6.703820362162637e-05
3.110918316084172e-05
-0.00011317418563978101
-8.129365860632361e-05
5.5732854000770784e-05
2.053008697771544e-05
-8.824989035892207e-06
-3.5540203643608923e-06
1.2315977940105325e-06
7.242477167345933e-07
-2.6132726466544115e-07
-1.6140845742781668e-07
6.613333929332476e-08
3.850880319083513e-08
-1.712967909284341e-08
-1.0069165826992535e-08
4.4273074833828416e-09
2.3747712829534587e-09
-1.5374637907629183e-09
-1.0471981964931609e-09
1.9387918714944585e-10
6.501700527712733e-11
-3.6849604201239266e-10
-3.4257188247697356e-10
-1.6696266183695865e-10
1.0541998573719697e-10
-2.792716266583488e-10
-2.2305184172191463e-10
-3.8495225953918956e-10
3.255901094358939e-11
-3.003861128228376e-11
-1.7704843127203564e-10
-4.192118150098059e-10
-1.5523775265224157e-10
-1.954560427375155e-10
-1.1326546494659726e-10
-3.3931296201050264e-10
-1.2454459732822873e-10
-2.0814184039267336e-10
2.342877641611193e-10
-3.6329154198816653e-10
-1.126535165201883e-10
-2.7026150309619464e-10
1.9454971125364636e-10
-2.3356796413611054e-10
-2.0199484324434355e-10
-2.862728035153911e-10
8.881570283080242e-11
-1.531520332797669e-10
-1.5989017423570076e-10
-4.0552111288121353e-10
-3.894286246443881e-11
5.693599877339956e-11
2.0105735079051713e-10
-2.9020341803754597e-10
-2.698368551072027e-10
-2.5249188436581163e-10
1.695051822555337e-10
-3.5635692942616917e-10
-1.7187669143667985e-10
-3.976959409581402e-10
1.0027294462039537e-10
-7.430309179068787e-11
-1.1088946132343953e-10
-2.6139981855133783e-10
