[0.0, 30.0]
85.4093410891201
14.327904367936467
-0.011069995723343155
0.001250817130547566
0.0005567863781803559
-2.7831551512921386e-05
-3.3538409145088065e-05
1.2536408718609807e-05
-2.669362897167024e-06
-1.3078155370865377e-06
-4.0253416563982557e-07
-8.47266013305038e-07
2.096246836326622e-07
3.9549778823212343e-07
7.930672143530253e-08
-5.4197234189529995e-08
-5.678692782244574e-08
-2.2025015301020582e-08
9.158937662796089e-09
1.6857989630362833e-08
3.146369138131998e-09
-5.976577860368254e-09
-2.6189284644643963e-09
1.7990364936065657e-09
1.1199160612485512e-09
-3.3599495673890523e-10
1.7895775580903e-10
-2.406761570088925e-10
7.240810317491961e-10
-2.974888169474327e-10
2.957633742252251e-10
-4.3731660037246593e-10
2.2645042950632846e-10
-5.901940656813554e-11
2.5279909858832707e-10
-3.406571608008988e-10
2.076229797232145e-10
-3.4006191574941877e-10
1.0903571710629625e-10
4.0313064260747045e-11
4.446141505121203e-10
-3.616868385604496e-10
4.033502101077902e-10
8.334579929553596e-12
4.1724719515429255e-10
6.397056054211409e-11
1.5855749312945238e-10
-8.267310029720879e-11
-3.490590341854087e-10
-4.421935572590382e-11
-2.720869443926273e-10
-1.9209253292220693e-10
-1.0304180170520766e-10
-8.210872228725122e-11
-2.602182360716019e-10
-4.193193651923744e-11
1.6171991212631967e-10
-9.18485384173658e-11
4.5232303738929297e-10
-9.714185410957037e-11
2.4541187367890195e-10
-1.3922982086486106e-10
3.393628660960444e-11
-2.5678845887497987e-11
9.593820999293283e-11
