[0.0, 31.0]
7.923090882075165e-05
4.30340654780946e-05
0.0001117131507458997
-8.377557365940565e-05
-5.4949260922413645e-05
1.7086469001954097e-05
1.0155217874372254e-05
-5.309314664356949e-07
-1.6123696279120074e-06
-4.218329603987973e-07
1.8555816996427634e-07
1.621912243747573e-07
1.173448920111636e-08
-3.780571055817925e-08
-1.497098198685164e-08
4.6311326816733614e-09
5.240912454666461e-09
3.562684234034222e-10
-1.3863196297668718e-09
-5.143905652958033e-10
2.8271615834079614e-10
8.306840747465548e-11
-8.610160382431896e-12
-9.10276543337613e-11
-7.770303428244253e-11
-2.483776321065353e-11
8.060345508376927e-11
8.522783528555899e-11
-1.0295205031545868e-11
-2.5382335156643073e-10
-1.2784460015025396e-10
-3.451724026446519e-10
-1.7915054188567365e-10
-9.325605388687018e-11
1.1040574506639593e-10
-1.7612469274162682e-10
-1.9848476582632254e-10
-2.0537660408122394e-10
-1.476573543931572e-10
-1.837576423825817e-10
2.103439414787324e-12
7.583326076506332e-11
3.2302555844196476e-11
-1.6349341224648522e-10
-6.235887594690867e-11
2.3127181567648785e-11
-1.6519412096241257e-10
-2.567639101908341e-10
1.1027870342052308e-11
-1.3441478546918788e-10
-5.7752904935318804e-11
-1.9126539768970327e-10
-2.5329959454752345e-11
-2.585039987363124e-10
-1.6529466793008497e-10
-2.6296242934629272e-11
-6.937191094736527e-11
-1.5313821949563198e-10
1.5264300352126922e-10
-1.0458340124786401e-11
-5.3237379290155954e-11
-2.709833413823148e-10
7.584155449374424e-11
-1.4785217973815784e-12
-7.67515847405309e-12
