[0.0, 30.0]
85.46694745020918
14.33122808153958
-0.008548633563840433
0.00029673010603057683
-0.00039981830665016655
0.0001782825632671579
9.208677934418237e-05
-2.719509378803051e-05
-2.6301671252031702e-05
4.954667707061045e-06
7.87719751019863e-06
-7.883986479805187e-07
-2.329978063178196e-06
5.720177598554686e-10
6.820016385566362e-07
8.779007436763841e-08
-1.9161686168875972e-07
-5.918544747834115e-08
4.78339397620464e-08
2.73823080835907e-08
-1.0509657784288308e-08
-1.0166106253601137e-08
1.6602310494577735e-09
2.808826260537882e-09
-5.702490942843345e-10
-5.402898083911192e-10
-2.6434439750388623e-10
1.836829777430447e-10
-1.1241207182058915e-10
1.150730173431354e-10
-2.069022581468429e-11
3.7104853654343316e-12
6.914726132942605e-11
1.5946051478536716e-10
4.5504727393256044e-10
4.771955095088029e-10
5.908528405922661e-11
2.728974440589462e-10
1.819103739737787e-10
-2.0341119470464164e-10
8.944670054396098e-11
-3.737945156336663e-11
2.7587394018678284e-10
-8.865758719166672e-11
-1.0856741430859447e-10
1.4156117897693274e-11
-1.9564003023577852e-10
4.134959803498715e-11
-4.820226646449786e-10
-1.060941067360634e-10
-2.6926963509415954e-10
1.167908540722973e-10
-4.643421510152141e-10
5.1680416377090726e-11
-7.593075766054165e-10
-1.5605208191304982e-10
-3.970602185063937e-10
9.252517273573922e-11
-6.387310036868352e-10
-1.1625158765563094e-10
-4.311320719227631e-10
9.918462752866145e-11
-9.146164187200321e-10
3.7976150350980064e-11
-5.019761229480094e-10
