[0.0, 30.0]
85.11495870418808
14.337690422657957
-0.009112133826220498
0.00042582590312613265
-0.0004170896366205748
0.00010529244928544119
4.470837981728858e-05
7.61335955540593e-08
-3.2548762056384163e-06
1.5660368909683042e-07
-5.759005924935821e-07
-2.2284868531909233e-07
4.2492184938410303e-07
-1.6246413421221606e-07
-2.1538433739373723e-08
6.862321653046675e-08
-5.02410068666691e-08
1.2358968852770297e-08
1.5275975763833797e-08
-1.692168849845338e-08
2.363235469721114e-09
7.634505278626715e-09
-3.256444544731366e-09
-1.538752387125809e-09
9.38246413375408e-10
9.323954264165309e-10
-4.271633901027666e-10
2.3044639872374247e-10
-1.7485759037022768e-10
4.647597173575601e-11
-1.783607408061053e-10
3.8221932655635744e-11
-3.5621282450159625e-10
-1.5424811345749378e-11
-5.542332841772385e-10
-1.7224626640023633e-10
-5.1971863326524046e-11
2.1254861958422535e-10
-4.896549637667684e-10
2.689308404572308e-11
-5.539999541727595e-10
5.177974209028753e-11
-4.698987517036254e-10
2.627756009379315e-10
-3.556131958359666e-10
1.846521479330785e-10
-1.8820990801481637e-10
-1.310340909779366e-10
-3.3741427944450026e-10
1.4278551930551997e-10
-4.4890365853245714e-10
-9.941535380929016e-11
-4.902052912743028e-10
-5.013075991658054e-10
-6.481412832905038e-10
-1.845081970011861e-10
-7.2684119526091e-10
1.734071563436818e-10
-2.9238443451966835e-10
-1.2891818264696309e-10
1.5999737623363112e-10
-3.820540639900019e-10
-2.0315861942962183e-10
1.9484434463125425e-10
-2.317650684449992e-10
