[0.0, 31.0]
202.9342191116196
15.366906584965848
0.034109058385365015
0.0010718336485132458
-0.00023039628474604077
-0.00022340249402433298
3.9674284420117036e-05
2.2801691462939997e-05
-1.0580004717979686e-05
-6.990774223837413e-06
1.8142154583649032e-06
2.568950677282763e-06
-5.565538153083136e-08
-5.202183549259718e-07
-4.757854477287103e-08
6.648758290264843e-08
-2.217422383856206e-11
-1.280895428009381e-08
6.683412827382327e-09
1.936038688535812e-09
-1.1545393462055087e-09
8.139045083156795e-10
-8.345725690295703e-10
-4.97279047641798e-10
5.808732092265493e-10
2.017330885891804e-11
-3.030738028067611e-10
-2.75951672871204e-10
2.337724859468311e-10
-6.542955776858604e-11
-5.87128563613451e-11
-1.879370780327655e-10
4.5855192891289476e-11
2.223781464036998e-10
2.9581887578633647e-10
1.7193306296168515e-11
-9.511329773513784e-11
1.8232376249742112e-10
-2.69142654391369e-10
-5.515838210270917e-11
-1.2918046660057144e-10
-3.8284583575762137e-10
7.40855015875543e-11
-3.229435550806189e-10
3.9243689980850564e-11
-2.397761919025942e-10
-1.0349001788224484e-10
-1.7694397315274035e-10
1.7513309783833948e-10
-2.6991518986655427e-10
-5.784304706172913e-11
-2.91554894717977e-10
-4.057726177546219e-10
-3.2362914408419724e-10
-1.096221680283013e-10
-4.772222436535873e-10
-1.1425464422792128e-11
-5.54881154614869e-10
-1.7848231566465339e-10
-1.3473607525317513e-10
1.935072327083405e-10
-3.492249904429639e-10
-4.163210626969636e-10
-2.2940347179513454e-11
-1.1821475556364114e-10
