[0.0, 31.0]
264.1141645543545
15.766473622950903
0.013267750182417559
-0.0016645150212507389
-0.0006671121263470102
-6.738010931722088e-05
7.709967786893654e-05
5.84608219339946e-05
3.446290522195427e-06
-1.7206820840341903e-05
-7.5349589956022416e-06
2.1430494997814092e-06
3.223388615468972e-06
6.988679402875519e-07
-7.543450908845093e-07
-5.593186379370576e-07
1.974115120863409e-08
1.9676864285088788e-07
7.2740177109954e-08
-3.453326454488185e-08
-3.8766793054811756e-08
-3.820492205358424e-09
1.0459150924627155e-08
6.377041727313236e-09
-1.933557509089898e-09
-1.974053733979757e-09
-9.72530791408699e-10
8.423917210536168e-10
2.701770037192444e-10
1.0048993532136534e-10
-6.635395790011095e-10
5.958108486707386e-10
-6.260643461981673e-10
4.669664011168792e-10
-1.9996217506492569e-10
2.19811939049474e-10
-2.3113922205620508e-10
3.182555690347172e-10
-4.034138579973387e-10
2.7655020675587875e-10
-1.2492835551290902e-10
2.4560276463729435e-10
-4.181603872694588e-10
3.3990958371544034e-10
-4.1806717145532926e-10
5.396022333985188e-10
-7.900685210050529e-10
3.0602902746006314e-10
-1.4484671632784056e-10
3.091545779565929e-11
-3.1014834418201984e-10
4.981864888708047e-10
-4.690092664478377e-10
3.1200524785088383e-10
1.2636994112465623e-10
-7.67300028557789e-11
-2.3375540049202167e-10
2.827432198331594e-10
-1.5234975601836009e-10
9.87513925484115e-11
-2.725583882717045e-10
3.1409131277149717e-10
-1.5044327300580306e-10
-4.2348036582703826e-11
-7.076539755185289e-11
