[0.0, 30.0]
233.0087042732123
15.095872479055139
0.025410158351476617
-0.00206726316552227
5.023732164358379e-05
0.00021878210257088928
-6.423811990035228e-06
-2.891437672759471e-05
1.4353967594361077e-06
7.156342142041079e-06
-1.6365055923862886e-06
-2.103671931933579e-06
7.591951239907089e-07
4.960337137870715e-07
-2.5540657218196606e-07
-9.355813268189756e-08
7.892838346604048e-08
1.6214856849276566e-08
-2.507501829559054e-08
-1.9455388650181013e-09
6.852313118343373e-09
1.1138042453520588e-10
-2.4405738526300815e-09
2.231605141805125e-10
-1.2193035215431267e-10
1.9345965138710322e-10
-6.70540165463035e-10
1.4826973589985275e-10
-6.142954406283655e-10
-1.4597796094065856e-10
-2.628523730462622e-10
7.788994581091699e-11
-4.380036989347876e-10
6.269779297300784e-10
-3.2341079613024563e-10
2.50882790928517e-10
1.784393110237849e-10
2.366949932574855e-10
-3.7269324075727867e-10
3.599777312739593e-10
-6.350200145518329e-10
-4.23933095424082e-10
-7.797953988071487e-10
-3.7122663545848023e-10
-2.9686075394769376e-10
-8.486851233434124e-11
-5.485565247204353e-10
-3.336465055181451e-10
-6.699319930414343e-10
-1.5756629531052507e-10
-5.440021582349361e-10
2.3482170590448924e-10
-2.432886519807668e-10
-8.098829793340494e-11
-3.9881867177161345e-10
-4.705382970502008e-10
-6.00494605534184e-10
-1.3644683993276758e-10
-3.9524194566243963e-10
-5.674777517801105e-10
-4.031427515968931e-11
-3.799931900827706e-10
-3.600687891847041e-11
4.108745031873866e-11
-1.7798663656787316e-10
