[0.0, 31.0]
-3.5629995527335936e-05
-1.658588586622195e-05
-9.515147314132218e-05
9.959575218869342e-05
4.83422036445846e-05
-2.192177764861798e-05
-9.449468931189071e-06
1.837596204200348e-06
1.9220070292200625e-06
1.1997237482411737e-08
-4.471215867282146e-07
-6.118802017598356e-08
1.0039102912571615e-07
2.865340631117429e-08
-2.117206811437231e-08
-1.0735134383086366e-08
3.743201906696932e-09
3.5097618338821375e-09
-5.406693344585454e-10
-1.1893001305559152e-09
-1.3819998532262247e-10
1.5424424471342839e-10
-2.1189296350374008e-10
-3.369117015312062e-10
-2.1496463503501768e-10
1.9677864807910236e-10
-4.066344673765829e-10
-1.6607865660352693e-10
-3.090611977275718e-10
-9.274549350825446e-11
-2.6672413717257944e-10
1.6965904741164774e-11
3.763885339501038e-11
-3.1174441505285407e-10
-2.7881710830260623e-10
-3.4285513849316877e-10
-1.9243813302500086e-11
-3.1397601081930885e-10
-1.0374807305783186e-10
-1.9330364902934204e-10
-1.0020047297701959e-10
-2.6355240633965415e-10
-1.314779559111299e-10
-2.1352903090440145e-10
-2.5077046560838266e-10
1.05818740656662e-10
2.8308236712009845e-11
-2.6705537630635117e-10
-6.142782294299291e-11
-1.577004078369638e-10
5.481908241888205e-12
-2.1092246552897058e-10
1.42272371406272e-10
3.214730373045432e-11
-6.217308037552938e-11
-2.92894794426368e-10
2.2783118789423037e-10
-1.467630301881124e-10
-7.85620004933562e-12
9.730781575439117e-11
3.0678074268487135e-10
-1.2949856754979366e-10
-1.3275488011318907e-10
-4.9148434867821954e-11
-3.163529999802635e-11
