[0.0, 30.0]
6.366585158355489
-0.001438779710790584
0.0023085937714140015
1.1950988777645169e-05
-4.5907336275607e-06
2.989328551322138e-07
7.035177533583332e-07
4.66231930510625e-07
7.600122954676578e-08
-1.3746291551658628e-07
-1.2372758587499394e-07
-3.0026018056745284e-08
2.6619544727267445e-08
2.8111113647687372e-08
8.880253014442614e-09
-4.68683448541065e-09
-6.4251640268290066e-09
-2.7996016173084514e-09
1.021223476932548e-09
1.0706419063778182e-09
6.319190431085963e-10
-1.8430043789164648e-10
-3.560373625894924e-11
-3.575130641216835e-10
-1.953652035945687e-11
6.713527763560633e-11
3.071461107715553e-10
-3.3371090981487987e-10
1.1227062350241038e-10
-4.830949435069197e-10
-1.757158886263782e-10
-6.78241449425397e-11
1.000788438741794e-10
-3.7171025909760775e-10
-3.759865132675109e-10
-4.172710504487595e-10
5.369713792484699e-11
-6.688144819675805e-10
-1.1966564017003623e-10
-4.871327644460102e-10
3.3747953844898486e-11
-2.822829490146609e-10
-1.730449232637574e-10
-1.6424833368722953e-10
-3.8159465209448447e-11
4.999265048841722e-11
1.2792864088402773e-10
-3.947801512863513e-10
2.2556976169186398e-10
-2.9595386145210515e-10
-1.0895845669194733e-10
-1.5888344592517757e-10
-4.7359336191150806e-11
-7.115353237819698e-11
2.2449821133191986e-11
-4.339249946831412e-11
-3.8253107932513485e-10
-1.2561929598159878e-10
-3.256637244523024e-11
-4.540710190825412e-11
-2.148584486178307e-10
3.055987772771724e-11
-3.3994678187799113e-10
8.736616718155353e-11
-2.4649682028296316e-10
