[0.0, 31.0]
3.512248421340018
0.020276913818309424
-0.001082346911775767
-4.2099786252299966e-05
7.188505493366458e-07
-8.867550277249689e-07
2.3448120393464063e-07
8.164358765235649e-08
-4.403020435804597e-08
-4.222526178315568e-09
5.6563203045736295e-09
-1.9504530624194049e-10
-4.245931566111827e-10
-7.956258892931405e-10
-3.2001391803987464e-11
-5.473614352218988e-10
-2.598408619696797e-10
-5.303679106018063e-10
-3.6660978270225874e-10
-5.966567829712849e-10
-6.266204290445393e-10
-6.823985869577425e-10
-6.182038240768709e-10
-7.057527640137825e-10
-4.0921253076198583e-10
-5.216031237522952e-10
-3.683265177097476e-10
-6.94928278953841e-10
-2.952687353820053e-10
-2.494005060203764e-10
-4.0920343419108255e-10
-1.8859393725736725e-10
-1.5510482476067638e-10
1.1755135449477257e-11
-6.649233462880623e-11
1.447566928937967e-10
1.891026932087494e-11
3.47135740289125e-10
3.114541858668261e-10
4.0050684419353163e-10
4.2967611673021433e-10
3.9539760082861976e-10
5.265788810081262e-10
3.914234596307679e-10
5.451818673529936e-10
2.941877182264681e-10
4.2802506454165985e-10
3.388278758832739e-10
3.5761997083236023e-10
4.215062446083766e-10
3.5964479977167896e-10
5.371933753481548e-10
2.4556826233254925e-10
2.322197400830936e-10
5.5676115754716827e-11
-8.202348623859257e-11
-1.1477334792881885e-10
-7.999224814804039e-11
-1.4851450024909024e-10
-1.1488335067605814e-10
-9.435815870142878e-11
-1.5667643276902762e-10
-5.2508862948015995e-12
-2.1421081812897992e-10
1.7920450721106998e-10
