[0.0, 31.0]
335.99001570555237
0.3948075688513974
-0.007801738091773665
-0.0009250473472118194
-1.9785109836540827e-05
2.3711343653591448e-05
3.999661491597481e-05
-1.7609999949487162e-05
-1.9829774600590737e-05
5.8031703549357796e-06
6.711611620510154e-06
-1.520095346181838e-06
-1.7746662720566944e-06
4.276637962456485e-07
3.515314890402007e-07
-1.328684142906646e-07
-3.9234718846139714e-08
4.091748368442143e-08
-5.332685186420767e-09
-1.3477309806795797e-08
6.1769908938558315e-09
3.2633584839676455e-09
-1.3344001672442356e-09
-1.9759470101242894e-09
1.379671106573783e-09
-5.351659992624573e-10
5.025456414878987e-10
-1.0024803672530112e-09
1.1083426661366058e-09
-4.907600505231295e-10
7.293337895397821e-10
-4.489188632666388e-10
5.282791007951989e-10
-5.108070336969384e-10
4.3906301490803207e-10
-3.0899205462102523e-10
7.953726963489669e-11
-1.4342029071807594e-10
2.0122327103465782e-10
3.858828881542646e-10
-1.9960713854285743e-10
4.92630125259876e-10
-3.649117897215214e-10
2.9186433637371853e-10
-7.284247410486308e-10
6.774752280310185e-10
-7.443227021295621e-10
7.436874328584238e-10
-8.343328835204994e-10
6.946391669349402e-10
-1.0187938975328442e-09
8.673056775700553e-10
-1.1172825944267326e-09
8.188401179785393e-10
-1.125058947097967e-09
6.604270375676469e-10
-9.272125821271464e-10
4.78421311470415e-10
-7.7591345250462e-10
4.3609775201897084e-10
-4.866989365416843e-10
2.2111146060677975e-10
-5.179816344288956e-10
3.060554767035614e-10
-2.6753941391501973e-10
