[0.0, 28.0]
-3.9314025095071994
-3.024315742854498e-05
0.0012953163142493808
1.060379132386288e-05
-8.280793449642515e-07
4.4618586699902585e-07
-1.4363338655046704e-07
1.0743118691570554e-08
8.321920177724954e-09
-4.078134259242329e-09
6.729452479290999e-10
-5.126375864015703e-10
7.82408275413156e-11
4.979277737705166e-11
8.400382755176107e-11
-1.1334424330546333e-10
1.5165171104598225e-10
9.297117434186934e-11
-1.7499180716728063e-10
-1.6303064783890518e-11
2.4143560326011643e-10
1.171964451707446e-10
2.1661025876206192e-11
8.589207570513601e-11
4.1926971111841487e-10
-3.1887646339418446e-11
-1.5859031417702958e-10
1.0317473039422141e-10
3.098147937199902e-10
8.216353527480772e-11
-2.235292899453256e-10
1.2129621788630344e-11
4.1462166978294947e-10
5.243320578020719e-12
4.6665541027686624e-11
-3.2507602405093484e-10
-6.971736653823276e-11
2.600390958058078e-10
-1.1844814603666387e-10
-2.8706662505535347e-11
4.3782103787730873e-10
2.1294279409253456e-11
2.3453829070265026e-10
3.659012506580853e-11
2.2172536216834107e-10
2.763988889233054e-10
1.3260871526918942e-10
2.6275286601726976e-10
1.2538536902229216e-10
1.5403743840195922e-10
9.502922220342089e-11
-1.6059441037648517e-10
4.370507270189787e-10
3.009537840610201e-11
-1.6658533429968852e-10
-5.180823516647547e-11
-4.3985561053996856e-11
3.0743364124848785e-11
-1.633970579733138e-10
-1.0099841405127947e-10
3.8916295065848585e-10
-1.3908473167784271e-10
-1.1499083207295097e-10
-1.741584112818527e-10
2.2332867085703165e-11
