[0.0, 29.0]
343.23946140010725
0.37447907661267404
0.0058734543078632325
-0.0008120135878164857
-4.4910443370267595e-06
3.987764486063722e-05
-1.3615160329275627e-05
-1.4713126587878114e-05
5.761422694595383e-06
-5.120846698347377e-07
-6.334042965846415e-07
7.766787575494475e-07
-3.500758796176032e-07
1.380486838405452e-08
9.058383741914708e-08
-6.002377554959845e-08
2.4747083044697194e-08
2.41345609318384e-09
-1.333620368314236e-08
9.53311185466067e-09
2.706684023786988e-10
-5.2458867099560705e-09
1.5128368914744448e-09
1.7337718142824738e-09
-1.7804628333406198e-10
-5.063839611948559e-10
5.285194335533381e-10
-5.388659912025578e-10
1.5000291315372334e-10
-6.387940714182341e-10
2.0346230975631356e-10
-4.924572746599769e-10
1.239291723786063e-10
-2.1865028590759013e-10
1.7277403474141874e-10
-2.907854638900855e-10
3.889932427149549e-10
-1.3707001956435045e-10
2.980117087665352e-10
-1.7069009366482073e-10
2.978064335345514e-10
-1.084746858732612e-10
-3.306614511683169e-11
-2.932649050636617e-10
-3.0145359435634944e-11
-2.2846246634136241e-10
-4.193112697237392e-10
-1.831963845382653e-10
-1.6714079033459278e-10
-2.2470898839943363e-10
9.298756206837507e-11
2.0085551757128392e-10
-1.927821213931553e-10
6.271572675622039e-11
-1.3927627961111945e-10
4.661716831064811e-10
-1.9677491830587013e-10
1.5366874948156126e-10
-2.4616719590672365e-10
3.020289549892936e-10
-3.0589206443023154e-10
6.723694966983712e-11
-3.2908884194289625e-10
1.7851248399042903e-10
-2.222982222251365e-10
