[0.0, 30.0]
7.962632569908216
-0.04502629053763204
-0.0011716631741600344
0.00012941697891871514
1.177652637407802e-06
-6.036375790871943e-07
-2.2809980396803983e-08
1.921849874784781e-08
1.2914810777781362e-08
1.4473552550079568e-09
-1.6371196368094652e-09
1.901422530336176e-10
9.145540476583737e-11
5.294732911566625e-12
-1.705651734834075e-10
-2.175397570876688e-11
2.441035230911407e-10
-1.6269122955778504e-10
1.492246901716013e-10
-1.1091402136914253e-10
2.069525380737054e-10
-4.434744873425011e-11
4.9711610422657564e-11
1.0240809716634714e-10
1.9779234654840464e-10
-2.684140000613188e-10
2.186111805726599e-10
-2.4982946489797616e-10
4.1118439194003724e-10
1.2971357651837598e-11
-1.1084907824327088e-10
1.1144472592758222e-10
5.047562885855382e-11
-2.48213029624749e-11
1.544799233777933e-10
1.6000057361230773e-10
1.4242734149727485e-10
-8.722507727535788e-11
8.997417448831111e-11
-1.93921545638495e-11
4.7198009964849436e-11
-1.1656279584616094e-10
2.595674849451036e-10
9.598617589041688e-11
7.88836711139347e-11
8.92809120099677e-11
-1.7803329850396375e-11
1.4924031574708723e-11
3.6738365561619764e-11
6.729183739517126e-11
-1.3974324542205832e-10
-1.1186074745801434e-10
1.98230417786996e-10
-3.381218466002117e-11
1.975686150999559e-10
-1.0335590201194586e-10
-3.3664910922687514e-11
-1.1871602749392197e-10
-1.187985814180313e-10
-1.819507719978467e-10
3.084107532444739e-10
-4.00430102596958e-10
3.3788790281926533e-11
1.0185936988802664e-11
4.0312844507184753e-11
