[0.0, 31.0]
4.873311887583902
0.005564193859459107
0.0018176373269843333
-2.9551363410215165e-05
-1.71924119421372e-06
-1.1006702075903184e-06
4.098504275562596e-08
1.4585622786824076e-07
-2.9293876188423992e-08
-2.6662042013961797e-08
1.125111960692342e-08
4.708687354599167e-09
-3.573899535519888e-09
-5.546356287498181e-10
9.148281257726627e-10
-8.820440776626035e-12
-4.930798946393752e-12
-4.227991902882962e-10
-7.686613889491843e-11
-4.0895017647994076e-10
1.1106630805555636e-10
-2.3421724284894637e-11
-4.027108636658831e-10
-3.841474866906832e-11
2.1223493490348742e-10
-2.4564322645121237e-10
3.2337432808354804e-10
-3.0562022973216126e-10
3.136404944956876e-11
-1.779588625337074e-10
-5.895872308281232e-12
-2.1242787716030624e-11
3.690343580697706e-10
8.80874810418168e-12
4.659593674351164e-10
-3.4692593001244434e-10
3.2015528006592296e-10
-2.606066158974573e-10
7.69283922976516e-11
-8.623758847669015e-11
-2.1117321066797333e-10
-5.093765733034304e-11
4.0229341696717997e-10
-3.4261093457800517e-10
3.295491298052235e-10
-1.837247323415491e-10
-1.0445479475824441e-10
-9.998086600165795e-11
-2.515099880701634e-10
4.6182549648626757e-11
2.127919823392852e-10
-8.607152025866086e-11
4.097875687304652e-10
-2.5511865060511206e-10
3.13005621125965e-10
-7.548535401243964e-12
6.507356933715423e-11
-3.159408516407469e-11
-1.206495107060927e-10
7.314739896977141e-11
5.376338737868819e-10
-1.234546000303613e-10
3.158989804000184e-10
8.391823873442218e-12
1.141363493904522e-10
