[0.0, 31.0]
-6.7013242496643946
-0.033537660090918395
-0.0009601201634347209
0.0001019189816621278
1.7347120525383297e-06
1.4519227750619608e-08
9.589325555891426e-08
6.465328635205021e-09
-1.354183567459905e-08
-4.302664285758488e-09
2.7486305938529918e-09
6.893990568842932e-10
9.904185555536032e-11
-2.965764940666757e-10
4.1501278088249824e-10
6.390952197283942e-11
2.772749873605469e-10
-2.5673561987495145e-10
1.0631468273178007e-10
3.2574804420150644e-10
-9.446982734297676e-11
1.5122073531876102e-10
-1.749947622843602e-10
2.348613092779707e-10
-3.1766050546092447e-10
3.4737706685559235e-10
-1.6898206643565694e-10
4.167035621908225e-10
5.6647979469878496e-11
-1.2614511151174175e-10
9.563751894371428e-11
-6.048179878378398e-11
-8.672951507004353e-11
1.4961308994430694e-10
4.586341354137231e-10
-2.8060820294100254e-10
5.336998411063433e-10
-3.0964849302225327e-10
2.8117633802419105e-10
-5.821228278405079e-11
1.0112223649465175e-10
6.710480230436668e-11
1.923144272604702e-10
-1.0481471839776787e-10
-2.506362703247843e-10
1.8437153908023651e-10
-1.4848406822433576e-10
3.537493668464736e-10
2.888172718717018e-11
2.3251046881156586e-10
-1.677786796930673e-10
1.0158683227370617e-10
-2.2783421400180831e-10
4.024843640106208e-10
1.2830394756911796e-10
4.813503303622892e-11
2.9938647788696094e-10
-9.24985209820731e-11
2.488795286206183e-10
-1.5268197652966723e-10
2.0145594148040496e-10
-1.7959302580662104e-10
3.0067880074932836e-10
-2.444498538397336e-10
1.1560629177252149e-10
