[0.0, 31.0]
161.4749019705267
-0.021960832624269514
-0.022985414369174794
9.654066340312008e-05
5.42898957112219e-05
-4.097041123952224e-05
-1.908877363833871e-05
3.1903826010792564e-05
1.7011071380896232e-06
-6.629325211676401e-06
3.041670651875905e-06
-6.447977200777925e-07
-1.1576351457039929e-06
8.173332914440157e-07
3.019868536783282e-08
-2.384582720015641e-07
1.0472460850904299e-07
9.059893430748079e-09
-3.8901761828426154e-08
2.2261623961343514e-08
3.586717667338325e-09
-1.1127218096471426e-08
1.828898041808876e-09
3.5357427497369947e-09
-1.3883186229224414e-09
-8.629827555437418e-10
5.013452433780773e-10
3.262102397718567e-10
-6.784204281331386e-11
9.017392962164704e-11
4.1046601101778615e-11
-1.5616361632564828e-11
1.1490208985367887e-10
-1.4380478867386554e-10
3.821320671185134e-10
1.6481510802813743e-10
4.892646524961571e-10
1.2330749856216808e-10
4.3066879024213154e-10
1.653315977702639e-10
-6.24544808979758e-11
1.0621381722439091e-10
-2.7853011356203986e-12
-2.6131406684185377e-10
1.600247993478227e-10
-2.0670176077324782e-10
6.643621196154759e-10
-4.865978568789879e-10
9.243155220747193e-11
-7.884057798801542e-12
-8.627925097815605e-11
3.8337503173195967e-10
2.1997506057685786e-10
8.269846279429088e-11
-1.0323485999415728e-10
3.4797964533606166e-10
6.813188113647532e-11
1.7294730546158433e-10
-2.472024802875391e-11
-2.0257380031055186e-12
-6.546761129259984e-11
-2.4951886077622727e-11
2.463306782086925e-10
-7.592026899883284e-11
2.603033947251484e-11
