[0.0, 31.0]
7.395526261805095
0.03985711337361714
-0.0009905831572116107
-0.00013719408878973494
-3.751817864430854e-07
1.8147441354635418e-06
2.414464044269931e-07
-2.5020430843365907e-07
-4.78211858460967e-08
4.07550570693851e-08
1.416066385638669e-08
-7.2489949750059356e-09
-4.296198776684439e-09
1.2093975587148087e-09
1.0938597074329324e-09
2.6751841888695654e-11
-3.0878101430582214e-10
2.1440945538159223e-10
2.409838323012893e-10
1.496781226743773e-11
2.0174336077499983e-10
-1.3647735942532868e-10
1.200327852565969e-10
4.614779750072212e-11
-2.5211020171859406e-10
2.328175935071374e-10
3.320556197777293e-11
3.4187477052033345e-10
1.452086745196698e-10
-2.607675696450987e-11
1.639125168914155e-10
-1.296541804982663e-10
-2.6053703513459258e-11
-1.78346404891411e-10
-3.613996745012966e-10
-1.676226494882453e-10
-2.6572158270345475e-10
9.541230190481486e-11
1.145705190070417e-10
-2.7792108305802013e-11
3.7776802769933727e-10
1.2658559624811873e-10
3.1435338928649314e-10
-3.695879106973212e-11
-6.738564994993378e-11
4.627472930321831e-11
6.967205977875829e-12
6.229433446155306e-11
-5.828910071924268e-11
-2.4523871788065187e-10
3.7707564162784085e-10
-2.9830249555018155e-11
2.597787920280916e-10
-1.1571087793717648e-10
-8.105438778370616e-11
2.4366094753954947e-10
-1.2239906125366176e-10
1.6050507995541785e-11
-6.535127060694859e-11
-1.6663976634142305e-10
2.544146506936489e-10
-3.323518309288316e-11
1.4865816770424722e-10
7.116600586882448e-11
3.084740204777599e-10
