[0.0, 30.0]
7.01859783928546
0.026984660216769957
-0.0018357094157616912
-9.595041941650114e-05
2.30821068228077e-06
8.2191284479152e-07
-6.532682553906537e-08
-1.9597920410715575e-08
2.1481310116586814e-08
-1.198223486677511e-08
-1.5307529015473844e-09
2.8584986452783774e-09
-6.074628968618096e-10
-2.873552243783064e-10
1.1055443693978888e-10
1.8282309597896885e-10
8.205367934716711e-11
1.9838562650499518e-10
2.2318118760738163e-10
-1.2621710007702994e-10
1.8651735386047777e-10
1.127469340921459e-11
-5.0723370130980755e-11
3.824136160710484e-10
-9.196162148899034e-11
-7.897837017011257e-11
-1.518944635129351e-10
-1.139432009379816e-10
-2.345249749162168e-10
-2.729441034923159e-11
3.7076581171830213e-10
-1.7560816557024427e-10
-2.8065016517909874e-11
4.201338978138887e-10
-4.022216351130483e-11
-6.618075436305322e-11
-1.6225707721460638e-10
-1.4699972527055441e-10
3.131428345584611e-10
1.7754853332491845e-10
-9.459623515921299e-11
7.620775645085084e-11
-1.611575028585349e-11
9.699550023536907e-11
-3.667368369911336e-10
3.7732600639178904e-10
-1.014796195496954e-10
1.123914859230809e-10
4.2704409475442766e-11
9.028500376185862e-11
-1.7258294810385193e-11
1.9217378652173026e-10
2.8829274768615703e-10
1.5451713257627634e-10
-1.4528860213977978e-10
2.4369462927129887e-10
1.0106867875183835e-10
2.738781710958686e-10
1.2473708002417306e-10
-2.242130020679859e-10
-9.227796730465154e-11
2.3199250135172514e-10
-2.2263272044279175e-10
4.4818245246799877e-10
-1.1926019204459151e-10
