[0.0, 31.0]
141.3514814166038
0.33997536865679506
0.009715315003195566
-0.0008265947560242353
5.6569114298661546e-06
1.0828387947020722e-05
-4.8390489229116e-05
1.1165558939092907e-06
2.5804139127591276e-05
-2.5952660993457655e-06
-9.649566136483452e-06
1.9776865874112306e-06
3.383065527196475e-06
-1.1437749441820978e-06
-1.1400025764738752e-06
5.698350813943178e-07
3.5665745527095303e-07
-2.546037034276528e-07
-9.785180302043222e-08
9.9222133697987e-08
2.4074163284503058e-08
-3.406487743686281e-08
-4.215786573684643e-09
9.065075926916732e-09
7.880942955073826e-10
-2.8928324705933402e-09
3.041245066287631e-10
-1.4932168199995893e-10
8.0437280072408e-11
-4.744208386709872e-10
3.247548157081474e-10
-6.020096139967054e-11
1.9597106425689096e-10
-4.2186910806400397e-10
2.878819449429707e-10
-1.6383611028440205e-12
3.063213982737838e-10
2.623285510760807e-10
2.676692069024818e-10
4.157070188755573e-10
1.4436957578072947e-10
-8.194741953150425e-11
4.779717182702066e-10
8.882373874472126e-11
-3.905711570067209e-11
6.918080758546799e-11
-5.459410639266445e-12
2.4448895040519114e-10
-1.6136965918423863e-10
5.746029660886851e-11
-4.361364540394527e-10
-9.429673776568543e-11
-8.543934793691722e-11
-7.012985926270265e-11
-4.2815318292705554e-10
-1.1442652787771543e-10
-2.7205196960618747e-10
-1.2383805504822867e-10
-1.04329627186648e-10
-3.343775383555604e-12
-1.7018670378340386e-10
-1.8683570799834536e-10
-1.534465379723633e-10
9.314945681247858e-11
-5.088340152096934e-11
