[0.0, 30.0]
1.5238559291975426
-0.006876917804057021
-0.0006170059093144942
-2.392757875311543e-06
-2.390569341969506e-07
-6.774960208558412e-08
1.9115758909537574e-07
1.7424756396609632e-08
-2.466170217257722e-08
-1.8046501022718025e-09
4.531990093422029e-09
3.1651845314719634e-10
-2.6530552544338774e-10
3.0171386420678936e-10
7.103366376510956e-10
3.1296028414258563e-10
3.3420701095498673e-10
2.1692129834351746e-10
4.99721546781657e-10
1.1418485070126565e-10
3.1747948942323423e-10
1.6400074244670618e-10
3.680110080811926e-10
2.7871283535163854e-10
4.408587831726268e-10
3.5244191585966294e-10
3.5695892949445964e-10
-1.450287532679973e-10
2.6552565793833943e-11
-5.1206137114299174e-11
1.9432997058646716e-10
5.494091444254533e-11
6.840286534273322e-11
-1.869819514717134e-12
7.245071104387214e-11
-1.9265070252807893e-10
1.8350029870229955e-11
-7.685816119116361e-11
-4.147777071640565e-11
-2.6510546360159065e-11
3.0930489553566153e-10
-3.987396423321299e-11
4.70477926975623e-11
-8.062881599391036e-11
-1.6634413372313416e-10
-4.1808662521742035e-10
-1.9158434341722624e-10
-5.1037387560131436e-11
1.8195771308255493e-11
-2.4142405519844115e-10
-1.7734116850432135e-10
-3.4255744811904895e-10
-1.6655313354452553e-10
-2.954975433740924e-10
9.532906181239406e-11
-8.281959819196283e-11
-3.587232542582973e-11
4.751192788736231e-11
1.2389774976503042e-10
3.648791934177983e-11
-2.821261874165918e-11
-4.2692983088239126e-10
1.5751225835904419e-10
-1.8540350229311876e-10
1.4566775389523285e-10
