[0.0, 30.0]
359.08813974973185
0.0820279113148247
-0.021659026230224906
-0.0001422763929295107
4.974110877316408e-05
-1.5567895037378077e-05
-4.610154864609488e-05
1.5045655434995982e-05
1.2448427846193009e-05
-6.650543486638615e-06
7.156987558733068e-07
1.8829643357933905e-06
-1.268348908180572e-06
-1.8711803391865346e-07
4.1946671476806843e-07
-1.1514551150026484e-07
-7.022361135374082e-08
7.415747066465473e-08
-4.100491512419028e-09
-2.6098352150672788e-08
8.864980797241779e-09
6.227030679527781e-09
-3.765612744770812e-09
-1.2708867864631204e-09
1.2587488954451948e-09
-2.6062440924650906e-10
8.828760387762978e-11
-1.2824644926596975e-10
3.1395294673362614e-10
-3.800299800158626e-11
-2.5730572221196722e-11
1.3135308361270733e-10
3.7931934236533257e-10
2.499777686822635e-10
-2.71647237303257e-10
3.094833769965209e-10
1.2876607956142287e-10
4.2707452923717866e-10
4.845358409411555e-10
1.733584907428548e-10
2.962296531753544e-10
1.8775446985492263e-10
-2.5868839885844564e-10
1.029082485558634e-10
-2.2119340676956762e-11
1.8850547067833997e-10
2.6326962589682854e-10
1.1086438131186468e-10
1.0167357894100023e-10
-3.293928730261308e-11
8.950629702852386e-11
-4.4774779767923907e-10
-1.0070230225727546e-10
-3.733681096959412e-10
-1.0608718896955293e-10
-3.3508631417772483e-12
1.1150789162192376e-10
-1.4100211037533808e-10
4.078083398644836e-10
-6.951827262556872e-10
3.270007789306522e-10
-1.8365457420168747e-10
4.1884784136303924e-11
-4.376690318332846e-10
-4.9413042539037654e-11
