[0.0, 31.0]
3.197702596657658
0.0004546611849608307
-0.0012504384540911024
-3.165037850131489e-05
5.040329230018222e-07
8.254301286669144e-07
1.5070908806280506e-07
-1.1226899931177114e-08
2.9960493340618017e-09
-1.6127254923723116e-08
-2.077294080330699e-09
2.8368971505521843e-09
1.897853068746248e-10
-5.927508080859035e-11
-6.058365880051478e-11
1.6350023734645483e-10
-6.588189908610988e-11
2.3401199332157185e-10
-1.4121347925056215e-11
1.8637971331788728e-10
2.468006040665669e-10
1.1265464655915385e-10
1.3986139907611112e-10
-3.501632698222283e-11
1.256331947946332e-10
-5.314684220546213e-12
-3.814526941052439e-10
1.3936447000684286e-10
-2.1068820061637776e-10
-2.348628882789578e-11
-8.945415066823524e-12
1.4613432981771025e-10
1.673032645840396e-10
1.1820842722765864e-10
1.9180036282604986e-11
1.613528430341696e-10
2.0583613279698097e-10
3.7634426259318007e-10
2.0790152893525543e-10
2.2219473952833017e-10
2.7810273155725337e-12
-4.5587122348930225e-11
-7.05707647828206e-11
-2.750294626407236e-10
1.4188962518814592e-10
4.405516868205302e-11
-9.179975906266076e-11
1.7444378329697814e-10
-1.5929796918823598e-10
2.5585355507191143e-10
3.7437213725634327e-11
1.5955756407720762e-10
-1.6610326240233985e-12
4.848401539613734e-11
4.866229698281522e-10
2.2613278750039527e-10
1.2292704821367738e-10
3.093907168238166e-10
-8.551415329336425e-11
1.131235239935315e-10
-3.890138960071408e-10
2.029276742995203e-10
-6.113868720802218e-11
1.066524229321961e-10
-8.464540705057991e-11
