[0.0, 31.0]
197.8433110058535
0.24497788352665287
0.01719091291772928
-0.0005012974560282289
-3.939906326912062e-05
2.5282780182345868e-05
2.341618905783203e-05
-2.164779583837676e-05
-3.997238662534207e-06
4.3382551962780235e-06
-1.8395313034381088e-06
5.819280262232515e-07
6.163989490004976e-07
-5.302561310357284e-07
9.773963389236436e-08
8.729412498059767e-08
-8.26698649264937e-08
3.127606512315097e-08
6.577701508035656e-09
-2.2577677993235895e-08
1.2304258713032563e-08
5.407623952380611e-09
-6.293247386595301e-09
-1.5050958101675883e-09
3.013005199553638e-09
-4.195614172757057e-10
2.2414866207598798e-10
-8.475717428573751e-10
4.956990881759543e-10
-8.437885044483624e-10
2.591803671905036e-10
-3.007009044645258e-10
2.9205286917194604e-10
-2.8240353919353874e-10
3.597351765102503e-10
-6.675082104991407e-10
1.7608988178376318e-10
-6.353146288505026e-10
9.998115005388006e-11
-2.2620972267733531e-10
2.093138841311071e-10
-9.889913152130472e-12
2.1191335593740706e-10
-1.3653204686688993e-10
2.2378366722779833e-10
-1.1228519466244169e-10
-7.236248792881401e-11
2.658970622279755e-11
3.2984896113819744e-10
2.5264021106120275e-10
4.682350679609858e-10
3.8291722181784924e-11
1.1423052583712965e-10
1.6643683757246797e-10
2.2263981564066474e-10
2.525888420535474e-10
-6.148762689862508e-11
1.6476866158797754e-10
-6.73023181187879e-12
1.6763864868110982e-10
-2.4542325009459107e-10
3.693062681461441e-11
1.3396101583387981e-11
2.0007742791044486e-10
-1.1362895230304876e-10
