[0.0, 30.0]
8.094459972338253
0.006853298515488736
-0.0031222480648961347
-1.8042386247074873e-05
6.676340933497148e-06
3.0445459549491134e-07
-3.1593901892802454e-07
-3.7726220491547097e-08
5.395771271569415e-08
4.124576022261286e-09
-1.1549443254076834e-08
-3.003457351909749e-10
3.176785238492269e-09
-6.243791598696874e-10
-4.52068694188727e-10
2.1795953967836877e-11
3.0952751067890434e-10
-3.3336729683555734e-11
3.33982277532467e-10
7.24132003279267e-11
4.2740775279184617e-10
-3.7090077043927236e-11
3.234159789227581e-10
-2.2371056753919052e-10
2.6730232173583055e-10
4.269301820094553e-11
3.112251338202384e-11
-1.1288980688934333e-10
-1.2112762648593099e-10
-1.3159244289084845e-10
1.868036638659381e-10
5.92412348414411e-11
4.3454112625702417e-10
2.702666469482009e-10
2.618535009975235e-10
-1.1142899708865532e-10
2.1917696034732263e-10
-4.8406752474431435e-12
-9.487785893024994e-11
-2.9716128615490184e-10
-1.453452918051954e-10
-3.0348028497969044e-10
1.5448286793241543e-10
-7.650970408622859e-11
3.091375453733001e-10
9.146491322294097e-11
3.108205576664363e-10
5.2868728211493045e-11
3.9550279255550383e-10
2.602559835194028e-10
1.0977773143790754e-11
2.1801657361636347e-10
-9.767539146641587e-11
-4.379242548854551e-10
4.756803964292402e-11
-1.6439829158647723e-10
4.3881270078612013e-10
1.577557837234639e-10
5.269196836091514e-10
2.603150609486427e-10
1.586388668372411e-10
3.639529509865388e-10
6.101463060997181e-11
9.714073106143443e-11
-8.313148133526027e-11
