[0.0, 31.0]
-0.9828136356433262
-0.00719569687762263
0.0004325205059176448
2.2154916663426937e-06
-2.46035922853952e-07
-5.355107256883379e-07
-1.6768393698588386e-08
2.350684113562214e-08
-1.4572121648295152e-08
2.593874711038917e-09
2.1866381547758186e-10
1.016785449827428e-09
-2.881894656616908e-10
6.396770712883312e-10
-7.560518263004457e-10
6.982203851365797e-10
-5.743603434156858e-10
8.489900728299421e-10
-5.433389002257667e-10
6.933745402253755e-10
-8.533060153399384e-10
8.757321566159333e-10
-4.745519529853524e-10
7.733412585990758e-10
-7.531687262062829e-10
6.503475349507833e-10
-5.852547135443661e-10
7.583053248092687e-10
-4.61099505211668e-10
5.465355180956681e-10
-5.258981646374133e-10
6.678955730233573e-10
-3.231902131401339e-10
6.737593428494586e-10
-4.154729815738436e-10
3.2409547408070657e-10
-3.4948561264305566e-10
6.774537802716015e-10
-4.54176763745323e-10
4.34125906275661e-10
-4.408011094336845e-10
5.058407149975704e-10
-1.8178268008029593e-10
2.6430826232032206e-10
-1.926337049393447e-10
2.790314365265535e-10
-1.7484718691755507e-10
5.231130226578623e-10
-2.1928466330932665e-10
1.1266480780865712e-10
-1.463069497260255e-10
3.072737872044734e-10
2.3650515808415326e-11
1.5507713890044329e-10
-1.642144082530551e-10
4.584278072947173e-11
5.514622665839506e-11
1.5807648497409412e-10
-1.5711278599992392e-11
-7.830035387053419e-11
-3.8718516176571065e-11
-7.304827219452517e-12
1.1801938055123575e-10
1.4359395943855845e-10
-1.410661602568715e-10
