[0.0, 31.0]
199.20507306186857
0.19645361781252973
-0.020305885595626873
-0.00047268788817959054
1.649016860071636e-05
3.428772130589092e-05
-1.3794495695592306e-05
-2.258628970559875e-05
1.4537210463912658e-06
2.6487306847880672e-06
1.5327180909407916e-06
6.112504716551653e-07
-1.0258279173512994e-07
-9.600827506894742e-08
-1.4434429672215822e-07
-4.713680717822007e-08
3.934193723951652e-09
1.5035867110927147e-08
1.6313222127573346e-08
6.726597758943028e-10
-8.305433703267797e-10
-2.3791780375008793e-09
-3.938084367818901e-09
3.9678390862762914e-10
1.7571947033811887e-09
-7.56834107783135e-10
-1.0489465293011608e-09
-8.018829147931421e-11
-2.8932698357810903e-10
-3.6876956969746656e-10
-3.3736199499668544e-10
-3.752442905710909e-10
-4.929564752663619e-10
-4.2151165403337044e-10
-1.2230722305057253e-10
-2.625359398734768e-10
1.0904700162804485e-10
1.099658568382885e-10
4.697102225654747e-10
-3.9955330799967006e-10
4.182529855738137e-10
1.0989893019163313e-11
2.616942966675046e-10
-1.698613231002974e-10
-1.3908259441897038e-10
-4.4541826472340303e-10
-3.3990780622243156e-10
5.1117705114153245e-11
4.858841197789666e-10
-8.4693483510529e-11
-8.572282110851013e-11
-4.419948185251153e-10
-1.2342678666298766e-10
2.194619022053044e-10
1.685214347641496e-10
1.2439027813959392e-11
2.825998592752688e-10
-3.1501785587531976e-11
2.920380696304172e-10
1.5636849140741162e-10
3.1530448312228627e-10
5.17474830402442e-11
2.0959641284602464e-10
8.316975141253909e-11
-3.649096745988725e-10
