[0.0, 28.0]
299.2064779571053
0.342212043308151
-0.00849051640549069
-0.0006963011159133275
-3.678196871642647e-05
-8.725458668535138e-06
3.937970874191781e-05
7.489652554408308e-06
-1.4589971363812792e-05
-2.8191933834100134e-06
3.682068150355372e-06
6.970176627887601e-07
-7.069627798789234e-07
-9.451462474029091e-08
9.764661192929718e-08
-8.20442845709899e-09
-6.481887631381779e-09
1.0196558810053894e-08
-1.652302442377146e-09
-4.094126044847716e-09
1.0675677668314918e-09
1.2760511832906316e-09
-2.41564759894919e-10
-4.654094307445563e-10
1.8294144502914381e-10
6.037518646158791e-10
8.84984890036964e-11
2.4324857292341273e-10
2.7082135480841265e-10
2.9620323988133906e-10
9.75760203779791e-11
3.5154423273028537e-10
-2.0818730114191412e-10
4.509135013671028e-10
1.2044103327286054e-10
2.476797164368281e-10
5.659798116535769e-10
7.379338241575382e-11
3.5919617430132844e-10
2.7483465621667384e-11
1.5461393704620712e-11
-1.5547458489617352e-10
-9.753663835884789e-11
3.1742413559577316e-10
3.6890252373325066e-10
1.9817737288175917e-10
1.6475935404586164e-10
-4.781408427496623e-11
9.72976848020032e-11
-3.0046251721041924e-11
2.150574663596937e-10
-3.183159673141991e-10
-2.2508914820319606e-10
-2.0321841567993775e-10
-4.3798906297511e-11
-2.9005118839742403e-10
9.040018857235233e-11
9.720789280977261e-12
4.3317711195995e-10
2.536331192332747e-10
6.931697704048179e-11
-3.992970125214963e-10
4.970245198647641e-11
-3.1377149379142293e-10
-1.2700424820496147e-10
