[0.0, 28.0]
-1.416896331225205
0.0019286567976429328
0.0004068830736709017
9.466780468031224e-06
-1.6577992209074895e-06
2.9928509402365527e-07
4.13908515073924e-08
-1.2782099956926522e-08
1.2177828937140725e-08
-4.135569382049423e-09
-7.283471028946008e-10
9.393678320232665e-10
-5.823411026120748e-11
4.100018672644513e-10
2.8436070254594173e-10
1.1160146941182479e-10
2.795944918514208e-10
3.704343228054573e-10
1.0211213113363156e-10
3.5924941201353616e-10
2.999537152510136e-10
5.083094910234256e-10
3.751153324756934e-10
1.8745081128906488e-10
2.915094754471767e-10
2.998499041471171e-10
2.0734038754692037e-10
-3.0237974633423904e-11
-9.63126479598374e-12
2.8587834847227024e-10
2.0212273226640522e-10
3.637556351111449e-12
-1.2276531185117805e-10
4.962771149058605e-10
7.583826368787022e-11
1.18310319518645e-10
2.725876098084532e-10
4.104170503752406e-10
3.477316074226165e-10
3.439899739596189e-10
-5.6743778793351296e-11
2.0855870721136653e-11
2.655542398055354e-10
2.1142641114287404e-10
1.050964668064257e-10
2.4164390715946633e-10
2.773248638597025e-10
1.1197135383156017e-10
-1.8892126549890315e-11
6.38195071296942e-11
1.742259088759191e-10
1.4379266555634447e-10
-1.4408451691459474e-10
1.9386152909279525e-10
1.5336381435686765e-10
2.06028754644681e-10
1.343286089145261e-10
1.5020729765119843e-10
2.3503096779367624e-10
2.60009897651166e-10
9.540501054542948e-11
-2.3993835563579626e-10
1.1506828610825628e-10
-2.991386879011286e-11
-1.3509079094749985e-10
