[0.0, 30.0]
161.96552523957132
0.11290585238335411
0.019704606098050977
-0.00019452825459381548
1.400457752479551e-05
-1.0851793053217922e-05
-5.1537243814292694e-05
-4.848467697620233e-07
1.1771959149300453e-05
1.4087253692673157e-06
1.1697817379366481e-06
1.1756051242888595e-07
-7.659258425655665e-07
-3.181602634279781e-07
5.634128337889683e-09
6.835360593895883e-08
5.110673413458052e-08
2.0510714066163526e-08
-4.715418183826365e-09
-1.4275727204252558e-08
-6.41331763486772e-09
4.164257814127627e-09
4.033948120128373e-09
-5.73694525402539e-10
-1.1242090350137003e-09
5.128394255719976e-10
2.3721805737728374e-10
4.836405274345848e-10
-3.2323041343400707e-10
1.8662982550926827e-10
-3.4009904117672316e-10
3.2081563861296763e-10
-1.0449542260039704e-10
2.9637489145112966e-11
1.451475890828617e-10
1.3996588295300592e-10
1.194124747349251e-10
-1.551205389817889e-11
1.7661069880473558e-10
-5.2977722528146095e-11
1.2068602685029014e-10
-3.980405498050149e-10
-6.500083686307158e-11
-9.961808164475974e-11
1.5297944841696194e-10
-1.3424172758454877e-11
4.7923635627066965e-11
7.24150481247688e-11
-4.0607779703785406e-10
-1.1516763110897775e-11
-1.5055848085172688e-10
7.791812320352282e-12
3.7394304385061425e-11
2.8401523857741614e-10
2.371685777628041e-10
6.958745971810031e-11
1.5027089425399894e-10
8.122026762299827e-12
1.1499234252705687e-10
-3.85510656435385e-11
1.5047081920018056e-10
1.281849714138078e-10
-4.430684544488461e-10
-1.3987313497902046e-10
-6.55337795930824e-11
