[0.0, 28.0]
275.563684926835
0.2571340462301199
-0.014754982824033537
-0.0004992557396203742
4.105790508213284e-05
-5.257138075476185e-05
-6.477706473922786e-06
2.026587076626201e-05
-1.9705902338157358e-06
-2.01418822696375e-06
1.8019788013261021e-06
-2.3500381542511654e-07
-4.894114979502539e-07
1.0155230450638446e-07
5.5470848426594167e-08
-3.4548101119635855e-08
5.843174362626387e-10
9.772323522315295e-09
-3.1100676419735545e-09
-3.1887532242016536e-09
2.855862109742174e-10
-1.4540150591405004e-09
-7.885836149462923e-10
-1.0447806189789147e-09
-5.742091893459437e-10
-1.393526591947666e-09
-6.612011719946191e-10
-1.0544179142890648e-09
-5.223228884455447e-10
-1.1838282475293344e-09
-5.068865601696571e-10
-1.3042276940028517e-09
-5.155753412665928e-10
-1.0274323191218504e-09
-4.686504869837203e-10
-1.0138080316317498e-09
-4.267852002874175e-10
-7.889962639169838e-10
-6.951985874948409e-10
-3.652320953488739e-10
-5.387767203421761e-10
-7.721746011170721e-10
-4.525096076314447e-10
-4.073266123063969e-10
-8.945754378516751e-10
-6.201018133988228e-10
-9.686075562395798e-10
-5.561390871232453e-10
-6.467233008833053e-10
-6.036683777279538e-10
-4.490051153217031e-10
-6.766656913728891e-11
-1.0015321814719753e-09
1.587051772203824e-11
-4.899411706474936e-10
2.145014301363544e-11
-9.605024282699797e-10
4.5477747641749426e-10
-7.683160589478984e-10
3.604812801243137e-10
-4.747010241766269e-10
-8.644882520846065e-11
-7.635480831800967e-10
8.478712340018928e-11
-2.372989970342332e-10
