[0.0, 31.0]
249.75578368783593
0.29380672783512346
0.01640197515046629
-0.0006765959972383145
1.985042445762106e-05
-7.661151487294292e-06
-4.945093307026043e-05
1.0332196305588449e-05
1.3867177267003307e-05
-6.732409005024561e-06
8.31130094193075e-07
1.5179018785384088e-06
-1.3411686717320579e-06
3.502097254075064e-07
2.460273417012078e-07
-2.6957894967588465e-07
6.882311770312371e-08
3.7975877958174284e-08
-4.442008178863717e-08
1.4161238387098141e-08
4.378845899214859e-09
-8.567205313872609e-09
2.706814587869565e-09
-5.116957761551704e-10
-1.684897554681046e-09
2.705418120834777e-10
-5.177644848979074e-10
-8.558033552822805e-10
-6.892978488154332e-10
-1.0145872935746592e-09
-7.19995341334599e-10
-7.831117300146604e-10
-4.376469629231694e-10
-5.539770563877458e-10
-5.259500471184536e-10
-7.17841770690792e-10
-4.995295086718552e-10
-5.418627224931451e-10
-6.898489790399771e-10
-7.055793055186677e-10
-5.652017354588261e-10
-7.981800930312678e-10
-8.469847437482291e-10
-4.2663320941501894e-10
-4.2267546461866937e-10
-1.8284651055141523e-10
-3.707152211499438e-10
-5.00980431692465e-10
-3.3044379793102165e-10
-1.9704596321333896e-10
-8.327444169345701e-10
-1.9247416208127835e-10
-4.1698935091728666e-10
-2.402889631936477e-10
-6.554029856286526e-10
-3.882321051024853e-10
-7.427774836961564e-10
-2.1976174327443664e-10
-6.116177942264629e-10
-2.1045812198458317e-10
-4.939229976129315e-10
7.071060816615181e-11
-2.3588046414405126e-10
-1.5192854061239156e-10
-5.12475350980492e-10
