[0.0, 31.0]
-2.253230485299081
0.017348977238443572
-0.0004900099554461877
-2.7771729987397236e-05
1.724234798541656e-07
2.802058718829053e-07
3.8233830995129044e-08
-2.0568492858115917e-08
1.0613663651162097e-08
-2.211022683388814e-09
-2.085481255204379e-09
1.1106317475779792e-09
3.6021999426961317e-10
-2.944412910695968e-10
-3.4633771035907626e-11
-2.8162287870834363e-10
1.443711278363649e-11
-9.38699377381262e-11
-5.922860755100611e-11
2.392197195047965e-10
2.4039075562904163e-10
-2.2500828233498045e-11
2.633080324510479e-10
-1.985044416611194e-10
-7.286204542346615e-11
-3.0498925617126344e-10
2.9891185578367055e-10
-1.223097176484037e-10
2.3025620971380952e-11
-9.016546220405858e-11
4.635618005726547e-10
7.637521005773549e-11
-1.5132005022739154e-11
1.1795986476054798e-10
-6.465199699692991e-11
-2.0447176849642914e-10
4.3735545477315114e-11
-1.0900460982598804e-11
-6.772621669773171e-13
-5.949414180502433e-11
4.825174741383903e-10
2.0441154769391984e-10
1.265217843546914e-10
-7.826928292462203e-11
9.733080036699662e-11
-3.450134900723395e-10
1.4820856324033416e-11
-1.1163804238823365e-10
6.54064990051129e-11
9.64162421060565e-11
2.1173869493984338e-10
4.3086667024308976e-10
-8.500392860393547e-11
-1.1314217899981632e-10
1.6509285620846238e-10
-2.1463823851171747e-10
-2.4649866650631577e-10
-7.305099445100709e-11
3.32674859697143e-10
-1.7001205751501269e-10
3.607495774639883e-10
1.6114101021159533e-10
3.170699530706452e-10
-3.177135338989082e-10
4.1613542522307043e-11
