[0.0, 31.0]
-2.685102680998618
-0.009430291843965098
4.356745151079356e-05
4.885008218218458e-05
1.1576851082437735e-06
1.9143540357614977e-07
-1.5120095846559264e-07
-3.806720152268933e-09
1.861988828089546e-08
-4.7453264792110846e-09
-1.3395983594690385e-09
9.075944259596051e-10
-7.507143812740306e-10
-1.8241748676978608e-10
-1.6959526727564445e-10
-1.837595559426762e-11
-3.800646773639061e-10
-1.339713541999517e-10
-3.6373294680128534e-10
-1.025203447005068e-10
-3.6301618158054207e-10
-7.785279772422944e-11
-3.509625355538973e-10
-3.96218016854277e-11
-3.710456955706853e-10
-1.0910972105987043e-10
-2.706659559030431e-10
-1.3720667898146667e-10
-2.1728335841073662e-10
-1.1913936815983672e-10
-1.5760092446666865e-10
-2.648281242332002e-11
-1.349225873761246e-10
-1.838585155536834e-10
-1.302456021866339e-10
-1.0352716988946763e-10
-2.314256717600145e-10
-1.021059743071652e-10
-3.8714639730934637e-11
-1.9417830020221133e-10
-1.4172160362488238e-10
-2.1439896846173468e-10
-1.581353879602999e-10
-8.697946546110737e-11
-3.129844711899088e-11
-1.986652248179869e-10
-1.1385835906150057e-10
-2.1428834003804975e-10
-9.876934420405338e-11
2.343218352579883e-12
-3.904490343410465e-11
-1.0857614777952583e-10
-2.4667550259945286e-11
-2.3188393334280215e-11
-4.001560654266686e-11
-4.650407190759417e-11
-1.7308224318227505e-11
-1.0626020063760392e-10
4.521545586040172e-11
-5.118293586884313e-11
4.163211664334837e-11
3.6884391868076514e-11
-1.0458122029286182e-10
-4.169755106589207e-11
8.875639938389008e-11
