[0.0, 31.0]
7.12138527581524
0.04607042373628583
-0.0005131594312234129
-0.0001280634206741863
2.402027764172086e-06
-7.204052632519572e-07
-4.04250597976361e-07
6.318744694860761e-08
8.047990750984821e-08
4.581977155792446e-09
-1.7766165027463552e-08
-3.638972986960645e-09
3.914789991200056e-09
1.3476871478499422e-09
-6.850629108108314e-10
-6.732095787565012e-10
1.5039034897449445e-10
3.870414263242722e-10
9.371128163851253e-11
-2.355704100331208e-10
-2.0842496554826664e-10
-1.832346018288911e-10
-2.155438832335255e-10
1.286143537975051e-12
5.411400016189122e-10
2.0460358928895098e-10
-6.471052882183343e-11
-9.632000263938868e-11
7.97024391384761e-11
-9.640363600299032e-12
2.383546444784428e-10
2.700377287590911e-10
1.8216048177062476e-10
-2.4732870198510325e-10
-4.465367863922919e-11
-1.1168385136212543e-10
-2.867968812275801e-11
-3.1212597550275364e-11
2.983094041498474e-10
-4.499963393024013e-11
-2.3542644493408344e-10
-1.419385247880229e-10
-8.881614799943224e-11
-2.417993073422594e-11
1.9778907722422605e-10
3.6702180900773113e-10
1.2743062840919637e-10
-1.4956576089787846e-10
8.111825006038161e-11
-7.931715306070252e-11
7.312606834284485e-11
4.653735941355465e-12
4.1544978799927586e-10
-6.078462509501831e-11
-3.5119038331164683e-11
-1.6606076588039905e-10
-4.2853526686882495e-11
-2.3828255718742618e-11
3.2761434368267324e-10
2.707383212436034e-10
9.64274690793321e-12
-2.4681387542786656e-10
-8.428399250783116e-11
-5.27057010644093e-11
-1.2614001944262063e-10
