[0.0, 31.0]
156.46602154613666
-0.20903390257256096
-0.01621057869606838
0.000843684307742329
-6.705709873966553e-07
-2.6293918369258506e-07
4.111312943078268e-05
-4.4761614114336016e-06
-1.1217738815522974e-05
1.308948102457044e-06
-6.63598152443471e-07
3.030760972911675e-07
8.015002403173315e-07
-3.3291781484791397e-07
-8.989613232786558e-08
7.878824781978464e-08
-2.747505181118428e-08
6.6282863176770186e-09
-5.606785442356661e-10
-1.1303820905538857e-08
6.2694710908840985e-09
6.961812113036704e-10
-5.961151509707647e-09
-1.2576359338219517e-09
2.4007361481168577e-10
-1.5212795517943578e-09
-1.9189756780975658e-09
-1.2638410581120047e-09
-1.2242607643359494e-09
-1.2245352365020644e-09
-1.0913980888731808e-09
-7.845384248655127e-10
-1.1082134302613177e-09
-7.902501291389726e-10
-8.67304098436717e-10
-8.956836503657119e-10
-9.6871003308501e-10
-4.5159963556850583e-10
-6.556667125445384e-10
-6.769945465802634e-10
-8.758212982330498e-10
-5.393340628595503e-10
-6.519172106485463e-10
-4.729218342607879e-10
-4.831896570158318e-10
-6.446267983643704e-10
-3.8890618971607433e-10
-7.083410292541196e-10
-4.959115124249466e-10
-3.596594706437394e-10
-6.830389769615497e-10
-4.937194530231189e-10
-6.568795442015626e-10
1.0942585434740613e-10
-2.0265709641894863e-10
2.260677125020879e-11
-1.3595324780904706e-10
-1.4369829604385663e-10
-1.3700764498828371e-10
-1.559955766765282e-10
-4.3030381604246206e-10
-3.3431336412541657e-10
-1.8264793608817868e-10
2.4784811237913014e-10
-2.1799004760551655e-10
