[0.0, 31.0]
267.1692074458453
0.36597936871681047
-0.010987011766373463
-0.0009344799991453911
-7.611168926752562e-06
3.5652439440304034e-05
2.417418404879458e-05
-2.035003355052313e-05
-1.3266637562821102e-05
3.6004780270954116e-06
5.4646453938994295e-06
8.906242132877165e-07
-1.734575060969726e-06
-9.109014280469838e-07
3.463408396181798e-07
4.2224122001439313e-07
1.1999585042687772e-08
-1.413699496821142e-07
-4.9146232076005534e-08
3.3472251477906525e-08
2.7526401628665286e-08
-2.5413888978607415e-09
-1.0101350374646472e-08
-2.1251058757031063e-09
2.5293808067375615e-09
1.5099984487080492e-09
-4.543156409413001e-10
-8.384710948899325e-10
-1.485995532741218e-10
2.5244561281661107e-10
-2.920199319032823e-11
4.354038440084429e-11
1.8413337647202956e-10
3.1109417910775503e-10
7.323800970719816e-11
-1.457445811401315e-10
3.5977108115416555e-11
3.866337235688206e-10
4.080684371753232e-10
3.36919161463325e-10
1.8719609905468742e-11
5.060708386845982e-10
4.839702782393697e-10
3.795879340505185e-10
3.5177950924176126e-10
3.007026102170649e-11
4.1701796549842983e-10
-2.6940006162772986e-10
2.863248543878113e-10
3.8549647118147433e-10
-9.22771997607513e-11
1.6120280061401651e-10
4.63719601714837e-11
2.8793828452013228e-11
3.789167670642049e-10
-1.7946105620641779e-10
2.4008790646884986e-10
-1.09375339733223e-10
2.6867918372639325e-10
2.1631651541260707e-10
-8.77450433817371e-11
1.3561026342053393e-10
-8.904681458160897e-11
-2.1995671114495749e-10
3.148619281820027e-10
