[0.0, 31.0]
113.87433313572852
5.64159418724833
0.08171116072414131
-0.004170117302209436
0.00014054885169269963
-8.890124749433043e-05
-1.4658550300914447e-05
1.6148641964646875e-06
1.2276017701710183e-05
5.957020280469435e-07
-5.067160201399433e-06
7.026785882551658e-07
1.610295758154904e-06
-6.832960715673183e-07
-3.5249162162312583e-07
3.5469126680105234e-07
8.179119419687851e-09
-1.2645055942796592e-07
3.917658255397222e-08
3.058279642890373e-08
-2.4171569346255787e-08
-4.362843100606387e-09
9.310849763997253e-09
-2.540925973042881e-10
-2.659965269468709e-09
2.1256464941850723e-10
8.19171022335312e-10
-2.664322220799431e-10
1.737185554983094e-10
-2.8689886241038714e-10
2.2798529244012134e-11
-1.6057836886695501e-10
-1.9024395135995764e-10
-2.2827979703254678e-10
-3.6030365786943173e-10
-5.297738455343251e-10
-1.9825058166020447e-10
-4.4248674477598e-10
3.2928551924350224e-10
-2.6774474550907755e-10
-8.564988362412026e-11
-2.62923642536387e-10
-7.004345725730978e-11
1.109122160163211e-10
-1.6000579828353582e-10
3.2569699835143664e-10
6.381696725306993e-11
1.4541023742296353e-11
-2.1333297140929684e-10
3.430418929892684e-10
1.3391086598649586e-10
-2.054752358423871e-11
1.615464693854446e-11
2.6683312311401526e-11
3.590270208077289e-10
3.0086445697012086e-10
-3.9614535682605126e-11
-5.757446137358943e-11
4.019293600984166e-10
-4.550063265958695e-12
1.6715291583873648e-10
6.362382754562675e-11
-3.04929359938589e-10
-4.0298666195558156e-10
1.8228383069569363e-10
