[0.0, 31.0]
205.94165422164954
-2.9628794776486447
0.32954721805241205
0.025359691476912492
-0.003077345672309715
0.00010365805289157063
2.3860585148288112e-05
2.089159076947095e-08
8.984058398066672e-06
-6.960532492651166e-06
6.435101678063987e-07
1.920960894711297e-06
-1.2704391431448921e-06
9.933885751834472e-08
3.3719198126074247e-07
-2.4667846283761004e-07
2.6561112315052334e-08
7.802492458535684e-08
-4.9997496245807294e-08
-2.133039818135912e-09
1.8885835014542134e-08
-8.591541039852464e-09
-4.613963367237324e-09
4.403512003473138e-09
6.097651807492694e-10
-1.5372748624394054e-09
-2.313143966940393e-10
1.77124021492721e-10
6.513359873187829e-11
-2.8218898007262945e-10
1.2022240680745187e-10
-7.686581852745597e-11
-2.2101979799257872e-10
-8.908349980861809e-11
-2.837310054179082e-10
-1.84429463081184e-10
-1.0255214412598512e-10
1.0238637868098904e-10
-3.7724907393336666e-10
1.4709991680335178e-10
-6.568541350055993e-10
6.023430203517376e-11
-1.7965817844833435e-10
1.268286288226299e-10
-3.2782481517698533e-10
-1.3948283378353592e-10
-2.6289602863146606e-10
-2.562478359243996e-10
-2.1277772520361117e-10
-9.087741408444168e-11
-2.2596340942053452e-10
2.2693916494551617e-10
-5.242616214351088e-10
2.6731972118668753e-10
-1.0662284833884144e-10
1.3873501315142737e-10
-1.1880187234149057e-10
3.671482317244302e-10
-4.793119016048352e-11
4.943454524062875e-10
3.48953470818574e-10
3.1529933744083765e-10
1.1196927817973111e-10
1.3329719140886455e-10
-2.141926184074772e-10
