[0.0, 30.0]
-8.741918633684557
-1.6313306165477564
0.03868000648533512
0.01247970699769214
0.0005576835224460264
-0.00011545731441061566
-7.627595573610395e-06
1.377249211845486e-06
-9.8247423981039e-07
5.403826807542406e-07
-4.802716348327053e-08
-8.955603987520491e-08
6.615426890894271e-08
-7.4356492163281104e-09
-8.636412766453753e-09
5.4718233706362075e-09
-1.50272093149598e-09
-5.627831687564858e-10
6.85257209222262e-10
-1.7429703167205582e-10
3.122399995591589e-11
-1.1247587329063059e-10
-2.962192588383424e-11
-4.6439476135565374e-10
1.7566648831531048e-12
-1.0910207430752441e-10
-1.1016552757590545e-10
1.5114951238321406e-11
5.0774430048373956e-11
1.2528536023829005e-11
3.283293076142907e-10
-9.67526998941429e-11
3.7091260339737157e-10
-1.9948823789694762e-10
1.7875959944930584e-10
-1.6336172779187751e-10
2.1978374824066648e-10
-1.0991048545525039e-10
3.8654750570573636e-10
1.241226753116234e-10
2.1149485001144415e-10
-1.011976806335926e-10
3.5232204826023094e-10
1.941818791180574e-10
-1.0108653344291187e-10
2.2269491834754312e-11
-2.8063737945729413e-10
1.9643867096868624e-10
2.0778506803962431e-10
5.2548062392672726e-11
1.1728016906168745e-10
7.490986340517212e-12
2.0614490788686244e-10
-1.7741518375728159e-10
-7.966193204586156e-11
2.2322878604935903e-10
1.1602135515327477e-10
-2.8662014174244515e-10
4.5834358375551787e-10
-4.6103325536703357e-10
5.946214896845588e-10
-1.2382283293333756e-10
3.6513583720980825e-10
-2.034356808656761e-10
2.791526605942571e-10
