[0.0, 31.0]
142.97777606399376
6.552049238996247
-0.01743241771515822
-0.0010027250442794016
-3.724832588255439e-05
-8.749886082656026e-05
-3.809333864883136e-05
1.152501260386048e-05
9.752933676856611e-06
-4.723526735702447e-07
1.195017284912019e-06
-6.632619573028777e-08
-4.396676788358835e-07
-1.2988906950773685e-07
-9.67901001360729e-08
4.18655148859715e-08
2.7713348272814155e-08
2.0612019557912165e-09
5.0034734727439635e-09
-4.488639499721457e-10
-1.3173846010505015e-09
-3.6238579907286255e-10
-2.42952650568147e-10
1.1198649977399472e-10
-2.6582451811997697e-10
-1.616072366266551e-10
5.504072644708605e-10
2.7044371562535615e-10
2.8856571482711564e-10
8.54707269166669e-11
2.8450614115407174e-10
4.3678162041890814e-10
6.39817631602885e-10
3.3107831114803707e-10
2.991521748420442e-10
1.6356312318055735e-10
2.3492495491225134e-10
4.750058972624518e-10
3.866890310011766e-10
6.978116174838057e-12
6.223058751066337e-10
3.965656434492614e-10
3.1907056278443173e-10
8.643477489680589e-12
5.7077884403415e-10
-6.586730956812082e-11
6.780188922492439e-11
1.6915403963503986e-10
4.722038604475605e-10
3.1068704551366045e-10
7.359348405848142e-10
1.4422955239321432e-10
5.193505440825202e-10
-1.0714496229575637e-10
5.292751362722313e-10
-2.43611922144572e-10
7.788024608357297e-10
-2.3421363738109923e-10
1.6439443014204694e-10
-2.045982448848651e-10
2.489943606212334e-10
1.649858291343063e-10
5.898902767461829e-11
2.207353314622425e-11
2.8652703550980892e-11
