[0.0, 30.0]
-3.140308051295256
0.3197814679535011
-0.005740655092393047
0.00031504946517898406
-2.3854114032494195e-06
-2.919458927305469e-06
-1.8020641306617237e-07
7.745640818667025e-08
-6.900126987930214e-08
2.1562166162277766e-08
1.8829307990962044e-08
-2.8533908952927704e-09
-1.1976031504444748e-09
8.244597264470532e-11
1.4059657925648959e-10
-5.231999206093962e-10
3.528237837895421e-10
-2.540663120129137e-10
4.3722308580245836e-10
-1.3191168521260108e-10
7.410523567688857e-10
1.957183198635781e-11
3.3064719063252075e-10
-2.7005948081374286e-10
5.364621264869554e-10
-1.4786978746863387e-10
2.7191033162517526e-10
-4.99194000521411e-10
4.374454882620356e-10
-1.7341244451132528e-10
1.4084247001170214e-10
-2.9754174309290646e-10
3.1843345400330324e-10
-2.01412285786986e-10
4.570938375696542e-10
-4.876006298022626e-10
1.932583986510757e-10
-1.2587614946841817e-10
1.2982998754384094e-10
-2.5932608016678953e-12
3.5262437425793934e-10
5.242898884297359e-11
3.9592065204234534e-10
1.7029191353484715e-10
2.2853569124988234e-10
-2.191203386366841e-10
7.475599930748776e-10
-9.841546587028946e-11
4.709985653866234e-10
-3.7528403156072984e-10
1.1892691129398532e-10
-1.5368441027877864e-10
9.644243283253061e-11
-2.7577564725369524e-10
2.514602079867278e-10
-3.311024667225448e-10
1.1715829376366547e-10
-2.975255475187167e-10
1.209330258100498e-10
5.817537646668707e-11
1.0109055077793161e-10
1.7999930952191445e-10
2.436206524548924e-10
1.3739857321017435e-10
2.3585577055906685e-10
