[0.0, 30.0]
-9.514456035809763
1.0535443842685923
-0.025832619371903374
-0.0017954474494095843
0.00024160444433959978
-5.046355603769634e-06
5.6173004517395525e-06
-6.650530943505793e-07
-9.324600015617767e-07
-1.8456689362920757e-07
1.4318088538680085e-07
8.934692413624695e-08
-8.340547265034625e-09
-2.469307946078487e-08
-4.810861599000665e-09
4.656443527824548e-09
2.461445586254381e-09
-5.470147412797794e-10
-8.955680033784626e-10
-3.6958907284270823e-10
4.827276258398842e-10
-2.6690047245669633e-10
3.092903563117772e-10
-6.013595161823838e-10
2.654366037499592e-10
-2.340786749827498e-10
-6.515310338445745e-12
-1.1876016219107507e-10
5.676014166494138e-10
-3.723687452031828e-10
2.4058735381161045e-10
-2.3961988143274173e-10
3.8480731269367215e-10
2.5965257220651493e-10
3.7877966749262256e-10
4.906025143789946e-11
-6.984225145715717e-11
4.354763661839947e-10
-1.3254247077883765e-10
3.7426809569795715e-10
1.1083117106636553e-10
2.898711426062628e-10
-2.9739191374021726e-10
4.2192286558100465e-10
-3.5053686827944946e-10
2.2834153390809654e-10
-3.4726287155369367e-10
3.0207985340769943e-10
-2.411722095402244e-10
1.948069804282425e-10
-3.866064675018417e-10
4.1784339883550297e-10
-5.32336454280929e-10
4.98811068818e-11
-8.398962401114733e-11
1.5470014376851547e-10
-3.9947624213725433e-10
-3.6530937914183277e-10
2.2490072748191993e-10
-3.1054590461258457e-10
1.2093552511119972e-10
-9.59469006116558e-11
2.817608112173106e-10
-1.2600957085105494e-11
2.2814845304357922e-10
