[0.0, 30.0]
166.1396014168695
3.4276101020387175
0.1976973468439656
-0.008094878013501153
0.0004658868840645105
2.6771129649683033e-05
-8.983576510881857e-06
-1.2200824166378947e-05
-6.600284705871623e-06
6.031898392659093e-06
1.950650492768013e-06
-2.339094546216859e-06
-4.4126352025000355e-07
7.401868620034989e-07
1.1032199732890198e-07
-2.194656420608117e-07
-3.772766753082948e-08
6.757696254657652e-08
1.654524705784947e-08
-2.1549037609768304e-08
-5.932284686529488e-09
7.111420322677505e-09
2.029062735105531e-09
-1.9656799979731335e-09
-4.3547350668593414e-10
4.2163172301090546e-10
1.9065084305931124e-10
-2.0589478979070527e-10
-8.497715891615955e-11
-1.4623559210681925e-10
1.0241906746710119e-10
-8.11254014548533e-11
-1.9501459030298368e-10
1.5164729785531634e-11
-1.1188388895311023e-10
1.640156795687872e-10
-1.881778496408336e-10
-3.408763312225958e-10
-4.101416508312584e-10
-3.762102473422666e-10
-2.1183440462150338e-10
5.5153542538558104e-11
7.378941930251359e-11
9.905488932162404e-11
-2.310478194798845e-10
1.9117720236465922e-10
-1.6602049199740993e-10
3.533140276503942e-10
-2.2471414381844842e-10
1.4139123908885877e-11
-1.657050900073436e-10
-1.187774893534323e-10
-3.9506538517675777e-10
1.9139485429424672e-10
-4.906892540600042e-10
1.007439492801288e-12
-3.5895987998996196e-10
-2.231563119054087e-10
8.860831747207294e-12
7.293416482659861e-11
3.4919158264661816e-10
2.700439055146044e-10
3.897604292465081e-10
1.0327381524573589e-10
6.902578768866813e-11
