[0.0, 31.0]
-4.3664398972075285
0.3580366381106749
-0.01019751340007882
0.00033735837441658856
1.931869128859772e-05
6.834254646870328e-06
-4.6023594840218765e-06
-1.716993679174293e-07
6.440234625183623e-07
-6.452717510297277e-08
-9.301373833492206e-08
8.198619882906107e-09
1.2831318688299044e-08
1.4195726666120601e-09
-3.5783293983925695e-09
6.786797033960948e-10
2.9921471051309934e-10
6.94274648113313e-10
-4.909648341892305e-10
2.771365338454456e-10
-2.593454746374824e-10
2.7450747799983334e-10
-2.4321831320705294e-10
3.2670323691772153e-10
-2.9117870073882725e-10
2.8147734983322077e-10
1.92555024976446e-10
2.2661319207060763e-10
1.2590174748670005e-10
3.9895583661539694e-11
1.49992304390329e-10
1.3385034216585005e-11
1.6508907662941386e-10
-2.332504168416615e-10
6.977326104243176e-11
9.697074033193105e-11
4.688921891640021e-10
-1.3897955368418323e-10
2.8187484476319314e-10
-6.276510816902074e-11
4.3985692633104364e-10
-5.15467518928554e-10
4.4708734905272686e-10
-2.4733500271254464e-10
5.5059555207658e-10
-6.344271123464227e-10
6.247492644516719e-10
-2.726594045173297e-10
5.490634080342166e-10
-3.533084040895416e-10
3.6060005065452764e-10
-3.5980201207834914e-10
6.280485694432397e-10
-5.077129908013583e-10
5.492228981108472e-10
-3.557682420835516e-10
3.042022166487691e-10
-5.296672304972847e-10
9.211839994382993e-10
-6.686456261053283e-10
5.634383939890692e-10
-3.4766101806993763e-10
6.483154190089299e-10
-3.1660854009420824e-10
3.3126869334599933e-10
