[0.0, 31.0]
-2.5845070394593654
0.23910448657605776
0.008993367708774982
0.0007118979709750765
1.5672409385427876e-05
3.8823721939249775e-06
1.7702671401386896e-06
-5.639293431931492e-07
-1.8761106286757674e-07
1.1123444801125112e-07
3.154676675741432e-08
-1.9873399065093936e-08
-7.844564666696662e-09
3.718883362455599e-09
1.7930888230625599e-09
-7.992545466008349e-10
-3.1203180553400276e-10
4.689032168896153e-10
3.5182187754008643e-10
-3.871832995967876e-10
-1.1469214621106426e-10
-1.4283602218885912e-10
-4.902604235806348e-10
1.962433181545451e-10
-2.456722385578171e-10
2.5884989347481367e-10
-1.4354333283200624e-10
3.1895275464273815e-10
1.2104516284782947e-10
2.2220467645805502e-10
-1.6278367638216818e-10
2.206170025297528e-10
-2.932635584745476e-10
1.4009114556728226e-10
2.1197657658269866e-10
1.9356348508555988e-10
1.6601083863731044e-10
4.025854940457157e-10
1.2896191742126174e-10
1.4840768263376674e-10
4.80074881712663e-10
2.7215231018386523e-10
2.917414841355976e-10
2.1856156666418858e-10
2.2414658993378314e-10
-1.674971157643057e-10
2.0625231569108233e-11
-8.538129089078148e-11
-7.498357176005073e-11
-8.046397284301788e-11
-2.092431001226656e-10
8.635136181910054e-13
-1.22941959387978e-10
-6.829531666491968e-11
-1.2516355767227694e-10
2.2264647769465338e-10
3.332350951530213e-11
3.45899307139204e-10
1.6397087755561589e-10
1.8354818250391892e-10
-5.852811832608862e-10
2.151137076340616e-10
-5.126283472792979e-10
-2.1085375174995658e-10
-2.3814049864860616e-10
