[0.0, 31.0]
-0.5408253219295133
0.3681904959829105
0.007799639109321193
0.0005448137008005217
-4.145839074930149e-06
-2.008662585208062e-06
2.0406221787517106e-06
-2.587911616488584e-07
-5.459881293795213e-08
8.302932769478759e-08
-2.423161664613863e-08
5.6638876684639435e-09
4.802633652920492e-09
-4.500597350769396e-09
1.191606910823041e-09
1.2700822229355025e-10
-4.032217169361424e-10
1.6084990033420852e-12
-1.0336014448441718e-10
-3.0187678102668874e-10
-1.1749018322356565e-10
2.5967613823478835e-10
8.968275418569024e-11
5.1789545439403155e-11
-1.9939413235692689e-10
-1.300883998529534e-10
2.7780329420961134e-11
-1.6376836578592899e-10
6.528690857837036e-11
-8.334442526748639e-11
-2.0514632464516108e-10
-1.433876266601467e-10
1.1059363694002407e-10
-2.580332311388813e-10
1.261821237475842e-10
6.422676141910144e-11
-1.8878867972485702e-10
2.8520271587003054e-10
-1.6167564435220536e-10
-3.2464717656688707e-10
-8.886362823292022e-11
-2.097038688194401e-11
2.5052066050286256e-10
-2.755265204638054e-10
-3.152811638966259e-11
1.8821159890259342e-10
1.4419991682358466e-10
1.8275478433685014e-10
-4.0455457240518573e-10
4.860146206475606e-10
-2.591213110966022e-10
1.996975353066278e-10
-3.427204471772068e-10
-2.094220131795675e-11
3.30916308718739e-10
1.7416523989665315e-11
4.424422848441253e-11
-1.7178421188340672e-10
-4.528207811872092e-11
1.8764226400252753e-10
1.1197983101089736e-10
2.328688164508925e-10
4.4357060522089544e-11
7.59775162048465e-10
-2.0614138173460231e-10
