[0.0, 30.0]
126.91348507745012
6.223771092790749
-0.09896271429220477
-0.0035297623913789866
-0.00035713485203320034
3.738466831833719e-05
6.136222912792464e-05
-1.6898134201664904e-05
-1.095362010552767e-05
6.754318263416607e-06
-1.1847503419528806e-06
-1.8982130140003772e-06
1.3323262227834582e-06
1.986647600597237e-07
-4.3050639824179187e-07
1.0293654435356559e-07
7.529312311083214e-08
-6.600317072630306e-08
2.0391105640382693e-09
2.1623360912777984e-08
-7.973069496505531e-09
-4.581073843564472e-09
3.0879574342409183e-09
8.60145051056044e-10
-9.600085343769945e-10
7.263917330822505e-11
2.4084795168263857e-10
1.2217495246431953e-10
-1.9965678827096735e-10
-3.812737131335527e-10
9.001756812209805e-13
-3.9778105058797613e-10
-1.9398277833020264e-10
-3.3284052577380794e-10
-2.75120544181365e-11
7.82288364513767e-11
2.5456476824259143e-11
1.3831576532402541e-11
1.8950629885373629e-10
-1.645199093784578e-10
-1.4037824818886571e-11
-1.2390969967780074e-10
2.120012027614986e-10
1.931102339570044e-10
8.956808779562302e-11
3.456746288235923e-10
-4.679429862876956e-11
2.559547123370385e-10
1.6802432411110873e-10
8.607327770660453e-11
2.0006995892619447e-11
-3.6125653541939693e-10
-2.1297484540952077e-10
9.247036012900435e-11
-2.675334110920047e-10
3.678898664481592e-10
-5.187817830973146e-10
2.77111930963553e-10
-2.937524592207693e-10
9.188163344646969e-11
5.8391146324744e-11
9.428105988112348e-11
1.2542486726078249e-11
2.852406390218657e-10
-1.9693076643569653e-10
