[0.0, 31.0]
-7.688377590160303
-0.8355221055724268
-0.02685503172903468
-0.0007541202903987827
1.2037336906580235e-05
5.647150698693233e-06
2.7912064517975936e-06
5.099672872906421e-07
-1.096922344829225e-07
-1.0497795173839792e-07
-3.3915951450340723e-09
6.355091397262534e-09
-1.9083409723744075e-09
2.258163015694447e-11
3.620202079593282e-10
6.660417661190914e-10
-5.192342642965234e-10
1.5415488956599219e-10
-3.2502529691344287e-10
5.910344599299001e-10
-6.223397145170681e-11
7.411867377541803e-11
2.7309657479838094e-10
4.854674842823353e-10
2.426102401031717e-10
6.808969048463429e-10
2.597317942912383e-10
7.092176800219252e-10
2.3254214372847422e-10
2.881340604878691e-10
-7.213979868105844e-11
-1.2090726489441527e-10
3.315571300243972e-10
1.5077509099072434e-10
3.1845776969401245e-10
2.573253226823882e-10
-7.157444136875473e-11
-3.228540218267346e-11
3.442818293718955e-10
2.812271898551975e-10
2.9707217156832693e-10
-5.783835621708415e-11
1.5742496079174066e-10
-5.5913744635418046e-11
5.618807336185206e-11
1.636704548568482e-10
7.610224045859817e-11
2.1292329332348051e-10
-1.861544353830141e-10
5.07690415164411e-11
-4.201897073171777e-10
-8.672723742438228e-11
-7.039173615747763e-10
3.6329141423345973e-10
-6.793404758109339e-10
1.5544360071919843e-10
-1.6293449318461594e-10
-1.9792523261256056e-10
-4.5692541976637484e-10
-4.4240572769579005e-10
-1.438153007441337e-10
-3.174782599744767e-10
-3.945443790252799e-10
-9.74003267446636e-11
-2.074140163931837e-11
