[0.0, 30.0]
-3.346383693878283
-1.524922498456281
0.08904681282594049
0.008372872237182685
-0.0010351148281000134
-2.165756038181797e-05
7.57424292812343e-06
-6.462061347255749e-06
5.156225808805563e-07
1.3733136215093355e-06
-5.159138401069301e-08
-3.3177757430834393e-07
-7.956089787351721e-09
8.396369324301565e-08
7.365558074704457e-09
-2.1433019030449395e-08
-3.6677931964793464e-09
5.788672873671623e-09
1.1487447326636437e-09
-1.2474232696652085e-09
-7.236304368195617e-10
5.143470470181159e-10
3.904886770722808e-11
-1.1413340182387295e-10
-1.4104864356892127e-10
2.0734163595922816e-10
4.9809360791834525e-11
8.294572798340378e-11
3.0775478576904467e-12
9.952935270954429e-11
-1.0041699208015819e-10
-2.556336149779141e-10
7.021345091760762e-11
-3.0782274969618357e-10
2.513543161153202e-10
-1.7517152323910132e-10
-1.1695785158005545e-10
1.9500935533464336e-10
9.33671669144792e-11
4.160156139220472e-10
2.391629180796887e-10
2.3050103469990923e-10
-2.9434155307014936e-10
2.4567513004553494e-10
2.4645680279225627e-10
3.8803386000869494e-10
7.429280965583146e-11
1.1353235632197241e-10
-2.4588674601896337e-11
2.276248693849103e-10
1.2003443313560134e-11
1.2112034047795587e-10
1.5630707598857792e-12
8.812866363342416e-11
2.0059485788888196e-10
1.8322052768677975e-10
1.5554731561795996e-10
-5.90597661306581e-11
1.7011727520569995e-10
3.2537950323294564e-11
-1.7546264957415003e-11
-2.6222917455235494e-11
-9.534024107815524e-11
8.306488002451898e-12
-2.2685769564461244e-10
