[0.0, 31.0]
-7.710572906691248
0.7990551931106862
-0.03110888146707938
0.0006054228210696983
6.034347800927704e-06
7.050209975554253e-06
3.231100788634642e-06
-6.967597850362297e-08
-7.967716693630375e-08
-2.6823235939079066e-07
-6.404645447920351e-08
3.800463303775948e-08
2.341458029008227e-08
2.188381537790682e-09
-2.944434152949062e-09
-2.8130817536024573e-09
-4.869851397621614e-10
-3.4713327449912645e-10
4.2081695689244416e-10
-1.1663395826019345e-10
4.1445983755513326e-11
1.350755067318786e-10
3.727795171715279e-11
1.9201871679816287e-10
7.581730423477996e-11
5.752156209923222e-10
-7.470877128177074e-11
1.6711138248226172e-10
2.1884126692108995e-10
3.73349586421542e-10
1.754422486899703e-10
5.76156177654421e-10
4.758523640784852e-10
7.245557029612568e-10
9.430734450793155e-11
4.14870009205746e-10
7.419198950773903e-10
3.474205107875083e-10
3.9676279106339936e-10
1.4771426375273975e-10
4.0513481858488246e-10
7.243310735757124e-11
-5.139031018790706e-11
-1.627221120482961e-10
7.52754628844638e-11
1.5761122100389063e-11
7.216440471743377e-11
-3.582438635098275e-11
5.65162576884348e-10
2.3161348885718497e-10
3.471722395120713e-10
4.18769908978558e-10
5.89330114632127e-10
4.33061089973855e-10
3.7704788472331263e-10
4.549795157412795e-10
-6.683218111923151e-11
1.2366147609912148e-10
1.0168206087045487e-10
-1.856552835318734e-11
4.0697306157409267e-11
-1.0002071431532732e-10
-3.296873891044748e-10
2.7866195651351603e-11
-1.4708333603913318e-10
