[0.0, 28.0]
305.80216694866556
8.120049688158142
0.022972798738143372
-0.0009420815670366986
-0.00020636455221374446
-4.7016911505287744e-05
4.096770745935483e-05
1.0319843053021281e-05
-5.039460938816379e-06
1.2187697337634582e-06
-3.34173250758396e-07
-1.0970682533628187e-06
1.7171786831496468e-07
1.9875210777965115e-07
-2.578507780147981e-08
8.282279301204063e-09
9.866261630661164e-09
-1.0093302460881023e-08
-3.0798123562855117e-09
1.7035347704047653e-09
4.713022970984324e-10
-3.3508401291426273e-10
2.188889809390336e-10
1.4245828046088636e-10
-5.349443106389721e-12
-3.3879766017591353e-10
1.6389649791188172e-10
2.41155475607996e-10
1.7338656090349698e-10
-8.473935104021407e-10
1.5710650188293732e-10
-4.677172886134354e-10
3.9493704012167964e-10
-8.76301122174709e-11
3.051261760340318e-10
-4.648886042994156e-10
1.5267330081061784e-10
-1.4504470049730501e-10
3.646559727385372e-10
-2.9883222767731354e-10
1.751529672535436e-10
-4.3095493964051876e-11
-1.7838201675984148e-10
-2.6556207481736936e-11
-8.127690320873849e-11
-3.9063143631897956e-11
1.2494719414152092e-10
-3.680647542810029e-10
2.4840363630915777e-10
-5.459236142571155e-10
2.2379813276099846e-10
-2.1796473848771613e-10
8.977489395948189e-11
-2.213381809199504e-10
1.9314775164152972e-10
1.1005875575385359e-10
-4.6288899558532997e-10
-3.4751204567081346e-11
1.3464486878724199e-10
1.8804468599489602e-10
-1.0060967014414604e-10
1.1570113440717065e-10
3.0278414565262105e-11
-4.117481680301937e-10
5.853034489735087e-11
