[0.0, 31.0]
-6.635795157216768
-0.20980786937780202
0.0006270229597067798
0.0014603322779914143
0.00012269198395877543
1.311682395792428e-05
1.8087613444026717e-06
-6.178069786411908e-07
-4.744995389684574e-07
-3.852760071441618e-08
9.40929873786906e-08
4.11886028870666e-08
-1.164554007134226e-08
-1.3331164530091957e-08
-1.924960854124894e-09
3.71752063956541e-09
2.9427839289111774e-10
-2.616137083831672e-12
-1.4657091547497307e-09
2.5433035527481604e-10
-4.3916906617025446e-10
7.011215397548343e-10
-6.778356258372051e-10
6.157744289341253e-10
-7.948639266261073e-10
4.4514182560286705e-10
-6.922439077048785e-10
3.605058773021192e-10
-5.792011163033262e-10
5.723110553090861e-10
-4.422630750226116e-10
7.734375012744567e-10
-4.014766304358075e-10
7.525414233626815e-10
-5.619215189143754e-10
9.822915885763084e-10
-4.07123628493938e-10
8.354459197616371e-10
-4.045187503886343e-10
3.859884942712007e-10
-5.307727629715816e-10
4.728620944763061e-10
-3.560213397569765e-10
7.163761776158156e-10
7.28430769546499e-11
6.980280513539211e-10
-1.3874385929468555e-11
6.337961306993923e-10
-2.901831775971406e-10
4.757367271116006e-10
-4.299631255249357e-11
5.980437257827745e-10
2.7657044731058578e-11
5.965592303056429e-10
-1.420161821099662e-10
4.3738852243349903e-10
3.5192895147918862e-12
2.399733926349382e-10
1.901564199183523e-10
3.226388787677444e-11
-4.771613105982733e-11
7.415689466331975e-11
-2.400660355459104e-10
-8.74349898199834e-11
-1.1705378097325123e-10
