[0.0, 31.0]
11.068764362237944
0.02668897318886998
-0.08977907094618878
-0.008401656878166923
-0.00027549653732343013
1.5604937191013958e-05
-1.0148285661803821e-05
-3.3022312502150875e-06
4.451911616592662e-07
7.271394941033825e-07
2.1566096721375067e-07
1.5847175557015843e-08
-4.501867433713317e-08
-3.106823079671791e-08
-3.7409873658922285e-09
4.9101100099151445e-09
2.715443187009753e-09
-3.708948967953983e-11
-7.646359945554523e-10
-1.1606668573335561e-10
-4.853963769992819e-10
2.66291060526e-10
-3.2199265629580116e-10
1.7267723350032608e-10
-4.487900323830508e-10
1.2466176297733975e-10
-4.0511322871300465e-10
2.2550793777206613e-11
5.688766580654843e-13
-1.5478260369751894e-11
-2.774367030385516e-10
-1.404423963412038e-10
-4.441111599101056e-10
2.790543416370246e-10
-5.445628575230595e-10
5.575142707835756e-11
-8.638361815002219e-10
-8.788517334827504e-11
-7.16269492421786e-10
-1.1980389600388575e-10
-1.4774362362496822e-10
1.404915480525999e-10
-1.881620083994449e-10
-1.4776503614288064e-10
-4.316900412730702e-10
-3.2211918881370754e-10
-4.968126559983391e-10
1.1615489301794884e-10
-7.295125604975473e-10
-1.5798109512106907e-10
-9.567566771333465e-11
-1.766776029155898e-10
-2.5697720454011026e-10
1.2857279304607753e-10
-5.892416385747344e-10
4.5350472244778534e-10
-3.599189454469063e-10
-9.115833125375516e-11
-1.7337920970878338e-10
2.9305924633884212e-12
-4.996330480772896e-10
3.3642921469289107e-11
-3.2658200158669846e-10
-6.869188570825154e-11
-6.327355882615885e-11
