[0.0, 31.0]
151.06606039360886
2.5555310379505607
0.27057979865975257
-0.010767857755595274
0.0003980555360519446
-2.40512223810774e-05
-5.4950400407920295e-05
-2.9215428550831124e-05
5.890119040398608e-06
6.305404231924e-06
2.776252417894211e-06
1.0033722486570036e-06
-6.579048599811932e-07
-6.887159970558504e-07
-2.2033292739624815e-07
6.89495827432622e-08
1.0552797778294933e-07
4.562415975902004e-08
5.672144269754106e-10
-1.7126053870867393e-08
-1.4143471154079035e-08
2.0799448273094062e-10
6.4622024702014325e-09
2.0314899373532538e-09
-1.5410576249343476e-09
-9.077798107959034e-10
7.215429027567621e-10
2.1593695475999446e-10
-2.3295832884286057e-12
-2.666341862222829e-10
4.136841663003308e-10
-1.6664346098670595e-10
3.370909095844644e-10
-5.037106322727387e-10
2.703721720918948e-10
-5.028965335372934e-10
5.292168366108252e-10
-5.411037244182034e-10
5.961248558825218e-10
-4.144262806961306e-11
-7.921578318234599e-12
-1.930495522868636e-10
1.4612990967058877e-10
-3.800915953383996e-11
3.5382007848172484e-10
2.0441606774147218e-10
-1.806507472943857e-10
-6.429055105662556e-11
-1.8043714557031068e-10
1.347122132074079e-10
-8.765463484539362e-11
1.685903937790986e-10
-6.504112170990423e-11
-2.8028102194953337e-10
1.7882240056192126e-10
9.725644933347428e-11
8.546310691831553e-11
-2.5209970398891353e-10
3.168322687374741e-10
-2.7413010527806924e-10
3.499484399749158e-10
1.4312295916355018e-10
1.7301828443071305e-10
1.0684997167953679e-11
1.911000179049436e-10
