[0.0, 30.0]
8.97532624196849
0.37360511358802573
-0.009518386393007245
-0.0009621130354533195
-1.5798261390591508e-05
3.274392682967164e-05
2.4310717382684765e-06
-2.623087542915355e-06
-1.2320789919511508e-06
-7.801852264031536e-08
9.300078080922667e-08
5.277771121062748e-08
2.6268539647954877e-08
-2.9200446887915187e-09
-5.274767204078412e-09
-3.801423395999997e-09
1.7838010047180278e-09
-3.722268577941458e-10
1.6377398051795518e-09
-8.710529010588281e-10
1.181766270563051e-09
-7.417676341845164e-10
1.1550624131542983e-09
-8.77727709064891e-10
1.094031496864361e-09
-1.047370637622676e-09
1.1480059502456174e-09
-1.344439614542714e-09
9.395296492592054e-10
-1.053578690577813e-09
1.0377732268439128e-09
-9.910038362306088e-10
7.788519837212891e-10
-5.975971056755507e-10
8.345325188101399e-10
-4.093097061513258e-10
5.285427858968668e-10
-5.297687961924207e-10
7.416536214764808e-10
-1.6358179822541275e-10
3.5872905654897024e-10
-4.142375537094897e-10
4.915122983253986e-10
-5.27688524377815e-10
1.2142734339285665e-10
-2.6722781883893706e-10
1.0252207668438172e-10
-3.3557789487709484e-10
4.339629135180263e-10
-4.237604025106931e-10
5.200439334318292e-11
-2.9579127458069694e-10
6.822547625793249e-11
-1.3462864881226962e-10
-4.086510081618058e-11
-1.214850433004678e-10
1.8346793817869893e-10
-7.339460543474643e-12
7.181684889033795e-11
2.151535656253384e-10
-8.775140079871259e-11
1.9983133482009835e-10
-3.5315405733733307e-10
-1.9300507330593917e-10
-2.6136411104518812e-11
