[0.0, 31.0]
163.24836512961684
2.0191461298439632
-0.35232214052786864
-0.01241101556292376
-0.0002559656577457248
0.00011982587885239346
7.008667710579697e-05
-4.333664082972331e-05
-1.3325311156265056e-05
1.809622128337488e-05
2.884258620822502e-06
-6.796998904622513e-06
-5.512108877924301e-07
2.566565642605422e-06
6.787670105007927e-08
-9.5858568375913e-07
1.2210056695419987e-08
3.494034617893891e-07
-1.3210601135920059e-08
-1.2056242684070548e-07
5.886465127838636e-09
3.797702234383885e-08
-2.085335698095039e-09
-1.0199813160036771e-08
6.305424168511873e-10
2.570719537425543e-09
-9.238167368875315e-11
-4.176685270785994e-10
-1.027698435367463e-10
-1.8410761662331923e-10
-4.699777243329369e-11
-1.2764294374768156e-10
-1.573972732269797e-10
1.9558479262623563e-10
-1.5404307915642153e-10
-5.286624910445273e-11
-1.8320309857203984e-10
1.0183853755413248e-10
-3.595563602511662e-10
1.7775433253370303e-10
9.595040870154513e-11
4.806617606542067e-10
-6.005687197145855e-11
3.3743244018196697e-10
-1.4009848548873065e-10
5.463989766425662e-10
6.542132354967305e-11
4.1914275197311167e-10
-1.233190443711072e-10
3.825160298348628e-10
-3.136097685803458e-10
2.1149443268307612e-10
-4.924622790520877e-11
2.77025185137324e-10
1.3544701802539924e-11
-5.629115480440231e-11
-2.4120952818760826e-10
4.856254509445732e-10
-1.0798809802528144e-10
1.5544429157559211e-10
3.2888534244476386e-11
2.6237428134168234e-10
1.891235141934291e-10
1.7320298551674078e-10
2.688093376274242e-10
