[0.0, 31.0]
5.749646888924823
-0.04610424132967471
-0.010662503344427029
-0.00036367332963759496
7.5593737309223725e-06
1.38947184732038e-05
7.885330464042024e-07
-1.0900840132512965e-06
-6.300658876545168e-07
-2.802894252673676e-08
1.5032488604182419e-07
3.778013953099726e-08
-2.007049654828848e-08
-1.3566481388277079e-08
-5.266546057811117e-11
2.942034438999368e-09
1.2349599330178427e-09
-7.343535628218773e-10
-8.480557458963252e-11
-4.380169019831577e-10
4.373317064316566e-10
-4.09568921662391e-10
3.68109444495958e-10
-3.71449319111084e-10
5.262305662429745e-10
-6.5673504841635e-11
3.5278959758951055e-10
-3.0645102686067085e-10
4.65091164438237e-10
-3.4618311502594494e-10
5.121525659180551e-10
-2.7580534917560375e-10
4.26015865694717e-10
-3.9563589800148995e-10
7.76721271492832e-10
-1.3851326854767382e-10
9.699462290147823e-10
5.307737681020509e-11
7.513868931599134e-10
-4.286595821406549e-10
6.731849556324348e-10
-3.7926132438927405e-10
6.076847303988864e-10
-6.689025432601851e-10
8.495597348337335e-10
-2.1162496542764662e-10
6.610866153229405e-10
-8.269836086153886e-11
7.118912922716797e-10
-1.9201490973316908e-10
4.3053382827688167e-10
-9.330354422114037e-11
5.6542640587960966e-11
1.634029801418569e-10
4.1774505313114244e-10
3.310724653905256e-10
1.6609779386614696e-10
7.02118712483283e-11
5.542175724587181e-10
2.804585739147114e-10
3.950588915176137e-10
2.6949403614288247e-10
-1.0027243063116276e-11
9.838594537028063e-11
5.342830908138896e-10
