[0.0, 31.0]
117.62872070391343
-4.195096358529052
0.007607920112643355
0.055945824777734444
1.3463885478523548e-05
-0.0005370459591182183
-3.5623870960559785e-05
-1.945875284160859e-05
-3.845818746618889e-06
7.013238577943436e-06
2.730042095211423e-06
3.318738459745906e-07
-8.958173543569349e-07
-5.311184836613424e-07
1.5564369648708825e-07
1.7123509896066678e-07
1.6515117349959428e-08
-4.0139793509630546e-08
-2.1332264672104553e-08
5.5650681432193606e-09
8.121967526456304e-09
7.600210916807447e-10
-2.435861521258305e-09
-1.3026725984889063e-09
7.093559438108094e-10
2.519641127259213e-10
-2.560921053453353e-10
4.632549963831142e-11
-3.8295890922073997e-10
1.2002990637575086e-10
-4.42396264011194e-10
2.0740185297854496e-10
-4.3221079241041067e-10
-2.202025691989604e-10
-5.028148445778327e-10
-1.5560531277031722e-10
-3.3737594306532935e-10
-1.8456772022865954e-10
-6.222881892698716e-10
-7.624037794016706e-11
-3.8782772764005574e-10
-2.7375020638721006e-10
-3.7049847106189753e-10
-2.563340140356787e-10
-7.148302167641357e-10
-1.3361312697708735e-10
-7.315971251052326e-10
-3.185715667859992e-10
-5.352678058367109e-10
1.5572795056024535e-10
-1.715696110358149e-10
8.524231810174615e-11
2.512010976797568e-10
-3.286840674038678e-10
-1.79484379251281e-10
-8.472542147217837e-11
-1.1577529759731962e-10
9.865723328304176e-11
-3.6072288469854855e-10
-1.6313897191655148e-10
-1.0115259757827949e-10
2.3447712906182357e-10
-1.9790072012726526e-10
4.1675700437977165e-11
-2.2844411002011667e-10
