[0.0, 30.0]
237.77229679552968
6.936926063072096
0.0406647728975649
-0.0009438847584208349
-6.535777706394762e-05
-1.8007798537052724e-05
1.3500407286740502e-05
-2.4677451290668576e-05
-8.36809466910708e-06
8.063743676281176e-06
4.402076243134361e-06
-1.3698007822887394e-06
-1.1722206636078222e-06
1.7713900397094012e-07
7.774161335220437e-08
-1.3829568175066526e-07
3.683093464880688e-08
1.2284656849748223e-07
2.0912383903883084e-08
-5.244166801689452e-08
-3.556988615252457e-08
2.5453466480672316e-09
1.6383107902730548e-08
1.0056660093946606e-08
-3.875733310084566e-10
-5.50732917011202e-09
-3.787352644127653e-09
3.7640118114251675e-11
1.8668409129809354e-09
1.911398191263672e-09
7.981336717271714e-11
-7.747410160650719e-10
-3.9383934213732124e-10
5.222333533364553e-10
6.163393727797972e-10
3.440763592803172e-10
-8.204797323122417e-12
-7.758315999625536e-11
-3.8481132883985434e-10
1.940885501251005e-12
-3.962127996283746e-10
8.891763721934063e-11
-1.3066224837617199e-10
1.563630690774042e-10
-3.617805023087446e-11
-4.8454959419367754e-11
1.5376601191793343e-11
3.206094732363398e-11
-2.392826093180305e-10
2.4861293124935096e-10
-5.762225225676593e-10
1.7500616865535264e-10
-1.8721149414048478e-10
-1.1060336308426182e-10
1.8966031382993185e-10
-4.0615981259575403e-10
-7.656050005297816e-11
-3.695169855914174e-10
-9.973004500392417e-11
4.199688482642547e-11
-8.822189983845723e-11
-3.6771927365087093e-10
-3.370441585417993e-11
-2.488090589635678e-10
1.1689278467604706e-10
