[0.0, 31.0]
11.331331323070167
-3.0775930090786128
0.28538941006678686
0.05979823572030131
-0.005092932192258125
-0.0004179142651035495
0.00020935589378215684
-2.0327357533236927e-05
-2.1667524937347498e-05
1.1360670353851647e-05
3.798406871157573e-06
-3.765893562616091e-06
-7.537902465572885e-07
9.389672302908469e-07
1.0304004882409812e-07
-1.7655659721794412e-07
1.5008646496157406e-08
2.329289114983396e-08
-1.8123454960809055e-08
-1.3010744230998602e-09
8.502658058863595e-09
-8.149150850087421e-10
-2.7674698241121963e-09
1.4774452448984847e-10
5.284210989869139e-10
-1.3678939254487091e-11
-1.7779810157229665e-10
-2.680162672811077e-11
-9.102274059097173e-12
2.580161354348199e-10
-1.5150464964885092e-10
3.478769488704839e-10
2.3839800171142465e-10
1.2875780031299168e-10
1.4442983136178473e-10
1.0084801187049559e-10
-2.506791861379154e-10
2.8500462993738196e-10
2.5050902233935344e-11
1.0564202696953132e-10
-3.061575155922989e-10
3.5886950772291427e-10
-1.4354679487750324e-10
1.5033862980711577e-10
2.2610220134875945e-10
4.23659712586454e-10
3.683950590231534e-12
3.73517046568974e-10
1.0055320084252847e-10
2.3299285591019226e-10
1.843702892980021e-10
2.4907588455454393e-11
1.8640463093025967e-10
5.1468578235825384e-11
4.135234883739782e-11
7.625298990426283e-11
4.5759275610496884e-11
1.928227454700526e-10
-2.174155757008632e-11
2.6391692697783295e-10
8.375623724111643e-12
3.7582347644558306e-11
8.342859134137661e-12
-3.021370502614796e-10
2.1707620905147632e-10
