[0.0, 30.0]
-6.198971426605155
0.8447863560194822
0.0375006765453305
-0.005683280817248555
-7.778856063821007e-05
2.3604284531819187e-05
7.589717823030746e-06
-5.934155557161022e-07
-1.0639563876713037e-06
6.577252520919524e-07
-5.108858857454424e-08
-1.2831344861977658e-07
6.380820045629306e-08
1.935290701522103e-09
-1.4681479535996745e-08
5.686420474479193e-09
9.76919969000516e-10
-1.9991734012755424e-09
7.195127940234717e-10
-4.2140152013342424e-10
-2.2797149624622603e-10
-5.471335429167527e-10
-3.7922886756830474e-11
-2.974033406111934e-10
-7.033693299911218e-13
-4.922689488027581e-10
-1.9976076334285594e-10
-5.89436218586274e-10
-3.584917850694381e-10
-5.64238352341399e-10
-1.1308182625499597e-10
-1.6698297795790225e-10
-7.767372587317377e-11
-1.8019990235764688e-10
-2.2593909766251763e-10
-1.7262332241984696e-10
-1.0003847745470424e-10
-2.471285702127618e-10
-2.113650527903395e-10
-6.831211142530311e-11
-8.767930501915456e-11
7.95671628508723e-11
-1.3924199513985559e-11
-9.585124546261027e-11
-1.9249180749330985e-10
-2.6728257688496525e-10
-1.0712821579846406e-10
9.33863868855484e-11
-6.008774054134813e-11
-2.938466466979155e-10
-5.92468464696097e-11
-3.7524869678452507e-10
-2.1255103228607016e-10
-3.4775355773130456e-10
-4.724883656654971e-11
-1.1756967427566832e-10
-2.2086443107959215e-10
-5.8134167453181305e-12
-1.9591867746347298e-10
-1.2929030621233557e-10
-1.8784293732866585e-10
-6.729685768618652e-11
-1.4666230184182085e-10
1.1162111433171131e-10
2.30542673131662e-10
