[0.0, 30.0]
-6.4676236443806125
-0.5270681403066159
-0.013777994362013095
-0.0006483152990990929
9.851128981782702e-06
8.415542929219911e-06
-3.4668841107703417e-06
-6.964268436307131e-07
7.490320559474019e-07
-8.36384404006079e-09
-1.7283436978885442e-07
3.353784972358499e-08
3.673805276884867e-08
-1.4912806834395686e-08
-6.756090951878794e-09
4.8800964210055384e-09
7.028680598558465e-10
-1.598173585479574e-09
8.847571190619682e-11
2.119891511646716e-10
-2.004360905910938e-10
-3.4377424152633177e-10
4.097038023924807e-10
-3.434844109887529e-10
1.3071107573763305e-10
-2.102075801235077e-10
1.8222853731627326e-10
-3.079213327295093e-10
-3.1429292974896855e-10
4.4174706092392866e-11
-5.990853998272321e-10
-1.7534977605648588e-10
-2.0017195787921095e-10
-5.527511329292423e-10
-2.2089738389374573e-10
-5.061897991966039e-10
-2.6042758429953135e-10
-6.786418635418538e-10
-5.509149883060075e-10
-2.5225228621290287e-10
-1.1183412149083784e-11
-3.042482850325244e-10
-3.1337731019332774e-10
-5.865995200387808e-10
-2.05000014934715e-10
-6.824555617239299e-10
-6.910869425276882e-11
-2.7827888596955586e-10
5.804727411235743e-12
-1.0814628990816272e-10
8.830080791192412e-11
-1.6389055517358962e-10
1.9658235233500137e-10
-4.4061219459691266e-10
-2.603304862127315e-10
-1.599471691253807e-10
-3.8730760655306175e-10
-3.0559776219315406e-10
-3.487453745665935e-10
5.0324170268197704e-11
-2.0278306765074446e-11
-4.5426938786588094e-10
3.827192345283069e-10
-1.1735866730124662e-10
4.1191608538731785e-10
