[0.0, 31.0]
-8.418226024084735
-0.5366134075008238
0.13680015990945282
-0.006122478458307462
-0.0008209547026408244
0.0001038415959246459
-3.4477463144255702e-06
-7.236122621429536e-07
5.768803423286184e-07
2.9473371648937527e-07
3.769514014853737e-08
-4.946625947154544e-08
-3.653122745297789e-08
-4.47801511796149e-09
5.185017497387791e-09
3.4441626478817433e-09
-3.104149259508114e-10
-5.824508091196685e-10
-1.0540916135207185e-09
2.2270912705539713e-10
-5.973778632294327e-10
5.561488913410877e-10
-6.933502277109611e-10
3.872727937292251e-10
-4.529173529593712e-10
4.983172033140492e-10
-9.337049400094256e-11
4.36750763559378e-10
-2.2793096581314958e-10
1.8524595186806117e-10
-2.1490322496518748e-10
2.866847162184108e-10
-1.9811651908384644e-10
4.5007502244923243e-10
-2.039279709459479e-10
5.561138979234161e-10
-3.6480999703415457e-10
6.58356372118398e-10
-1.3899609303696468e-10
8.884201307899444e-10
-5.853665280530068e-10
5.923971446180417e-10
-3.650720274997926e-10
5.437576800057286e-10
-1.7287410854968283e-10
5.380398061069234e-10
-1.2487201792414823e-10
6.947223366878367e-10
-4.449410511813951e-10
2.4538058513610885e-10
-3.9480917842589884e-10
4.503756357966046e-10
6.568681295066758e-12
7.551959773317546e-10
-3.8719028192889946e-10
9.931293705788254e-10
-1.2581356458911508e-10
6.935316068469235e-10
-1.0551738649463027e-10
2.493694944329303e-10
-1.9753062734413083e-10
3.5798016443111036e-10
-1.3321016540808838e-10
2.677104796786892e-10
-6.806862439176651e-11
