[0.0, 31.0]
3.1285805508246796
0.652008471953042
0.0069856429884863035
-0.003959341389085603
-0.000614899876251255
-4.5901063117071445e-05
9.41625280917598e-06
1.8783532413713314e-06
-9.515709112011011e-07
3.854890233473078e-08
1.0744434170576189e-07
-1.5174955416636542e-08
-2.0736342516036116e-10
-1.471777998773731e-09
-2.030656582117333e-09
1.6894466875869273e-09
2.4383693569953703e-10
-6.030198466584585e-10
-1.8270785858705093e-10
3.2683432705756683e-10
-2.0627115879351786e-10
7.908405467944848e-11
1.2376838003719707e-10
-2.306924164159243e-10
-4.966078634513737e-10
7.764699823327327e-11
-5.335812566877183e-10
-1.219597251406043e-10
-2.9705341376574353e-10
-2.754080396796329e-10
-4.0015973138766633e-10
-1.775590796683013e-10
-2.771784799138757e-10
-5.958404401899722e-10
-5.18867726018002e-10
-3.148051266740502e-10
-2.676185992449264e-10
-1.9215875480454197e-10
-5.3580455663238044e-11
-9.68210542529923e-11
-2.2292351121349388e-10
2.2957849775679623e-10
-3.0883180157088874e-10
2.533848760179256e-10
3.551823763136061e-10
-1.5002929045950417e-10
-9.210109528639826e-11
2.431392644571194e-10
2.338974819807012e-10
1.7965587626189608e-10
2.3538563416657e-10
1.355151537895321e-10
2.0722707953661772e-10
-4.897621075572553e-11
8.393687408747766e-11
3.3947657044043814e-11
-4.320079691630715e-11
-9.763100833904095e-11
1.637239657311864e-10
1.2539474524510236e-10
4.4305733972497796e-10
-8.217593386697466e-11
-5.301170170788376e-10
8.054079075034358e-11
-2.998404208440786e-10
