[0.0, 31.0]
96.49808718705356
5.115127123812104
-0.503160730518706
-0.025361725926941914
-0.0007098356434920834
-0.0001916909663340193
-5.633838815420783e-05
-3.571961430497842e-05
1.171088107517019e-06
1.0843607875117229e-05
5.164985620028772e-06
9.803284434819602e-07
-9.80960333872401e-07
-9.565591187926376e-07
-3.23408187254146e-07
1.1120493442455776e-07
1.6570891616020604e-07
6.319980064189258e-08
-8.980728914312285e-09
-2.5772535693659397e-08
-1.3064387443307076e-08
3.1302066629348294e-10
3.897873032103521e-09
2.2956974007416086e-09
1.5188709549221348e-10
-1.3886126974114746e-09
-4.3425631342417035e-10
2.0741683329334616e-10
-4.7452671223764413e-11
-1.3209479858655368e-11
2.977823471785523e-10
2.1693916943074146e-10
1.2523258011943106e-11
-9.683198548606905e-11
4.6687780926188135e-11
-2.4087040741053276e-11
3.8432644089552746e-10
-6.456259967974204e-11
3.020215028052197e-10
1.8635201499767592e-10
-4.2936524056038384e-11
3.0272108725343886e-10
3.7931540142247605e-10
2.7977726138925513e-11
8.910019968814418e-11
2.9564133662718015e-10
1.4421380488354577e-10
6.495382909890202e-11
3.9573743191880104e-10
-9.604955600032518e-11
3.6271017212272176e-10
3.4982457141352457e-10
-6.7616657366196e-11
-7.750785914005124e-11
2.4979784986317795e-11
-1.0686597797350459e-12
1.787145996701673e-10
-1.76043268268186e-10
3.5763580915196866e-10
1.9906505980751893e-11
1.8484966934948724e-10
2.484900874070292e-10
-1.7880517970508647e-10
1.2744334751249738e-10
-1.4532117346366213e-10
