[0.0, 30.0]
335.34768212724913
8.384723943916173
0.19213192378727567
-0.01221497874996826
-7.60686200186814e-05
-0.00012922445318516119
8.434824273787432e-05
6.858668149487934e-06
-3.1479641755322085e-06
-1.404481511386146e-06
-1.7219696639466846e-06
6.494944766298976e-07
2.658473483524715e-07
-2.174011063771455e-07
6.423915241501019e-08
2.1761520887498668e-08
-8.923622989425272e-09
5.098692525875535e-09
-6.341144558477845e-09
-7.015185560280314e-10
9.417711521775965e-10
-8.816499106642635e-10
-7.467678463876996e-11
2.105369038777765e-10
-5.541448968432933e-10
-1.0196093104216146e-10
-8.290301329336338e-10
8.82639065537093e-10
-4.119040826469763e-10
-4.0005915429550555e-10
-4.666013344786716e-10
-1.0042142923676568e-10
-6.581445547115912e-10
-1.940780488714293e-10
-5.940742070521803e-10
-2.461444928243224e-10
-4.864680667686429e-10
-3.158727164336537e-11
-7.72748346560645e-10
-9.700777146315571e-11
-4.3275860347760417e-10
-2.2593809959134407e-10
-3.9429432646438004e-10
-4.4630193462151155e-10
-8.54615396895e-10
-2.988387428595401e-10
-4.90369114163469e-10
-2.2811657232578286e-10
-6.335996562401227e-10
-2.912838109422708e-10
-5.865162992932799e-10
-1.980184006364325e-10
-3.024565610594645e-10
2.0620977947302606e-10
-5.476111833848541e-10
6.377264044802907e-11
-3.13902350688509e-10
-1.3571784581933342e-10
-3.3381272453502735e-10
1.1363262580933302e-10
-1.8163257239934913e-10
-6.870702040436766e-11
-1.9237875655701876e-10
-1.053171854251071e-10
-1.0951277361014387e-10
