[0.0, 30.0]
122.49111826998117
9.329478548821005
-0.06833236271535068
-0.0008559988999330784
-0.00029890336360319995
-0.00013624578453068096
2.3648814096470783e-05
4.654259936009944e-05
2.0591792469900693e-06
-1.4536544657069001e-05
-2.8747458358581444e-06
4.222899473758898e-06
1.492040232793286e-06
-1.2084849738781726e-06
-6.330924622423128e-07
3.300709341224042e-07
2.5457034854164986e-07
-8.483143529732855e-08
-9.528663761717273e-08
2.078220050789847e-08
3.2593460567764584e-08
-4.648411457425091e-09
-9.345700227349038e-09
7.158265545855613e-10
2.382125581585109e-09
-4.737694870009215e-10
-3.6615772538935976e-10
-4.577936858207345e-10
-1.780064159005817e-10
-8.160596593946148e-11
-5.715151399353979e-11
-1.7869213678911272e-10
7.553714619703858e-11
-2.2705647532080445e-10
1.4713606878024013e-11
-9.179763436800953e-11
5.7609260377652276e-11
-5.642497967567024e-10
3.431864050777011e-10
-2.7794373023879716e-10
2.3761725079662105e-10
-1.5147457715282102e-10
3.8898835918892196e-10
6.788433480603048e-12
7.65538914400531e-11
-2.592775024043377e-10
3.1950685902384124e-11
-1.1071178130607394e-10
2.600539733427427e-11
1.5876643547335212e-10
-4.109349621302904e-11
1.8603072723315823e-11
-7.310394435229978e-11
6.61063694492086e-11
-1.9048415033465848e-11
2.4325683875337614e-10
1.8464676649792278e-10
1.2278633317686062e-10
1.7627599709481663e-10
7.737949829902489e-11
4.22859739845134e-10
1.2890969028807732e-10
8.79845087972043e-11
-2.1043467201295352e-10
1.187535484325619e-10
