[0.0, 31.0]
325.2360299739116
12.204362975726465
-0.002449111560027541
-0.0025023227762954996
0.00029957295259637576
-4.4014723967637725e-06
2.620634715437826e-05
1.3372657032876575e-05
-2.0216334350967388e-05
2.067617202529035e-06
1.6903193895873698e-06
-2.117313549498157e-06
1.2262816733567787e-06
1.7300022625825664e-07
-5.030416005524178e-07
1.9527860845871593e-07
3.998699966044615e-08
-7.68162555600841e-08
3.862575547183919e-08
4.154696015650779e-09
-1.9472168819822796e-08
7.055831882367341e-09
5.769551280497591e-09
-4.3660184532286374e-09
-5.549297577883653e-10
9.171593871396767e-10
5.921678898865923e-10
-8.467991367426729e-10
3.5725513279110326e-10
-2.7496001899700115e-10
2.9857450728186834e-10
-4.5997227029146106e-10
3.8202272576361414e-10
-2.1468059043234476e-10
7.966695092082829e-10
-3.5222988239647243e-10
4.2066358793485e-10
-5.134658009967488e-10
-3.7704160339480307e-10
-5.524213333762806e-10
-2.9763940508993165e-10
-5.3553376190808514e-11
-5.113366814938726e-10
-4.6538360372187907e-10
-3.7101416295786037e-10
-4.22083746480863e-10
2.960782185790917e-11
-7.128377685644864e-10
-3.183156331920753e-11
-3.229851799999937e-10
1.6887877662487078e-10
-4.373285966232186e-10
1.6730061707788073e-10
-1.94971253420908e-10
2.2560077733084534e-10
3.234649104116039e-11
4.585211214612166e-10
1.1374473617795288e-10
4.4749601818467564e-10
-3.3154206005111454e-10
1.656549450668368e-10
-3.517589960432345e-11
1.581582614280634e-10
6.395422829003158e-11
-2.5481372128552057e-11
