[0.0, 31.0]
81.10914480490962
10.574399640265902
-0.05895918023860932
-0.0006435573520299242
-0.00018744894705480366
0.00010019663372633179
6.19769012590689e-05
-1.7229489813994422e-05
-2.1342645984018484e-05
6.953107350151096e-06
5.186492240774098e-06
-2.929170132285372e-06
-6.121077473482268e-07
8.126471517814355e-07
-1.3630846502955398e-07
-1.0756452186998452e-07
8.887864631526845e-08
-1.833045490849799e-08
-1.801974984833618e-08
1.2763897865419693e-08
-2.5699110893044085e-09
-3.762349244923203e-09
3.0999910484421076e-09
-2.940609114465112e-10
-1.4712630259003494e-09
-4.4188086773499055e-10
1.456993780166482e-10
-4.0495191485811586e-10
-1.6731207268111367e-10
1.0687959361723013e-10
-3.382381995806132e-10
3.4452067374435516e-10
-4.960777530140402e-10
2.2923571301278157e-10
-1.5019175841099187e-10
6.884457104650867e-11
-3.2783044357232034e-10
2.834680825771664e-11
-4.308384001274259e-10
-9.621201651881164e-12
-2.4150659220534813e-10
1.5030287662297233e-10
-3.810552345863698e-10
3.953332661533319e-10
-2.4743143108454117e-10
2.613385568299522e-11
-5.187551865527749e-10
-4.5688796038159434e-11
-3.858649719829089e-10
1.2690017556604965e-10
-3.1799293313145917e-10
-2.38079493941034e-10
-3.1234790598411423e-10
1.8008421082194042e-10
-1.3042433170935706e-10
7.249053508911412e-11
3.3773336673198823e-10
3.83984077452564e-11
4.545974143763768e-10
3.6566645253930003e-10
3.7723941662296125e-10
2.6500480228537207e-10
1.4729485916003888e-10
2.4747709490209117e-10
3.1742269031876435e-10
