[0.0, 31.0]
153.82571028957827
9.322549105693238
-0.056040504024249975
-0.0010521330733946105
0.00021262881666086399
-1.784416289550802e-05
-3.1342017032906504e-05
-2.429670821360131e-05
4.583071902555507e-06
4.674053303241485e-06
-3.0623566946698675e-06
1.1963581309070264e-06
1.0028373172482775e-06
-9.390094300783827e-07
-2.705155736639579e-08
2.9351964165054896e-07
-1.1804807970200716e-07
-4.0973451187354305e-08
6.422512979322363e-08
-1.1035948686514202e-08
-2.0779619980996752e-08
9.678917341707434e-09
4.947854365417015e-09
-3.322992277116782e-09
-1.0172654941085986e-09
1.440588296562097e-09
4.971680389073862e-10
1.6859562945485465e-10
3.878414319842969e-10
6.49976537623999e-11
2.688310443299948e-10
-1.8970223026826262e-10
-5.256202902782447e-11
2.1414334921791234e-10
2.2912740026159588e-10
6.809598648218595e-11
3.702311937855426e-10
8.244248836687989e-11
3.714942159913769e-10
-1.566517181538722e-10
3.0590238892703916e-10
-2.6229518623085356e-10
5.23236036886863e-11
-3.948331965591873e-10
-2.954520432161827e-11
2.0635403399872809e-10
1.787994498768303e-10
2.1939857159310124e-10
-2.080865921377744e-10
1.6719894875314913e-10
4.5729726316986865e-11
3.139799369783715e-10
2.8860610159922824e-10
8.043044987335172e-11
7.847708968975368e-11
2.672277016603705e-10
3.506688903294963e-10
1.2182273272122183e-10
1.222023049975045e-10
-3.8800492865694685e-10
6.129557901950788e-10
4.495091318383565e-11
3.104928751602404e-10
7.287514083128134e-11
1.2307847836782922e-10
