[0.0, 31.0]
50.16890563670013
10.343313322398826
-0.021087629733531794
-0.0006423936501005914
0.00038138482929981547
8.437407264565345e-05
-7.465907645015433e-05
-3.698017662638623e-05
1.7418844881292737e-05
1.470224731406193e-05
-2.841685282170171e-06
-5.2572673531509736e-06
-2.6633517577797695e-07
1.6863655885782912e-06
5.060997772642874e-07
-4.571296871933604e-07
-2.871366425423196e-07
8.89105118518806e-08
1.2052226090591348e-07
-1.3064102300823442e-09
-4.137936028253506e-08
-9.683143850548224e-09
1.1639222644250648e-08
6.1171829210481854e-09
-2.712371124678566e-09
-3.227672479395254e-09
5.768438066672371e-10
8.435127314969127e-10
1.9252185785048912e-10
-3.9376029414976546e-10
-3.0447159944762634e-10
2.9402017015958787e-10
1.253235241401188e-10
2.0210151190972e-10
-1.1316474191409593e-11
4.3629423807298843e-10
1.3423172866572349e-11
5.9338046140131e-11
-1.3618466985228148e-10
-2.2243302537078287e-10
-8.241523518061081e-11
1.581695852348818e-10
1.8425413467105307e-10
8.581663199398103e-11
-3.553121971020191e-10
2.587355373945247e-10
-2.999630704202675e-11
6.791814955376956e-13
2.2053812830978555e-10
-1.9136894768305685e-10
8.954520094824693e-11
-2.3015026134598542e-10
2.6476270642984975e-10
3.952093328970972e-12
-2.708783408992025e-11
-1.3598273296083974e-10
2.2235250372524225e-10
1.89728094650895e-10
3.059832727927639e-10
3.392123803829901e-10
3.850096881758531e-10
4.2167237559002285e-10
2.2573563205906338e-10
1.2368762798247736e-10
2.589088670683162e-10
