[0.0, 31.0]
-1.1858141824221393
-0.07139404283669805
0.00781978151055878
-4.9295453938224495e-05
-1.1820049481920154e-05
1.515711021170298e-05
-8.551702650985234e-08
-1.658879012188303e-06
6.421528121980719e-07
1.131935106383632e-07
-1.9134431937698156e-07
1.661560543960653e-08
3.657476639546195e-08
-1.250281783872326e-08
-5.104203890393113e-09
4.686801971126457e-09
-1.6964213982431699e-10
-7.710866150412125e-10
3.219290167595189e-10
4.863751378186351e-10
-1.397756390792932e-10
4.80014314159803e-10
-1.5889584172739542e-10
6.633849743981416e-10
-3.308380350191419e-10
8.364346893186317e-10
-3.55621909866376e-10
3.881540293503303e-10
1.7649808145332076e-10
6.649152312731854e-10
-1.9865542531514095e-10
5.00746111558906e-10
-1.6341478597135325e-10
-4.4935159922470965e-11
-5.133191541282806e-10
1.857168651572273e-10
-3.6392778848398363e-10
5.028343745070798e-10
-4.898264632184277e-10
2.8987624217193753e-10
-3.314343510717706e-10
3.4560995609107513e-10
-3.938270065607788e-10
3.043136919724313e-10
7.749316235247206e-11
1.0967489638665408e-10
-1.4482450794488781e-10
5.020708971118067e-10
5.592989942265203e-11
-2.253671174507537e-12
5.135303683463133e-11
-9.511814447636815e-11
1.364115460782765e-10
3.4391594130779426e-10
-9.079073276464949e-11
3.7481538942128386e-10
-8.562861761555429e-11
4.1517641059153137e-10
-3.3440360437601117e-10
5.072556326146097e-10
-2.386525908081695e-10
4.4213312710417394e-10
2.5363714995194963e-10
4.188326456772436e-10
2.633227184610385e-10
