[0.0, 31.0]
-0.371423873081047
-0.714884031879594
0.003357196310201953
0.007826517349933991
-0.00011311368281329816
-0.00016268573947793036
5.080917875205838e-06
7.405924878543428e-06
-1.8200275652942132e-06
-7.170602139596732e-07
4.914835611922491e-07
1.0015253871839228e-07
-1.1079619366050437e-07
-7.240442656293052e-09
2.6011431696608554e-08
-2.555244359829902e-09
-6.1854989726739775e-09
1.3616926767320166e-09
1.3993413523605537e-09
-7.374597927896421e-10
-1.3957055927281444e-10
-4.790800123399549e-12
1.6975135208354986e-10
-2.210547266004965e-10
-9.06553168647011e-11
-1.0146741800444778e-10
2.444404466509332e-10
-1.9165449702377843e-10
1.6554154258586724e-10
-1.2951208871470044e-11
-3.916743207782751e-11
6.432071967173401e-11
2.088171152753167e-10
-1.3560176941590471e-11
2.725835030429284e-10
-5.996030637927575e-11
4.947640361623812e-10
-3.3517707166633187e-10
-8.115245550473784e-11
2.8229386053691854e-10
-1.53044429371345e-10
7.231474489603914e-11
1.8290126932075801e-13
1.1338792673673343e-10
1.5372881215405666e-10
8.169493817537647e-11
1.488824759992389e-10
-1.9050542146195495e-10
1.739881827067621e-11
1.5106221686064033e-10
-3.162811265933247e-10
2.378644588209385e-10
-3.0417384297567636e-10
1.0657061093831626e-10
-5.550672583111716e-10
-1.823652822421143e-11
-2.8931892256547967e-10
-8.232487638593429e-11
-3.242626904519342e-10
1.039273021990588e-10
-3.0799819560265623e-10
-1.2363672861977298e-10
1.8146152606844925e-10
-1.1209390111128231e-10
3.970972557776904e-11
