[0.0, 31.0]
-0.6436107545807915
-0.13865902223869916
0.004379945568406041
1.2054094241182629e-05
2.2352350260313956e-05
1.2040781710555405e-05
-1.6467827078053648e-06
-1.7853703416665518e-06
-3.5451060876494074e-07
2.685270694408443e-07
1.6406465473283003e-07
-2.636960378095345e-08
-4.360506266496058e-08
-4.378778772724889e-09
9.99971622919876e-09
3.922135206295215e-09
-9.317719492933603e-10
-1.2984763142257348e-09
4.968252002169032e-10
6.08182161423487e-10
5.016628360434296e-10
1.6160782373754152e-10
6.607219262305327e-10
2.5808892850318843e-10
4.394563940822552e-10
2.768766763091225e-10
5.67165692147014e-10
3.00409124670614e-10
2.924982697827334e-10
3.532000818651383e-10
5.76344049016341e-10
5.360341502233009e-10
5.750129178068579e-10
5.889115557906927e-11
3.59771140990109e-10
1.8841215667724886e-10
5.803814603749673e-10
7.718272379472591e-11
5.618076720021682e-10
2.2564187297859988e-11
2.2691393791983152e-10
1.5776504874157155e-10
-4.101485459183179e-12
5.476346057258916e-10
3.081040588265661e-10
3.9326710435345863e-10
2.5343156546767894e-10
1.121762638766042e-10
2.2703257791466334e-10
4.707021213810744e-10
4.6215472200574123e-10
3.0603756538359914e-10
4.739159800576935e-10
3.047009727642236e-10
1.820175871228559e-10
2.1624101926595477e-11
2.3276999398809987e-10
4.898599337894298e-10
2.867411118528393e-10
3.273655102981418e-10
4.535501741070108e-11
2.503881433504419e-10
1.830625556600083e-10
1.1471545004427907e-10
1.0184772121828593e-10
