[0.0, 30.0]
-0.6897319471715829
0.15039459492421944
0.005566217928900837
-7.419420224504467e-05
-2.867076184782786e-05
-5.11711158663419e-06
4.276755282354219e-06
1.0500545063237663e-06
-5.440629057336699e-07
-2.0397600864245284e-07
9.892083154336355e-08
3.609005149131418e-08
-2.1554802310375143e-08
-7.528050459065825e-09
5.4207708172034666e-09
1.2200974760625925e-09
-9.095652885130511e-10
-5.871465550793347e-10
3.10638880948307e-10
-2.6040926057729477e-10
1.277930091515991e-10
-4.5461932357329203e-10
5.714851324897472e-11
-1.8137305804650043e-10
-9.36955732517923e-11
-4.87433566014123e-10
3.5694257038740046e-10
-2.2802170020583664e-10
2.3414481387441437e-10
-1.2608772927549811e-10
3.153377261945926e-10
-3.3039793582773386e-10
2.4641048822274604e-10
-4.172511450387554e-10
1.4147598966023407e-11
-1.4437869287878153e-10
-1.2144072715973212e-12
-3.389879685952412e-10
-1.3350030769564885e-10
-3.1294796298571435e-11
-4.440148533057502e-11
-2.528402087149747e-10
2.4350294185591348e-11
-6.441792469432277e-10
3.487452623647279e-11
-1.9540526668183226e-11
1.6699735145826356e-10
-4.056686642068278e-10
1.8258275291499756e-10
-2.757838922970549e-10
1.8647410999977318e-10
-2.6716519689263656e-10
4.3486905097226403e-10
3.791826701811435e-11
-9.925397522593965e-11
-2.1894802858567813e-10
-9.440230320243901e-11
-3.5225170539488154e-10
1.063637392096153e-10
-1.8707749596167516e-10
-1.8892648596881347e-10
-3.194179941815729e-10
-8.736706407383209e-11
8.507913579784489e-11
7.946800561872342e-11
