[0.0, 31.0]
112.47525279400101
10.074063621945273
-0.04826920909094338
0.0004905009413482121
0.00011912402335823884
-6.675556996102851e-05
-2.482685940401848e-05
-1.6185059644784956e-05
2.8226719141467536e-06
9.988492992559602e-06
8.510706114807153e-07
-3.445277886658824e-06
-9.771917785865538e-07
9.194725190079192e-07
5.397580510451017e-07
-1.7363807703245052e-07
-2.2659563546973927e-07
4.760266940148658e-09
7.786187732299452e-08
1.5336732759931048e-08
-2.2841839546315878e-08
-1.0161434448289701e-08
4.746145215363588e-09
4.590115970691858e-09
-1.3490132004424776e-09
-1.3938220217281982e-09
-3.8233359832506785e-10
2.8915487026884615e-11
-4.08797730496924e-10
-3.025893598332171e-10
-1.7903647872742698e-10
1.5456146034169642e-10
-1.3472139004361505e-10
-2.7051415062006266e-10
-5.6080093017146805e-11
-8.542584875790592e-11
6.175853366005421e-11
-6.737863803291757e-11
-2.9787451775551355e-10
9.205425296616971e-11
-1.9860650122641432e-10
-1.5252131442070135e-10
-3.0501548846524347e-10
2.2095856110232045e-11
-3.7754615335811306e-10
2.3552560180530686e-10
-1.5693964349804574e-10
2.9230544716061036e-10
-2.2240982061827207e-10
4.21717383579036e-10
-1.3223518234031402e-10
1.0123611902056293e-10
-2.657234432494888e-10
1.5158811736594058e-10
-4.032678958326386e-10
3.960371077209437e-10
-7.106191037364448e-11
3.1724318351212966e-10
-1.7634778755516757e-11
-4.6804866654169834e-12
-5.461296285105913e-11
-1.31505441549556e-10
-1.2380060915227944e-10
3.4212628630760327e-10
-1.7984588155481627e-10
