[0.0, 31.0]
-0.45346054806812025
0.274516195904989
-0.007063818355115924
-2.206171952852176e-05
4.8213768079452004e-05
-7.794758586199006e-06
-4.837872811897143e-06
1.6579179439704677e-06
1.358846907342784e-07
-2.817617791415719e-07
8.293348085265904e-09
3.187105003758718e-08
3.263430241402133e-09
-3.745698111374604e-09
-1.5723874846917258e-09
1.704064689600907e-09
-2.333305022949014e-10
5.747627691185446e-11
-1.552214376197612e-10
5.5752332576146693e-11
-1.3804107167808304e-10
1.4678744302087167e-10
-1.52035976406523e-11
-1.4577285921454936e-10
-1.1732313465150808e-10
9.681008138487251e-12
1.3492152027752376e-10
6.150141217841227e-11
7.09727055836672e-11
-2.2338352002027655e-11
2.855720522729193e-10
6.887211230149395e-11
1.3529949340524625e-10
-1.4606174839482423e-10
1.7692132800378193e-10
2.9097971195153053e-10
8.826879768057946e-12
-7.579137558801938e-11
-8.926571529295005e-11
2.7121746869304516e-11
-4.0758634612169883e-10
5.5005579283116614e-11
-1.8574085254954625e-10
8.195334735272975e-12
-3.0526536759811997e-10
4.706104794692582e-10
-3.5642459769736e-10
2.0156503065496295e-10
-2.35107086856417e-10
9.292952459138516e-11
-6.379233754788161e-12
3.799450597279064e-10
1.1180452268385497e-10
5.34721741732489e-10
-1.531544039860857e-10
2.9930729751658856e-11
1.0064470085545677e-12
-6.446087652677501e-11
3.1416823449886763e-10
2.127879067880714e-10
4.26782911745058e-11
-6.956829572715681e-11
-3.9145500864024945e-11
1.9873183432193787e-10
-1.611716596062193e-10
