[0.0, 31.0]
2.2540184820281546
0.25179876796862866
0.006513578328872136
0.00021316204931111612
-5.0293381130520496e-05
-1.8276644583068893e-05
5.57923736571014e-06
2.434200296391536e-06
-8.467150614552568e-07
-4.5304966919477535e-07
1.2157136410742918e-07
1.0930576074946461e-07
-1.1121511788129025e-08
-2.7578075166639175e-08
-6.729114320959909e-10
6.961593265980085e-09
5.603684185969358e-10
-1.6253039226730187e-09
-3.4558664555300704e-10
6.136946684278135e-11
2.946899475644435e-10
1.500651871626654e-10
1.7404453554062637e-10
3.243621565028911e-10
3.0201058456381995e-10
-3.473295766030396e-11
3.4793938483131033e-11
2.7679988510583887e-10
2.158346794857003e-10
-2.796973580176789e-10
2.353466820260806e-10
3.4905020215396964e-12
4.239875527239066e-11
1.580227780485715e-10
-9.346720617251874e-11
1.745208665527539e-10
1.593162264783072e-10
2.331858593307466e-10
-5.254143825954227e-11
-6.780198233681107e-11
-9.57123927405783e-12
-1.4142761011787468e-10
1.2704893867255772e-10
1.761890491791512e-10
1.1439097296981224e-10
2.572579770192028e-10
-1.2616593803114121e-10
-3.018509227536093e-10
-4.5685164976289425e-10
-5.797613608700045e-10
-1.2205470979315304e-10
-2.2529937965662196e-10
1.1097753992961345e-10
-5.4649408521650604e-11
2.573213148355798e-10
2.7937105320203395e-10
1.624248147718782e-10
1.9403472823586258e-10
-7.537409704261558e-12
-1.531183891021056e-10
2.4602722300646414e-10
2.3796103061496035e-10
-1.8829986936045306e-10
2.9177343207738986e-10
1.6868838805787394e-10
