[0.0, 30.0]
0.8475657176749251
-0.4634089289711573
-0.04547497003771894
-0.00012893354093054276
0.00047466347080791826
1.3375625269351774e-05
-7.912711190682591e-06
4.665648840871849e-06
5.771961395515165e-07
-1.112501941230232e-06
-6.374679708212258e-08
2.587811195239918e-07
2.3494240821790546e-09
-6.10486900944174e-08
3.1869388430073793e-09
1.6342927013313944e-08
-2.0886654223218532e-09
-3.0371648745620147e-09
5.407742624535757e-10
1.6806519659784839e-09
-4.395941995512562e-10
1.6379503393312796e-10
-1.0709079095421085e-10
7.685972386914216e-10
2.962322201245023e-11
2.488129369283942e-10
-1.3564381499336037e-10
8.833753046496906e-11
-2.4490875016593688e-11
1.2098617302024803e-10
-1.711153209449991e-10
1.5413058831018065e-10
-8.104684202392935e-11
2.0473744130198262e-10
-4.846305748669122e-10
1.1897470843892404e-10
-3.438573534328347e-10
4.965471175360323e-10
-2.662248863072121e-10
-3.424088200938199e-11
-3.797203232680666e-10
3.2423506367770666e-10
-5.3128593664618604e-11
-2.3903949346004314e-10
-5.389486612021667e-10
-2.1621602203654416e-11
-2.1869439215722586e-10
1.1223839798841738e-10
-3.9075561996014146e-10
-1.2548274961365254e-10
-4.656194664698109e-10
6.655113215477031e-11
-7.725073046647848e-10
2.226785292088949e-11
-6.398336880563251e-10
3.9774789475569903e-11
-3.7373916333083446e-10
-2.8965262274392747e-10
-2.0216198230475874e-10
-5.573907200936684e-11
-2.0744354272557727e-10
1.8839564140993931e-10
-3.697167773336905e-10
8.644328934931653e-11
-2.828761703176905e-10
