[0.0, 31.0]
0.045074139344681734
-0.31151959260225953
-0.019059401559162005
-0.0007923612216646256
3.035013543626982e-05
5.156837458252018e-06
-4.88118182211517e-06
-6.118477722559783e-08
-4.433648242145215e-07
-1.5101219485402025e-08
1.288487966389173e-07
-3.782522714451869e-08
-4.793292448583133e-09
7.24551175089192e-09
-2.778625344222352e-09
9.201586020931892e-10
4.817389071778766e-10
-3.9512625724093746e-10
-7.546374319147763e-11
1.6505330456888797e-10
-1.9979917495804402e-10
3.123369970638387e-10
3.1073612865632433e-10
2.485312615704283e-10
2.076977291995167e-10
2.6460439472421755e-10
2.4699747882623114e-10
2.9434601509359994e-11
2.3845121582784104e-10
6.723401095220547e-11
2.908855780167636e-10
2.130724300270786e-11
2.7092385483418357e-10
-8.26309212757014e-12
1.6416512118620253e-10
4.29932647143202e-10
-2.2947496134913324e-11
1.9813011309692804e-10
9.596958031600313e-11
2.7903897495826397e-10
-1.6146773539468e-10
3.0675714552666143e-10
-1.245905563144725e-10
4.823070195450205e-10
-1.5405154487425323e-10
1.6514245419664866e-10
-3.427637406897935e-11
2.493414455060997e-10
1.3303485417665251e-10
-3.3510234590938754e-10
3.9613804426020633e-10
-3.01119796690099e-10
1.700806184563323e-10
-1.2988921860543978e-10
1.0994168623850978e-10
8.892856081685231e-11
-2.961940272854494e-11
-3.8451289169368725e-10
-4.341417340173447e-10
4.021830049793095e-10
-2.648833212842384e-10
-9.625580887785517e-11
-2.7832117897618166e-10
2.4069338492981937e-10
-1.4448130331386203e-11
