[0.0, 31.0]
54.079561000645484
10.124619865489313
-0.011140008959264073
-0.001368172592670561
3.9895125685640066e-06
0.00015677914842059375
2.678538389809293e-05
-2.549548560390693e-05
-1.2294174619208968e-05
7.334245437631893e-06
3.894741261887559e-06
-3.1479245344003677e-06
-9.318967480737933e-07
1.3954043099025963e-06
7.273395768794803e-08
-5.627012634974039e-07
9.88848533396788e-08
1.9507407939456162e-07
-8.06483462567857e-08
-5.61763462452046e-08
3.912304952060829e-08
1.3157098603437888e-08
-1.3591265292028534e-08
-2.3798645325485743e-09
4.047885261639386e-09
4.149918335661416e-10
-7.991285795865136e-10
3.59354947783148e-10
1.5399249033716033e-11
5.6763292389262543e-11
3.0897600678985175e-10
2.527898655223332e-10
2.1328066160448193e-10
-9.42354147453455e-11
3.5539512767606807e-10
7.328528017881876e-11
1.0046078273431575e-10
2.725073360599632e-11
-4.3717876066678325e-11
-1.57734584022855e-10
9.68012589839522e-11
-5.222882958610129e-11
4.836526920995772e-12
2.0606168099552518e-10
1.7478582013402894e-10
8.061904909941482e-11
1.5193157102659075e-10
2.0774516312661582e-10
-7.28854192717633e-11
1.3367571708753846e-10
3.7424780954396875e-10
3.4706758452662e-10
1.2068186169069865e-10
1.272874757266789e-10
1.472506756858228e-10
-8.956801015595522e-11
1.5479069649445422e-10
-2.875361051563045e-10
8.767850062276194e-11
-3.6213083576755063e-10
-1.4030016317761901e-10
-4.404723124549704e-10
4.17445204055592e-11
9.775172384022262e-11
-9.157176677849936e-11
