[0.0, 30.0]
1.3169479097529062
-0.07093354022658808
-0.0016654011658171874
7.176646689473227e-05
1.7667644459799825e-05
-9.787927520206705e-06
-3.5417864141486036e-06
3.4178763266793676e-07
6.658515552717395e-07
1.7284264703467424e-07
-1.0921049943884397e-07
-6.539184940695762e-08
8.43219363343072e-09
1.695654373379302e-08
2.9318403345203937e-09
-3.060609082454296e-09
-1.5204224590542937e-09
3.759809812546589e-10
9.85392305483775e-11
2.0901421699519063e-10
-2.9564967368918716e-10
3.254292404567837e-10
1.499101993519405e-10
2.0778222455178007e-11
9.046704480128009e-11
-2.4440071250320726e-10
-1.7032336007848076e-10
9.730701411447016e-11
-1.7258809897269768e-10
2.109531254512255e-10
-9.923973084157536e-11
2.421918119318923e-10
-7.71352505108498e-11
-9.64395406795445e-11
-4.1484369435072154e-10
-6.524880063134797e-11
-1.408425146392877e-10
-4.100159096015387e-11
-5.106693491601322e-11
-1.4754358355675722e-10
2.750287635805299e-10
1.9892971985228325e-10
-3.77446687363429e-11
-2.760694318137491e-10
-3.0243505064759196e-10
1.0107287162005034e-10
-2.329711486369971e-10
1.8902820696720678e-10
3.2818976138589474e-10
-7.33891431968303e-11
1.8848067293996134e-10
-1.6621200017283627e-10
9.18497037908936e-11
-1.6242441019436257e-10
-2.495336380373051e-11
-1.7404553717644544e-10
2.208565123593865e-10
3.904595759383176e-10
-2.9700400775272415e-11
-9.535755738273637e-12
-6.396515244929702e-11
-1.2928458182613316e-10
-1.5200421443286292e-10
-2.3835688419701294e-10
-8.236206906805301e-11
