[0.0, 31.0]
0.08918656265131684
-0.20219887207847895
0.003834248196194306
-9.678272464563128e-05
3.8321879592284426e-05
5.712466432479945e-06
-5.78545755009614e-06
1.3799942121084088e-07
9.246170841236605e-07
-2.628542975615768e-07
-1.619262801657709e-07
9.455369043545542e-08
2.0833065315689447e-08
-2.7226878736686237e-08
-8.801416728589008e-10
7.435888129484943e-09
-2.3592442642851853e-09
-1.043887681869861e-09
-2.7788234239394616e-10
6.940907584017878e-10
-8.218896282268244e-10
3.6192287601118887e-10
-4.3751059549027205e-10
2.9791650340956876e-10
-6.703455703572374e-10
5.804051787474086e-10
-5.382076454648316e-10
9.672370455020472e-10
-4.751848000573821e-10
6.191970169731894e-10
-3.831126822741604e-10
8.358718380898228e-10
-3.839524501481903e-10
5.999134514273824e-10
-5.032877278428418e-10
5.82422891080655e-10
-3.647569256724725e-10
6.052249361656891e-10
-4.571581360744594e-10
3.659820329186242e-10
-6.743877317225425e-10
1.0559095700051224e-10
-8.012254014549554e-10
2.971480957570905e-10
-6.745148453545549e-10
1.7096359613729384e-10
-7.622310819687785e-10
3.398228687017478e-10
-3.64821243936678e-10
2.407611455075963e-10
-4.4045646892658963e-10
-3.963517185204544e-12
-5.43351658231405e-10
3.5621880966901237e-10
-3.906562053960149e-10
9.416314866838928e-11
-6.047530983228454e-11
3.0299079844414834e-10
-2.730920280939167e-10
5.647844985249056e-10
-1.3591878534543093e-10
4.769977176576859e-10
-3.913999989093761e-10
2.1843642251680537e-10
8.048463898100939e-11
