[0.0, 30.0]
348.6297566635759
6.197737593630894
0.3519783854473778
-0.024206895983550556
0.001136778653137637
0.00022183424883799935
-2.3806113089683433e-05
2.8529169072968774e-05
-5.869084916971158e-06
-6.262637901708877e-06
2.647991496707103e-07
-7.306518451972007e-07
5.630683790930424e-07
3.395474714728885e-07
-1.416742801387928e-07
-3.6124419103017614e-08
-1.2517861326829493e-08
4.74001184724417e-09
1.588974137846494e-08
-3.523607736969677e-09
-2.9600382868464307e-09
1.3138017787707544e-09
3.9893772500231023e-10
-2.621047013282792e-10
6.634598730887872e-10
3.4545731977954946e-10
1.903913047115396e-10
1.0157706911422906e-10
-8.184494046941994e-11
8.955411979889198e-11
4.0086589031872476e-10
4.312372694662742e-10
1.902690771964916e-10
4.916056665067531e-10
1.1826942956000998e-10
2.3903945712946744e-10
6.578354895657024e-10
4.574711041222396e-10
4.6323180138160417e-10
2.1133612613319393e-10
3.077626674487225e-10
5.500621783192894e-10
1.6827222701592134e-10
7.808719043912724e-10
-3.002950289035919e-11
4.3455512724904695e-10
-1.4706652482843395e-10
3.895937210637806e-10
4.064060935314835e-10
5.487210464319245e-10
3.2928907564994297e-10
6.746768670544935e-10
-7.708506092056562e-12
4.240943092800042e-10
-1.0181028575122816e-10
3.437034984716569e-10
6.046755145446584e-11
1.588892700304036e-10
-1.680647546847592e-10
1.7724548984133603e-11
-2.5375769290328386e-10
1.0666717552315637e-10
-4.9648189357911544e-11
3.1060794441935837e-10
3.338815865332487e-11
