[0.0, 31.0]
144.5963563791817
9.866876421207683
-0.002098609394765351
0.00018061262960355134
0.00011203377247998015
4.1906982361983495e-05
-4.405955774715726e-05
2.295481227075342e-05
1.2208272044348072e-05
-7.053324806097881e-06
-1.993636352481023e-06
2.9944681597415987e-07
7.712542597303782e-07
9.373257598974462e-07
-5.403869628753822e-07
-9.174662122220634e-07
2.100935571535613e-07
6.592805960138018e-07
1.7535797151126497e-08
-4.1075433613127613e-07
-1.1578612320899683e-07
2.272483911292729e-07
1.3359224608415904e-07
-1.0641254214657988e-07
-1.1407183595529973e-07
3.640580754235751e-08
8.245545451492027e-08
-2.904228501150678e-10
-5.233908554700757e-08
-1.422896140966704e-08
2.918833329547993e-08
1.7057891576124866e-08
-1.3895245406081622e-08
-1.4553488382559453e-08
4.54871311724853e-09
1.0645604988850581e-08
2.995058674491531e-11
-6.945444655919977e-09
-1.4993892968198439e-09
3.5781738532656117e-09
2.2793952309497997e-09
-1.96298651053467e-09
-1.6140948789275893e-09
3.86178292236713e-10
1.35982365074428e-09
1.1295608049961234e-10
-6.822104228939445e-10
-3.9360824470468513e-10
7.014651222216965e-10
1.5803061139164137e-10
2.418676600217303e-10
-5.175255626116982e-10
4.935877679679262e-10
6.893351811614023e-11
-4.900397304576736e-11
7.559053665183831e-11
1.7346054496053378e-10
-7.28058655687483e-11
3.4799390597505593e-10
-3.6584797993829076e-10
1.5446449081935362e-10
1.1811348508120885e-10
3.2509087515645825e-10
-2.494606296564377e-11
-1.680687703948355e-10
