[0.0, 31.0]
224.69125800160435
10.218707621333827
0.015768106781544642
-0.0006695151583598056
-0.00010768349499548294
9.606482065462255e-05
7.361796733986184e-05
7.218785121234378e-06
-2.5561515774134737e-05
-1.0019930754865526e-05
3.580275426833418e-06
4.692659954074916e-06
7.478217853297901e-07
-1.3870847612809199e-06
-7.035677270119324e-07
2.3616923797934554e-07
3.2104251768908935e-07
4.7370595869544933e-08
-7.738003918343166e-08
-2.9770201080432263e-08
2.8161816940692572e-08
3.231507867526033e-08
1.4170396724160703e-08
7.168062102245805e-09
9.946499395967315e-09
1.399947225596677e-08
1.356152178827031e-08
1.258257236438759e-08
1.1938667985991316e-08
1.1953179224242393e-08
1.2151803282112238e-08
1.1918913173726818e-08
1.160795248650966e-08
1.206552593571651e-08
1.158206716036481e-08
1.1401942684196915e-08
1.1107466195723977e-08
1.0983531476107014e-08
1.09558231972683e-08
1.0662175827124635e-08
1.0482897456096018e-08
1.0292426193426441e-08
1.0479081543264144e-08
1.0150947673583174e-08
9.777864923943697e-09
9.692505077936718e-09
9.685237372422445e-09
9.215281354514048e-09
8.727471606986424e-09
9.160427382824765e-09
8.411928098919905e-09
8.631544981405926e-09
7.833473625344487e-09
8.02544103811883e-09
7.343108418332511e-09
6.89220062878483e-09
6.9983142172376616e-09
5.8266462602295685e-09
6.0440514146434924e-09
5.434595141570609e-09
5.662194065000786e-09
4.645420114454154e-09
4.635333161155881e-09
2.9704590152942674e-09
2.892174355683565e-09
