[0.0, 30.0]
247.397731570922
9.968696740496911
0.13215293251157376
-0.005236647658195816
-0.00014489983998315962
0.00012554393828756444
3.888575286213261e-05
-6.969885219541987e-06
-6.270889607767455e-06
2.874659212041441e-06
8.162813737771365e-07
-1.8191755765335475e-06
7.864679321134047e-08
5.719492750890803e-07
-1.328824007783639e-07
-1.1578134079093058e-07
7.308528880113305e-08
1.3965045041554635e-08
-2.8519717472627426e-08
2.184075648835342e-09
9.000626629412998e-09
-1.9370672964373718e-09
-2.229260048379674e-09
1.2358440050717899e-09
4.4553841741246674e-10
-2.28331090007782e-10
-3.077491450533731e-10
1.9726749998275715e-10
-3.875374808513993e-10
-1.3840682646651648e-10
-1.0814907203896902e-10
2.210688866399692e-10
-1.8985514363046636e-10
1.7910552227505157e-10
-2.1475874460366105e-10
4.734536103477816e-10
1.7020581807517069e-10
5.394191012269375e-10
3.4082018781138157e-10
1.2172730791062593e-10
-3.1318509783849383e-11
1.6877329106052935e-10
-2.0358970907879068e-10
2.377182246125538e-10
-2.895462395101456e-10
7.376048480796808e-11
-3.7675863888572655e-10
1.1423423319401892e-10
-2.0766239160676161e-10
-1.7221519701237009e-10
-3.899366477681525e-11
-1.6819488049867246e-10
-2.7750467219791137e-10
-1.1637411719161029e-10
6.889671201265552e-11
-2.7655774179044814e-10
2.620350407986528e-10
-2.020993510537107e-11
-5.6052269079149495e-11
-2.490378036623197e-10
1.9319809558764649e-10
1.9625179430043123e-10
-2.347219534917396e-10
-1.3412909331377245e-10
5.758659648877544e-12
