[0.0, 31.0]
23.7374681357785
9.698793554986858
-0.18490195655971917
-0.011825752600967963
-0.00016090403090325613
0.00019690118642481057
2.591416123968999e-05
-3.877372038626367e-06
-1.623378638424139e-05
-2.0136358888500484e-07
2.8810521484799174e-07
-1.3814343090668044e-07
9.060265697343782e-07
-3.31727427967767e-07
-1.1844326360378723e-07
1.485297932160931e-07
-6.007010927466307e-08
-3.810861401199258e-10
2.2674955446616043e-08
-1.8845954732616353e-08
2.097338163566885e-09
8.762948051833417e-09
-4.245704433230728e-09
-1.9132125929322047e-09
2.00454700738927e-09
6.499365087709188e-10
-4.1644501407677676e-10
-4.868220332912778e-11
1.2102008773723386e-10
-5.0402949787847197e-11
5.019672834128085e-12
4.180259184365489e-11
1.3187720141336166e-10
3.889604988458224e-11
2.800732233976166e-11
-2.94775654409906e-10
3.460049863288923e-10
1.6657428582725934e-10
2.995052685315773e-11
9.522969874343054e-11
-5.004496936359428e-11
-1.8840683177563458e-10
-2.581547135866222e-10
-1.1880771752588785e-10
-4.008192466668715e-11
1.9621127595138675e-10
1.6343392863273608e-10
-8.946770327136006e-11
-4.193032142814314e-13
-3.191948129386142e-11
-1.3052525447792955e-10
-1.47984994016724e-10
1.0336767199657004e-10
-1.6685866925617908e-10
6.074413668382535e-11
-8.002612216171826e-12
3.2007937193245224e-10
2.27328395643288e-10
3.079344065085292e-10
3.084845846659645e-10
1.2978963622741412e-10
1.5506320525193578e-10
-1.0182140073273743e-10
2.5298532699278266e-10
-1.2196822700722368e-10
