[0.0, 31.0]
22.554151170597585
11.70594868157975
-0.048771734888741945
-0.0018013503367400518
0.00020046893478925108
9.659201542237122e-05
3.0526730039385076e-05
-1.5330047746991274e-05
-1.1052831294685016e-05
1.86920252104737e-06
-1.5298241009104784e-06
-1.9195259921118228e-07
5.810197155828131e-07
8.406541540727881e-08
9.950498335207624e-08
-2.7970302100287996e-09
-2.9167549299558183e-08
-8.005351070945434e-09
-1.199725604735648e-08
-3.2249612934692238e-09
3.6186811094967213e-09
4.690765518532944e-09
8.19849765314909e-10
-2.4732764113643983e-09
-1.3470274185641223e-09
6.529092466055698e-10
1.4527434305870944e-10
-4.547151732734955e-11
-3.106090402714581e-10
3.328905916905284e-10
-3.263440270147361e-10
2.351422791914927e-10
-4.235061368403366e-10
3.3340205182182977e-10
-5.526294008083032e-10
6.677272051356699e-10
-6.769851417535142e-10
8.077110353871482e-10
-4.5813832675750477e-10
5.362444578534151e-10
-4.859211717921245e-10
4.380941997341976e-12
-3.2847098886000886e-10
-3.396235442880877e-11
-1.2402943524198564e-10
9.344520632319617e-11
-5.824043556019312e-10
-1.535453383012026e-10
-2.765311356812401e-10
2.8152186321490847e-10
-4.020708547173113e-10
-4.536949215607302e-10
-4.2335657473790857e-10
-1.4082400772814404e-10
-2.105187829905442e-10
-2.548748402410397e-10
-1.3064473138844983e-10
-8.24954377726641e-11
-2.9919691925251627e-10
-1.159520975152948e-11
-1.9496030621047024e-10
-4.265988166853659e-10
-3.0581667349660436e-10
5.106405251167057e-12
7.959832604275696e-11
