[0.0, 31.0]
24.446708088214987
4.621863574956785
0.4869853888597607
-0.030516910988052794
3.0091676990014677e-05
0.0002983803897208622
-1.585377223925715e-07
-3.4144515866358125e-05
2.8092881858468286e-05
4.3950127373663745e-07
-5.248244347687596e-06
2.4283338930199846e-06
-6.364239882116134e-08
-9.42028069822649e-07
3.3694809436693264e-07
1.5582065300049016e-07
-1.4555709143399403e-07
1.83216311534806e-08
4.2387714490348786e-08
-2.190695972891163e-08
-8.70964968285469e-09
9.393223117549909e-09
4.140949284847292e-10
-2.471876119293567e-09
3.4382468662966336e-10
9.320945727181346e-10
-1.5247540393159478e-10
8.363286523660693e-11
2.2151721808626174e-10
3.605115102788723e-10
2.4358569054295765e-10
2.8869274366193355e-10
5.75510125225401e-10
2.492555466819078e-10
6.66556977343624e-10
2.2066527122994692e-10
2.1846653209477674e-10
1.7969320949315948e-10
2.8598710275490556e-10
-3.6221869262843807e-10
-1.7111256020975015e-10
3.067278900788585e-11
2.709805848361639e-10
-3.4458591693911324e-10
2.623107626277276e-10
1.5824954137840376e-10
-2.470419520725756e-10
-1.092968660042716e-10
-5.515905246902112e-10
2.7614248985020434e-11
-1.552476761197699e-10
-3.7519470557122106e-11
-3.7337942587011504e-10
-3.593677297708051e-11
-3.469168320805292e-10
5.7123929907965765e-11
1.1122256430738899e-10
3.803939525489364e-10
-2.1709977207682164e-11
1.5413400845123675e-10
2.669932194895885e-10
-6.898631621732999e-11
1.1282168228787195e-10
-2.981526999395628e-10
4.5148573235372263e-11
