[0.0, 30.0]
215.04232398949247
10.026231941578835
0.0709926839003927
-0.001031920376805784
5.612085751010676e-06
9.264318813751781e-05
5.460791248099368e-05
2.1120995427471723e-06
-1.4416419547537733e-05
-6.024572763926246e-06
-8.019018374176931e-07
1.2403946749032346e-06
1.0519204516727146e-06
2.721133387927812e-07
-1.3725883114607964e-07
-1.466953978152846e-07
-5.4532101497459006e-08
2.6514063116198955e-09
2.080935208277567e-08
1.374960529947654e-08
1.60727875900797e-09
-6.1009398572899115e-09
-3.3348104749158874e-09
1.1995372244536746e-09
1.3200531313875685e-09
-1.0472460350461743e-10
-8.177414514459019e-10
-6.784443611730715e-11
-7.56758118744667e-10
-2.3296632074800306e-10
-1.0089776951380634e-09
-6.022263183262129e-10
-6.338123106162629e-10
-2.3459143988460036e-10
-7.422741780306381e-10
-4.323091586119059e-12
-6.890499962727699e-10
1.2929633206053337e-10
-7.317244052386296e-10
-8.733635433105515e-11
-1.0003730391450756e-09
-8.632436097570763e-11
-8.190432341627405e-10
-1.8721421877229267e-10
-5.879467894483147e-10
-2.898669174748058e-10
-4.5030872640752353e-10
-1.8330767078859108e-10
-3.3617599625873564e-10
-1.1144285740116779e-10
-3.87585022214242e-10
2.99416118530125e-10
-4.1430725520052705e-10
1.4104105743448413e-10
-5.075877168910822e-11
2.6529041149503185e-10
-3.387794772547248e-11
1.8497590318667252e-10
-8.616312319433468e-11
1.4312642625784863e-10
-1.6974718673544866e-10
3.453575176694552e-10
-2.7883889402008316e-10
1.2472727846146926e-10
-1.7124866828638377e-10
