[0.0, 31.0]
279.7909628424114
11.660693290228087
0.03932630348604051
-0.0007368072627481739
0.00021705049469443927
-7.213368570124615e-05
1.69802559340529e-05
2.1937978658668922e-05
-2.2241203442031687e-05
6.2757357806662e-07
6.6465375038411325e-06
-3.1320180825188204e-06
-6.028613185353896e-07
1.2952269596717433e-06
-4.5423199150474993e-07
-2.3249884577504538e-07
2.670575508810905e-07
-3.4532052687190397e-08
-7.209974643766445e-08
4.146137494284862e-08
6.4425910952340555e-09
-1.690580185954442e-08
3.64598189794643e-09
5.065304510224171e-09
-2.0139977124530573e-09
-1.160827573726423e-09
6.582235791185687e-10
3.080468607203924e-10
-1.9441618449380264e-10
-1.1522868960968457e-10
-2.1285227513785308e-10
3.1860865559881513e-10
-2.5865678118177194e-10
2.018738919157699e-10
4.61458344444425e-11
1.4849718401061943e-10
8.130590577880707e-11
1.0269438733493588e-10
-5.2942752489053973e-11
8.761346603085189e-11
1.1818395559981587e-11
1.4163266950785363e-10
4.391799309851105e-11
8.371755729241142e-10
9.191777928352317e-11
4.852377047175718e-10
-6.626697322812683e-11
3.9650530098377786e-10
-2.5909542743148304e-10
1.9161305713850558e-10
-1.3466271677778906e-10
2.6264382047833652e-11
1.865594902908906e-10
1.1479253279681207e-10
-1.1177773063628069e-10
3.1717047494005303e-10
9.636396251553568e-11
-1.4270714239717683e-10
1.6547729413484492e-10
-2.653819281147329e-10
9.916627387629771e-11
1.2005539673879668e-10
8.871651690730909e-11
-5.7559581291810466e-11
1.766715062629958e-10
