[0.0, 31.0]
43.904076768651265
11.436888573071295
-0.05207101277282176
-0.0007060106962183394
-0.0002008242749532029
5.937479628989283e-07
6.645036712779642e-06
2.7256605671380238e-05
8.011013785777826e-06
-4.4716876568328265e-06
-2.346723907452099e-06
-1.128792322861352e-06
2.8057621703684104e-07
6.17032659151078e-07
9.18455528565956e-08
-1.0597826175613707e-07
-6.777559372643907e-08
-8.943389383234306e-09
1.9197681012634524e-08
1.2720308556442676e-08
-1.919159883694596e-09
-4.3239299132189016e-09
-1.1463361536283783e-09
1.5981916663198766e-09
4.5279540735543136e-10
3.316865104783976e-10
-6.832150441634115e-10
3.9467495553847746e-10
-2.1076070535640278e-10
4.3580256187598386e-10
-1.834267306986845e-10
3.6414423337356397e-10
-7.79472068860709e-11
-2.0216044434572546e-10
1.8249241559613597e-10
4.5723327346133604e-11
-9.951616882956184e-11
-2.710348209200118e-10
-2.043081586534243e-10
-1.5888168366686571e-10
3.175446120097422e-10
-2.0480683860625363e-10
1.8531116179610429e-10
-1.599691668637816e-10
5.220710544886996e-10
2.1625517720326266e-10
5.597557835163143e-10
-4.3681921732736645e-10
5.068292407030322e-10
-1.495883480577771e-10
3.7999475000535166e-10
-1.0874324492350607e-10
2.1793772555504615e-10
-1.2706899171765355e-10
-8.863889181004097e-11
9.220806127240849e-11
-9.719618347424998e-11
-2.338650757932651e-10
-2.1971104951272202e-10
-2.7144047491086515e-11
6.430772923866484e-11
2.759647409397281e-10
5.0429982022218423e-11
3.367520559473879e-11
5.353443340937724e-11
