[0.0, 30.0]
-1.2016631893787233
-0.3734711855467081
-0.010877296498690056
-2.3029220449537046e-05
-3.132326586956007e-05
-9.6746795412536e-06
5.506756861952245e-06
1.9680940457562265e-06
-5.850834918628555e-07
-4.5902658896684815e-07
2.7615565193719765e-08
1.0858481785012034e-07
1.6163908124800573e-08
-2.3346992290907832e-08
-8.284631451869971e-09
4.602494480067307e-09
2.9220748475334007e-09
-4.832921373369672e-11
-6.585622466290951e-10
8.336755429043167e-10
2.7963051142173244e-10
2.755132998748445e-10
-2.9914513133898126e-10
2.5297532858458175e-10
-1.5476067334275018e-10
3.2201857190476413e-10
-3.727844067332177e-10
4.125512052563072e-10
-7.979022429177875e-11
1.81629879592007e-10
2.520957454454847e-10
-1.6120694360814854e-10
1.969871268642804e-10
1.439399455884612e-10
2.36131488869915e-10
-3.8677628976658886e-10
2.8908408420046826e-10
-1.9960585191196064e-10
1.673400128227403e-10
-1.516705732674249e-10
4.508380612907499e-10
-1.462962866371576e-10
2.1437062193947988e-11
-4.694490434253837e-11
-1.2728519670571767e-10
-1.3479200496452888e-11
2.7047859223173373e-11
1.3949192269860297e-10
2.742378942463375e-10
-5.852189248042397e-11
1.6618658340560416e-10
-2.545010174660653e-11
5.5153070213648034e-11
-2.655643273797865e-10
4.81663034921077e-12
-3.0692905785594526e-10
-1.2724730609569103e-10
-7.941094745264608e-11
3.7046484561451517e-10
1.508675815794291e-10
-3.6814032804374774e-10
2.747126567725848e-10
1.0786191455147906e-10
1.671627246847514e-10
-3.9179307214184794e-10
