[0.0, 31.0]
136.18692109988106
9.921997680195958
-0.015703550502676952
0.0004567437780262806
0.00023832116754506923
3.46390279768627e-06
-5.680831928363352e-06
1.1812330901029882e-05
-1.3153534226502531e-05
-1.7463930525719123e-06
5.8343780224301e-06
-1.2418329417487156e-06
-1.6312597577479902e-06
1.0230509798198751e-06
2.071732941124411e-07
-4.6283379372165896e-07
8.910276682579422e-08
1.4440190289639299e-07
-8.033617491823785e-08
-2.85872830820867e-08
3.7119492648815546e-08
1.1735759695190783e-09
-1.2382272967933613e-08
1.2181493714215492e-09
3.452244142977293e-09
-4.1833554106191215e-10
-6.415946656032902e-10
4.291208259905691e-10
6.167850735975046e-10
1.2231025136052182e-11
6.04705277830341e-11
3.752802861286265e-10
-2.425058460935668e-10
8.4262824165145e-11
-9.087615833098172e-11
2.154564882220563e-10
1.9908774930056569e-10
6.801594709449835e-10
-1.8452245154751454e-10
3.856598468640577e-10
-4.73352235818683e-11
3.1900904852813785e-10
-1.5289756579115844e-10
-1.4813669934172483e-11
-1.7690328542076548e-10
2.219386907605227e-11
-1.1647021726616948e-10
-2.4752636432029055e-10
-2.268196861723737e-10
-3.33233877084934e-10
1.9888089542257374e-10
1.1982800446478294e-10
-6.840293959898177e-11
-8.109795865064008e-11
6.393044270207193e-11
9.275885321001952e-11
4.627295969300012e-10
2.8511479411468913e-10
2.1472782051986358e-10
2.3217847773445536e-10
9.384100109918116e-11
1.4283052085360614e-10
2.757169753337805e-10
4.1082278471163856e-10
9.096451483486452e-11
