[0.0, 31.0]
3.9405710302209127
0.016552065388800063
-0.09005037163401253
0.005391538529592634
0.0009315090545395662
-0.000150922300319865
-4.820022254506581e-07
3.5876390734494775e-06
-1.0459812356368341e-06
-1.0471696156931755e-07
1.786651100191235e-07
-1.5606077609074227e-08
-3.3417507975102853e-08
1.0032065693568958e-08
6.2029351455651135e-09
-3.4898051222096663e-09
-1.5546296443107795e-09
6.485959519834718e-10
4.2869483956280764e-10
-6.002917370500277e-10
3.400532880671481e-11
-3.4012424135542687e-10
2.6546744961121304e-10
-5.510580170510717e-10
3.4221264310438053e-10
-2.9124862392635687e-10
5.036108003012019e-10
-1.0585640395269406e-10
2.601663763248257e-10
-3.9291622128522845e-10
1.2370625832840797e-10
-1.368246059813306e-10
2.2071200835640232e-10
-1.0134604460230405e-10
2.0922868468065374e-10
-2.2260756254566564e-10
7.424848076950726e-11
1.0963503953923884e-10
2.9954239009780714e-11
-2.4684030303058942e-11
-5.509783592149632e-10
-1.932206891969882e-10
7.663124123990438e-12
1.068865641332128e-10
-2.3518586308755106e-10
-3.751947307432827e-11
1.849185626862506e-10
2.2213379453617446e-10
3.0895780862231234e-10
5.159565565043371e-10
1.3170935600945805e-10
1.3200168403767973e-10
-1.9899916904271094e-10
-1.9134117974347144e-11
1.7525915619357138e-10
-1.8189788264864112e-12
-9.407830960115735e-11
-1.288472922680362e-11
-7.557301780379917e-11
-2.101833482533836e-11
-1.6201741755481948e-10
-3.966450036344494e-10
6.782294660182597e-12
-2.926464198152458e-10
-2.0619218076386856e-11
