[0.0, 30.0]
-0.37729719288917224
0.16590954704845784
0.0031975083496925258
-4.887869984362964e-05
6.674458499377547e-06
-1.143136525381107e-05
-4.2183105937566e-07
1.5829584046171933e-06
-6.931967267223046e-08
-2.168085540379193e-07
4.635719310982765e-08
2.494705193717652e-08
-1.569903057850158e-08
-9.059247031615947e-10
3.796485857340707e-09
-5.800650898481946e-10
-5.227014546043959e-10
4.1800651171534765e-10
-1.6104534178218736e-10
9.45047350804991e-11
-8.506619155419275e-12
3.7842214406937164e-11
-1.0294812442822053e-11
-1.7735906269646988e-10
3.446630991284949e-11
-9.940332431466396e-12
-6.997151193573904e-11
-2.035329919227119e-10
7.257608633828091e-11
-1.3772471534118985e-10
-3.990172181573039e-11
5.494349849840196e-11
1.8497461316475485e-11
3.505116082031573e-10
2.898310777870988e-10
4.1462995224542683e-10
2.355575274823613e-11
6.135550659460963e-12
2.6852132639369844e-10
-3.4943900104748414e-11
2.10108296070188e-10
-6.468323319043449e-11
6.852797503163695e-11
-2.1371064213091777e-10
-1.440721543186589e-10
1.4007646708082277e-11
3.916312120702741e-11
-8.832102639888076e-11
2.3263893320323461e-10
4.90020008284237e-11
-4.663140759338946e-11
-6.813754689696072e-11
-2.596539859151883e-10
2.7523845216562336e-10
-1.8416678322054895e-10
-8.442532030413998e-11
-6.843056965704291e-12
7.165501522807842e-11
2.5713187242567835e-11
-1.7333519319950601e-10
-1.803791451658444e-10
-3.2185810231233615e-11
4.78515626685993e-11
-1.33434795483597e-10
1.6676108292889738e-10
