[0.0, 31.0]
329.1485226445711
10.28136365649008
-0.057302041693822706
-0.004014548984522835
0.00010624146740654296
-0.0001513324090734949
-7.959709621658951e-05
-1.9924932940855054e-05
8.955179418453439e-06
7.667731450303131e-06
2.7558460397222415e-06
-1.8998005296786123e-07
-1.1787741853652284e-06
-5.378920204679894e-07
1.9567987725957587e-08
1.5192293668056298e-07
9.078962901173352e-08
1.5378901098983995e-08
-2.0768470875641682e-08
-2.4856477414513004e-08
-5.684891512083358e-09
9.848264138707051e-09
5.649361783143003e-09
-2.5059637621949938e-09
-2.454118628719921e-09
4.6375438607193417e-10
1.967735078653745e-10
-2.0005390891771846e-10
-2.516737329348112e-10
1.2268704168834417e-10
3.1455346101836695e-11
8.202373437864246e-11
1.8881443692598824e-10
1.8069181928474405e-10
1.4414235334390948e-10
2.217249118608916e-10
1.8918856657514225e-10
1.7454707610074295e-10
-1.6077283002530785e-10
-5.7307657057142953e-11
-5.030816267360198e-10
8.014290552040769e-10
-2.461001144690022e-10
2.7270969990822864e-10
-3.234767818979449e-10
-1.2063051463019324e-10
2.2999768779975783e-11
4.809547661883185e-10
1.5480355057205116e-11
2.413651562613064e-12
-1.2555946263725763e-10
8.137218236127734e-11
-3.2690164196478494e-10
1.732771408721763e-13
9.434498307542465e-11
2.498620188829806e-10
-1.9467485502623933e-10
-1.1035960448786965e-11
-2.8862777097706223e-10
-1.1612068839695393e-10
2.55655707659342e-11
4.256755700949803e-10
1.6554289421159327e-10
-3.069051204646507e-10
1.1880146138888232e-10
