[0.0, 28.0]
318.17153821325996
11.026622989186189
0.005574222542199927
-0.000998036396969783
9.430675018916086e-05
-2.783052697445171e-05
-3.1855799471579405e-05
-4.7645074015214885e-06
8.728927184273596e-06
-1.945590816167859e-06
-1.066899059238843e-06
7.509417939595184e-07
-1.341033027991563e-07
1.3434234559625162e-08
4.073810843386254e-08
-4.227981061469218e-08
8.419884439616584e-09
8.13698172278984e-09
-1.321543326571856e-09
8.105719877541881e-10
-2.027012952224606e-09
-3.508433804165515e-10
1.6464122844288902e-09
1.5065868510660632e-10
-1.6517335722053677e-10
-1.7315515101051981e-12
4.3652987591703373e-10
-7.975896495269558e-11
2.1116756906718673e-10
1.397366840350377e-10
1.7560073860666723e-10
4.161323848091355e-10
7.736224828016256e-11
1.4243618658572342e-10
1.823484578187723e-10
5.101235590056844e-10
-1.258515486005258e-10
3.519838169331906e-10
-2.1343192902404255e-10
4.295211186106176e-10
2.5658832816664573e-10
-8.309088629192804e-11
1.4489840502675693e-10
1.37397264940583e-10
3.0216371985934016e-10
3.131628153117244e-10
2.169268384202354e-10
8.358188116746516e-11
3.876423589238092e-10
-1.3309522424354815e-10
4.166984558766079e-10
2.394555480354454e-10
-7.745000796488394e-11
8.310698242080341e-11
1.4952161277583412e-10
1.403885294548646e-10
-1.801417575371381e-10
1.756521574859305e-10
-1.723506205820315e-11
1.802810049730337e-10
-1.7724885267280252e-10
3.6649579119206325e-10
-2.84691371464483e-10
1.672207621502747e-10
8.975101273006524e-11
