[0.0, 31.0]
1.0379096744053884
-0.07830470069943798
-0.0020627901111346793
-5.581433911508302e-05
6.351087375436731e-07
1.2042757850343094e-05
6.155892906079396e-07
-1.5759947001951154e-06
-3.7548189603066097e-07
2.4292444497129097e-07
1.0767617717875631e-07
-4.5421440683788167e-08
-2.7704955793047677e-08
8.541136001269868e-09
7.038574439733011e-09
-1.2474361641270053e-09
-1.8308286437882534e-09
-9.255422399156606e-11
4.439260523081079e-10
-6.979616725313632e-11
-3.71903489719556e-10
2.3569116695862634e-10
-2.244970905186467e-11
-1.260360509407002e-11
3.1003900884177724e-11
1.6477567504287235e-10
-1.3030577654994447e-10
2.970892041196073e-10
1.2288627141970152e-10
-1.615894834460597e-10
2.637505741891649e-10
-1.1089230293046336e-10
-3.792056193780151e-11
2.93580268615546e-10
-7.443555435108928e-11
3.5679627952697417e-11
7.216272148289677e-11
-2.969614163688816e-11
-2.898315741657078e-11
2.87807585688455e-10
5.0086513951475726e-11
2.11536386230489e-10
1.8064290772897084e-10
-1.672641015832309e-11
1.2459064142593146e-10
4.411683639032032e-10
-2.352176364188558e-10
3.9878057868735773e-10
-1.8493355617465047e-11
1.1213449266415518e-12
3.337211827297969e-11
1.8259704458409614e-10
8.84587428148515e-12
1.3117807844053832e-10
-8.92382548704625e-12
-5.005942561880091e-11
2.0180120271544151e-10
-1.983599620151042e-11
-9.576971407307668e-11
1.9505671069673697e-10
-4.3486306779717146e-10
1.132596783288041e-10
-8.794067712374074e-11
2.338375871616e-11
3.1570367102488553e-10
