[0.0, 30.0]
0.8087626593852766
-0.1021631032919335
-0.001815083436716317
1.1981400838884767e-05
-1.533954019185012e-05
-5.409330803911687e-06
2.64486564341079e-06
4.6584178823482027e-07
-3.539078817951213e-07
2.913749441284162e-09
4.107873164222335e-08
-5.459405320615084e-09
9.231614111382624e-10
5.704221002831428e-10
-1.201431787532504e-09
-5.041316152584351e-11
3.673104594985086e-10
1.1604427461562067e-10
-3.89821273522113e-10
4.51855132120568e-10
-2.3281895827689647e-10
5.280241000291294e-10
-6.128385217784889e-10
4.116864615319238e-11
-4.756460562711127e-10
2.2194667555059131e-10
-4.5503019891693633e-10
-5.748517124145289e-11
-1.7170540067018835e-10
-2.2982664973313637e-10
1.7689543035282414e-10
-3.4980253613920833e-10
4.3863417430794615e-11
-4.1254779711951894e-10
3.069208439122688e-11
-5.882886628678957e-10
-3.248913784990378e-11
-3.205955738887988e-10
-1.6242991482042794e-10
6.778617185999003e-11
-1.7569832782604298e-10
2.178976225217898e-10
-4.941964154310387e-10
4.861863368894355e-10
-7.045319741305901e-10
3.60095286261901e-10
-3.481702730542682e-10
3.8913419657543574e-10
1.0100283969726451e-11
2.9620381346433475e-10
2.056736471685223e-10
-9.207781383745424e-11
4.926691522676144e-10
-4.0388368346241556e-10
4.1977373694743667e-10
-4.059146154206116e-10
1.268839616718808e-10
-1.9582574471586693e-10
4.251138088211745e-10
-1.4928637330159085e-10
-1.9816942250191392e-11
-2.2438025737432644e-10
-2.1245427498603098e-10
4.82520481285901e-11
-5.392571313178216e-10
