[0.0, 28.0]
1.4561017214380352
0.14008515945577207
0.005817226799070315
-0.0003192396783936968
2.1757189039884114e-05
4.285383025339917e-05
-2.9162919016097397e-05
-1.119268938002996e-05
8.2908268703457e-06
-1.7050055501097194e-06
-4.445220194699648e-07
6.534950710820671e-07
-3.459430661213941e-07
9.263234705971714e-08
6.083697489909804e-08
-5.7679492358698066e-08
1.7147795006865764e-08
2.966305632047221e-09
-3.7058445468003648e-09
2.5022025662701996e-09
-1.7962683048618603e-09
-2.1356846644844934e-09
1.7040093250342101e-09
-2.9203370414930625e-10
-1.5139398418359194e-10
-4.6258419170926417e-10
6.966684413678594e-10
-2.445834039452586e-10
7.563357440732958e-10
-3.182197345765633e-10
6.260196478655721e-10
-4.808104513463115e-10
2.4025011086650886e-10
-8.034047738079165e-10
2.4179896496127143e-10
-5.48873994016239e-10
2.357319500491471e-10
-7.213049904913861e-10
4.2975667343991337e-10
-7.766964951981265e-10
5.512164318179092e-10
-5.097812918773748e-10
6.91737406764207e-10
-7.822978733963374e-10
9.438738811066695e-10
-5.546876886352346e-10
8.04926931593166e-10
-1.0273752048577173e-09
5.590519942705229e-10
-8.535723854041043e-10
6.623238705095488e-10
-9.154150164613527e-10
1.8169656531690114e-10
-5.589931409949573e-10
1.2909860500190155e-10
-2.508227938940467e-10
5.532305010688577e-10
-4.247537978497621e-10
4.399686347046578e-10
-3.7215709430212387e-10
2.627489596371584e-10
-5.205379088040189e-10
-1.6010280101621385e-10
-2.2120351553826117e-10
3.85890673703425e-10
