[0.0, 28.0]
17.346843648983175
0.09876958840174195
0.006958665886771931
-0.00023889887786969233
-3.2468551703170787e-05
-3.6224474148539175e-05
2.0259119808872967e-05
1.28708974441608e-05
-3.0213337337323685e-06
4.297945478870421e-08
-1.1120370742633031e-07
-7.426905526637547e-07
-5.4119635241855366e-08
1.2792228601473086e-07
3.015852229602518e-08
6.320153493459537e-09
5.2596646791524995e-09
-4.0763001684019555e-09
-3.427198340381903e-09
-4.134421739529251e-10
7.636437987276406e-10
-2.423284993778084e-10
6.225757015150985e-10
-3.7210565807703537e-10
6.947236126980109e-10
-3.1430243080163025e-10
4.4871310261922595e-10
-2.0931939786765235e-10
2.1417718368931262e-10
-5.793980406307495e-10
6.211558746083172e-10
-4.5894323862021577e-10
6.797678090704758e-10
-7.785540734248103e-10
7.048973853993226e-10
-4.074931060319378e-10
7.155572192573893e-10
-3.800921647708262e-10
3.687899006475461e-10
-6.823776445748645e-10
7.087922432088625e-10
-5.16939060042998e-10
3.477355082961995e-10
-5.885519657907482e-10
5.86477503455659e-10
-6.190221699238477e-10
3.846601393592234e-10
-4.300579559120845e-10
4.4005180679443736e-10
-7.680042004800382e-10
4.977993165960524e-10
-5.173379940214334e-10
2.2981698658142064e-10
-4.4299869362625183e-10
1.2834267703998649e-10
-4.0727636772756733e-10
4.4536200660280346e-10
-6.259044791764185e-10
6.202264655525675e-11
3.665348440528264e-11
-1.9676473984916565e-11
-8.093089541756763e-11
-1.37738580195919e-10
9.366054160163764e-11
-4.1489039100662405e-11
