[0.0, 31.0]
20.376932946929163
0.1538855138393401
0.004487058901626332
-0.000423618297560415
-2.0272001768652297e-05
-4.9866539777555545e-05
2.828918846483313e-05
2.9530611393785656e-05
-3.5717247605803464e-06
-5.2402309169105496e-06
-2.5928883097948303e-06
-3.260737860766309e-07
4.46648060677792e-07
2.5248499350421505e-07
1.937057244237509e-07
1.5741849918461043e-08
-5.232202714807169e-08
-3.0346428124099806e-08
-7.660113025138196e-09
3.1240014250110516e-09
3.900276813283154e-09
1.4486581156206158e-09
6.744829986533685e-10
-6.03464018801475e-10
-4.6152165854105826e-10
-5.992309729374573e-10
2.904545357942283e-10
-1.585665254946553e-10
3.138939318662482e-10
-1.557008946739485e-10
7.357134161193442e-11
-6.013987164448358e-11
-9.969219513592029e-11
1.9424420344917383e-10
3.0527363372486596e-10
-4.245194326012361e-10
-1.7947034046403045e-10
-3.9177896812029666e-10
-4.916831189765052e-11
1.8577953980125703e-11
-2.495700264667478e-10
-3.28393990103553e-10
3.2337276758289256e-10
1.609433526648664e-10
-1.2632635832768935e-10
2.0429104216723976e-10
1.6898412295162845e-10
1.8586318710565638e-10
1.315541086978425e-10
-1.2861080371303332e-10
1.8558843216658774e-11
-4.3023459055282526e-11
-1.5500963033298913e-10
-1.7676131223817508e-10
1.2121313260406657e-10
-2.6291230816057125e-10
1.387348566963547e-10
-3.3765786382949673e-10
-5.3926447299369316e-11
1.3471571684747493e-10
-2.0428769022483685e-11
-5.461640377846785e-11
-1.369034954342545e-10
1.2266614875726904e-10
-2.772102744670097e-10
