[0.0, 28.0]
22.201985853552177
0.08759002771330629
0.007434439214247581
-0.00021181151278896695
-1.0391930359349955e-05
3.4213155959668e-05
-7.1624579559856665e-06
-2.0046792537815632e-05
-5.49283480307643e-07
6.618351952198461e-06
2.150588679155502e-06
-1.5589853134924628e-06
-1.2273399818161279e-06
1.6972251831242883e-07
4.630421235071411e-07
7.664207965840056e-08
-1.292954690397137e-07
-6.183206585905898e-08
2.4252448602488972e-08
2.737972128047436e-08
2.7122076484504913e-10
-8.369392297193194e-09
-2.5811388873094725e-09
2.1668750900292736e-09
1.4460268072093777e-09
2.5209753482756316e-10
-2.8900174430530493e-10
8.124968463156447e-11
7.58770140259234e-10
6.128871656785993e-10
-1.3703538412480664e-10
1.1410399431844882e-10
-2.5986243845051807e-10
-1.2151970986782896e-10
-1.7311534269828789e-10
-5.240718603505781e-11
-6.168663488075477e-11
1.7836498966809286e-11
2.255972426703586e-10
3.923227272313543e-10
4.586121448148347e-10
4.084926580153216e-10
3.5354526630102326e-10
5.99064183880197e-11
-3.427817780710165e-11
1.6038625251446848e-10
1.7860510818538034e-10
8.851385718131168e-11
-4.569270093573204e-12
-2.830549797074355e-11
6.230475970250743e-10
2.412269139621683e-10
2.6300307329764086e-10
1.8070943298033972e-10
2.882559553842612e-10
4.157718210814816e-10
-1.7706978578536724e-10
2.1671542633571038e-10
2.6425343625214527e-12
-4.488761745863167e-11
-6.415206389278548e-11
-2.9043743718346625e-10
9.29717207919649e-11
-1.7807574588245666e-10
1.875370291832043e-10
