[0.0, 28.0]
21.74813574749486
0.08971450945640741
0.007270160752575866
-0.0002278395920937795
-2.732418869685546e-05
-3.060273795057544e-05
2.4363471782418918e-05
1.0783610043927297e-05
-8.594384949269644e-06
8.704299215918792e-07
1.7451757231372979e-06
-1.3068990515665208e-06
-8.648189430276516e-08
3.926390946328183e-07
-1.0022464009803382e-07
-6.588398040479476e-08
5.901413752342558e-08
-9.477252003455987e-09
-7.681725221583705e-09
-1.0323926076149939e-10
7.70843650253413e-09
-7.673116011438997e-09
5.7513386825325165e-09
-5.345078902543023e-09
6.227638399866008e-09
-5.508529634494329e-09
5.738997962153941e-09
-5.897452671339623e-09
5.7863538814061395e-09
-5.683908501602754e-09
5.704923988577918e-09
-5.079798385457003e-09
5.574687288395393e-09
-5.325464867733783e-09
5.501801134795322e-09
-5.345525982090454e-09
5.344381399009646e-09
-5.57759808952161e-09
5.151838816034772e-09
-4.977159725302587e-09
4.651833040755843e-09
-4.832165005891953e-09
4.75919817311591e-09
-4.705615759441562e-09
4.170694020608274e-09
-4.545058562874256e-09
4.146922268237795e-09
-4.19203042960118e-09
4.13142269249362e-09
-3.850078480544004e-09
3.528997486961974e-09
-3.771514590063047e-09
3.806064771891764e-09
-3.38081070684412e-09
3.1148744934493555e-09
-2.8331447090836966e-09
2.9491206740346422e-09
-2.517083513041774e-09
2.589736471410604e-09
-1.7850375133576206e-09
2.3868577687315057e-09
-1.6287666513255463e-09
2.014921282552476e-09
-1.103403317270607e-09
1.2266689341091413e-09
