[0.0, 28.0]
4.361666023570939
-0.002229582843282938
0.00019823678561343728
2.7808336077173664e-05
5.603158282010142e-07
2.4076798569099513e-07
-6.808428417648123e-08
-3.5841757689084096e-08
-2.8769102067029284e-09
2.3659615353126175e-09
8.382566162348506e-10
4.935559388259364e-11
3.0613462929696457e-10
-1.3792975970182566e-10
4.398141618721932e-11
-2.71972243815935e-10
8.713573309966991e-11
-1.75862983439829e-10
3.3702067529313787e-10
-2.786884903990827e-10
3.024373591195914e-11
-3.164822355867445e-10
2.016695151418154e-10
1.2571071461508125e-10
2.7460081899862306e-10
-1.983796059839511e-10
-4.0056403780663626e-11
6.497986541361557e-12
2.3065305586147489e-10
1.223471758402083e-10
3.75024800695271e-12
-5.746159401896037e-11
1.7349050275803002e-10
2.338970119548271e-10
1.2626463997987462e-10
-1.2009456836553351e-11
-1.6589855119268887e-10
-5.286746744267816e-11
1.948561949801444e-10
-9.35029160207268e-11
1.665598237276121e-12
-3.7535335312006523e-10
1.8801337007271334e-10
6.969786506887036e-11
2.1276623825174512e-10
-2.821851282760606e-10
5.480288660822399e-11
-3.555307630160755e-10
4.109010373566639e-10
-1.9966498420876011e-10
2.4885233829280184e-10
-4.6488625106495417e-10
1.950624086309741e-10
-1.3562614960098967e-10
3.6784838087954724e-10
-2.3050457135588858e-10
-7.964964111817439e-12
-1.3951414319975966e-10
2.112569004480594e-10
1.1714829797249698e-10
1.3561007604096814e-10
-2.2132835425622374e-10
9.214488486593239e-12
8.103814740974559e-11
2.192880537996455e-10
