[0.0, 31.0]
26.023893956130966
0.007425049967449253
0.011148743393722599
-5.446063343374432e-05
-1.3107139743334744e-05
-2.3624889699320723e-05
-1.943809539212647e-05
2.525080012289416e-05
7.54764112439502e-06
-1.1661165146746163e-05
-6.415372687734865e-07
4.405468766340791e-06
-7.959768239981836e-07
-1.469797462417895e-06
6.573642063076259e-07
4.0670008784400317e-07
-3.457714892955809e-07
-7.557791428642629e-08
1.457033315934599e-07
-1.8442126617611933e-09
-5.09913602590895e-08
7.216241362441613e-09
1.5418325570425852e-08
-4.0802933867906064e-09
-3.485151567812811e-09
7.04278532033021e-10
1.1420888556482543e-09
-5.49930662075191e-10
9.629090989897847e-11
5.7495808441300584e-11
5.401643625137894e-10
-2.4184240658822775e-10
-3.2843437683692196e-11
4.452658204912345e-11
1.1959302573847457e-10
-3.5753760397634287e-10
2.938909095240414e-11
-7.149271118082925e-11
-7.252538725598263e-11
-1.5991699375391127e-10
9.042829545871428e-11
-4.978809469862754e-10
1.9404559960574205e-10
9.992757068515077e-11
-3.888546180408589e-11
-3.8803311421680515e-10
3.266083731931059e-10
-2.1050382103194796e-10
1.656730302373001e-10
-1.9546405331737408e-10
7.916337047763216e-11
-4.3487068155893234e-10
-1.1975132996700194e-11
-3.3759008285237276e-10
4.2355412822290015e-11
1.338129643932643e-10
6.578153401631005e-11
9.929215419229061e-11
1.969322372580595e-10
6.730645710000168e-11
-3.762744274074579e-10
2.889690737043066e-10
-4.0279424324107286e-10
2.806906590268669e-11
-1.4033603215111738e-10
