[0.0, 28.0]
-1.1548097325923048
0.01166170252082672
-8.219918362094934e-05
-5.616147862089889e-06
4.481863919958181e-07
-1.8500662165409466e-07
-5.0716469993429334e-08
1.735441694218955e-08
7.234125356441681e-09
-1.3229828218961145e-09
-6.719960842751673e-10
5.471879637713232e-10
1.1181550903256037e-10
1.393157574648445e-10
3.0844622616334994e-11
1.1084635526087687e-10
-3.0471940509855383e-11
5.4210177712174454e-12
6.624220168701296e-11
6.041230275592836e-12
4.271307804959526e-11
5.5176607822997686e-11
-9.698617850667649e-11
1.0409172258413813e-10
-2.946056381148376e-11
9.575839636219273e-11
-9.842865997588327e-11
2.240496453472683e-10
-7.318238239149139e-11
3.256443273819358e-10
-1.312733139908673e-10
3.1345475226989827e-10
-1.9047397111743443e-11
2.757496056910157e-10
-3.171329119895143e-11
3.252317354230221e-10
-1.1281226771955864e-10
3.4464073150096116e-10
-1.0827225050251846e-10
3.343807956319912e-10
-1.7494564618369016e-11
3.891536736631134e-10
3.1602167741690484e-12
2.60498530882371e-10
1.2443304620877428e-10
1.6591611468135937e-10
7.15967033071055e-11
1.864910343274999e-10
7.497036439979842e-11
1.9717420862635504e-10
1.3474250125079308e-10
6.736571668810927e-11
3.938597880617389e-11
-3.7081818401783885e-11
-7.27492290914762e-12
-1.4571508751821172e-11
4.040869805239116e-11
-9.727204970971336e-11
9.804025429790447e-11
-8.749858808067078e-11
-8.172436018010591e-11
-9.186422726540172e-11
2.483747268299829e-11
-4.2901349731891744e-11
-2.6131508736046876e-11
