[0.0, 31.0]
-9.489667701562139
0.007175895700207331
0.0018013626339268452
6.995092522910023e-06
-4.62331908954676e-06
1.4507115251231172e-07
2.3745378723672538e-07
2.5436687326267083e-08
-2.2523028430567588e-08
-1.0389807422096931e-08
2.6524889706328593e-09
1.7302539108111382e-09
-4.1961700161511266e-10
-2.100574468917796e-10
2.6958016832981507e-12
1.5805588654273896e-10
3.1791730545640803e-10
1.2700077216014194e-10
2.4973232045748293e-12
5.556874848559239e-10
8.839129424935976e-11
2.1509730580772295e-10
-1.0004220002221271e-10
1.2433183011113105e-10
-1.7867212298123588e-10
8.594694996849951e-11
1.6177679530966473e-11
2.9694848584297244e-10
4.398857494116936e-11
3.802986088337256e-11
8.187917809520858e-12
7.62710348582219e-11
-8.920964064905751e-11
8.417824075205073e-12
-2.3744180002967626e-10
1.3408147911124064e-10
-1.4214185521027407e-10
2.6927536901057642e-11
1.4051659814934098e-11
9.930315175049219e-13
8.185444269766604e-12
1.6374293578348538e-10
-2.9999654407387344e-11
1.8037187735263522e-10
-1.2741520001828783e-10
6.326891949457725e-11
-1.4220593460163753e-10
-4.0423147393913265e-11
-2.997413087059275e-10
2.013169954631801e-10
-1.0029044816331206e-10
1.7904398437824833e-10
-5.831544785878516e-11
2.136545460149981e-10
2.6597407225394857e-10
1.0141555270507896e-10
-1.2187801206561288e-10
-1.1430407811077839e-10
-1.1012190417688708e-10
-5.6342243302204684e-11
-1.6714485226203568e-10
1.0080284537243846e-10
8.012186033324403e-11
-1.0037642288759654e-10
2.2114124683417358e-10
