[0.0, 31.0]
7.596939774180757
-0.11096608406048232
-0.008127090211557768
0.00031807942091994633
7.753369675585162e-06
-4.7537196556632965e-05
5.4424182771321455e-06
3.705952510328921e-05
1.735420362743669e-06
-1.29947769087374e-05
-2.7138094157509965e-06
3.302239434562969e-06
1.1175062481775323e-06
-7.0110421118431e-07
-2.626827716421796e-07
1.5140442511537243e-07
3.55053925847487e-08
-4.335388296740779e-08
-4.045877463042614e-10
1.4830523541172927e-08
-1.2338380931077073e-09
-4.414857269071565e-09
1.234116922009734e-11
1.6048237207918719e-09
-1.669813823844012e-10
-4.732616309284636e-10
-4.0844063512695555e-10
3.459449698235914e-10
-6.629289103443891e-10
2.257181288104175e-10
-2.6195066129078686e-10
3.3689482552059506e-10
-1.21591629473204e-10
8.174151089434155e-11
-1.7112345728405312e-10
2.887245666163123e-10
-1.753695066631967e-10
3.6559474628661153e-10
-1.3616799598921976e-10
5.268307488634419e-10
-2.8761769887950634e-10
1.977536493393502e-10
-1.4759574764861863e-10
6.497442358614916e-11
-3.9439464557331894e-11
8.011518587631722e-11
-2.5477543740677516e-10
4.3833887347583567e-10
-1.7826766329028032e-10
8.208281934984575e-11
-2.913411768913042e-10
1.917280994643793e-10
-6.570183635378161e-11
6.99199080203155e-11
-2.593441077568102e-10
-1.2248210520163263e-11
-1.0457073989468735e-10
4.849786753886724e-11
-9.168174554966802e-11
4.9485383383137134e-11
2.5820121401492792e-12
1.6164666130305862e-10
-1.2239529868992343e-11
2.40136282507563e-10
-1.7803086741900967e-11
