[0.0, 28.0]
8.64306201017338
0.12013811170840694
0.006339592844057827
-0.00027912003357182365
1.321532255246507e-06
3.822012741477194e-05
-1.3737472357196793e-05
-1.4326925018842565e-05
7.483259280200447e-06
5.291650847892188e-07
-1.7954642851819557e-06
7.15429448606139e-07
-7.286205475167577e-09
-1.4451620069692834e-07
1.1054599737267063e-07
-2.4618869141494407e-08
-2.041424202946318e-08
1.2537700705471803e-08
-2.700054200420139e-09
-2.229761807613803e-10
4.095462868617117e-09
-2.359525871378646e-09
-4.787648027093365e-10
1.0308705900575651e-10
5.203509877659553e-10
-1.0246297466183518e-09
1.8579312981893194e-11
-1.1065695213126825e-09
1.9663855443137392e-10
-1.0408075336073072e-09
8.13810853604013e-11
-1.0607572176297278e-09
-7.131882467761101e-11
-1.031258603262646e-09
-2.6908904669518795e-10
-1.475669692075337e-09
4.273902247709292e-11
-1.6437376627196494e-09
-2.377672606638865e-10
-1.3457651334167525e-09
-2.2389640221246708e-10
-1.87168322482363e-09
-5.559983207553455e-10
-1.6647824788487573e-09
-1.4144572852877156e-10
-1.3581566019490482e-09
-7.057287858921887e-10
-1.2563481932520495e-09
-1.9675945812860623e-10
-1.388073593555701e-09
-5.513205862831519e-10
-1.3762532108766182e-09
-4.0812888112714106e-10
-1.1700464233092674e-09
-1.3649990969598652e-10
-1.3976418495189342e-09
-5.872359507916811e-10
-8.875043275382118e-10
1.0564932276182417e-10
-6.153905893583839e-10
-3.1527321931607354e-10
-8.407583896934849e-10
-2.259352690402126e-10
-7.128506036949926e-10
-1.5880897240544937e-10
