[0.0, 31.0]
26.876556050239373
0.01877679069821134
-0.010386562316258653
-4.8808003422522314e-05
2.5783841166930066e-05
8.51705805727345e-06
-4.1592968464723e-05
-2.360788654972268e-06
2.045023125322245e-05
-2.7378884755685754e-06
-6.4389225263448475e-06
2.474884476719978e-06
1.75904503000542e-06
-1.208464180733479e-06
-4.1641695310718586e-07
4.901561142176518e-07
7.462753895856376e-08
-1.882074242580581e-07
-5.265926805790137e-09
6.849170222990488e-08
-3.1432303977478484e-09
-2.188360989876557e-08
1.6337938708380532e-09
6.572433765648314e-09
-5.858933986592324e-10
-1.3943745965260735e-09
-9.177362226776884e-11
5.058382597770893e-10
1.7297340837910835e-10
-1.255990734590038e-10
1.2953287627565295e-10
-2.6535844609527714e-10
2.2570934840322809e-10
-4.445593840698327e-11
-2.6845306294438155e-11
5.879389870985726e-11
-3.547257122258578e-11
2.6171193179397147e-12
-1.7183107037378475e-11
8.938078321241945e-11
-2.0428690873528767e-10
7.374283120391625e-11
-4.4341848538084904e-11
-6.71362411382188e-11
-1.6624774748494595e-10
-3.8342591924477553e-10
-1.5852748840144382e-10
2.2444954689988017e-10
2.7586425000589927e-10
2.6039724418660946e-11
3.551937316448911e-10
1.8592204936440853e-10
2.2947622677900497e-10
-3.1537160347998e-11
1.4817110064744016e-10
3.443675031522719e-10
3.243009446286144e-10
2.30440070088818e-10
-2.41222725735723e-10
2.6215584894552047e-10
5.2104561990323567e-11
5.157791442107076e-10
3.735480485598445e-10
1.5178073719646643e-10
1.848634379212988e-10
