[0.0, 30.0]
-1.9537299939427049
0.005709413110718158
0.00027188021972838523
1.2340097863820618e-05
-7.256549594659904e-07
-3.198230995927722e-07
1.9031343966281856e-08
1.1768295026133815e-08
8.658458295993153e-09
1.1695454937767805e-09
-2.08087164109865e-09
-5.1772140590640724e-11
3.4424472985969975e-10
-1.7544610616082256e-10
-1.1565005988190625e-10
-5.374424850099229e-10
3.1158199520611496e-11
-2.709718812656361e-10
2.057393536874706e-10
9.824144061970692e-12
1.1763631854126367e-10
-2.5090329181464123e-10
-8.938622921160796e-11
-3.1909121767273576e-10
-2.558508585374091e-10
8.673859759682011e-12
1.6103630645087149e-10
1.776078269576037e-11
-1.0358908568053432e-11
-1.4170545743380725e-10
-2.5769255011439567e-10
-1.5593851565831054e-10
-2.1871118376012403e-10
1.1275270162126968e-10
-6.621512259168943e-11
1.1941683868171939e-10
8.39098025112638e-12
-1.8314841844258574e-10
-3.793305131556303e-10
-1.9522120607309613e-10
1.419329083748909e-10
4.72098133328203e-11
1.2739491379229758e-10
-7.004436793714568e-12
-4.695408803448314e-11
-2.939198005182495e-10
-2.362962992864203e-10
-3.2115184475582587e-10
2.8893765563313767e-11
-8.469646386931815e-11
2.816983073273955e-10
-1.8729995555600865e-10
-9.282402018935338e-11
-3.3986216338834847e-10
-3.13481931100638e-10
-4.138425312020573e-11
1.9387288726297493e-10
9.963913590323827e-11
-1.834853279664878e-11
-2.672951482350601e-11
-8.59120914709957e-11
-2.9162513205701127e-10
-2.0973547647121808e-10
-6.276912837223021e-11
1.1333309739048909e-10
