[0.0, 31.0]
359.5931512409979
0.11800486873607269
-0.009613565944319712
-0.0003033909129243955
2.5336530725134344e-05
-3.226715795805255e-05
-1.6004157358033743e-05
2.5903646422169203e-05
4.680519038099237e-06
-1.0103246452466543e-05
2.4987008969546234e-07
2.794571051233659e-06
-6.004402453030562e-07
-5.092019916641598e-07
2.421034516786933e-07
2.654381414675679e-08
-5.462787288673732e-08
1.5114775260984203e-08
3.3181580815434005e-09
-2.3596517866070376e-09
3.3683732734263896e-09
-1.233519910989908e-09
-2.1257445714028293e-09
1.0920779843945865e-09
1.0856570123208772e-09
-8.207512041060754e-10
1.8338730598650628e-11
-2.3418011606933697e-10
-5.477469265097926e-11
-2.2230414627205205e-10
4.695714096036691e-11
-9.339722485371232e-11
-8.066967405558095e-11
-2.2807864148968778e-10
4.440554959123735e-12
-2.1201702461915138e-10
1.08693922602504e-10
1.3364375270841062e-10
-2.810449492317979e-10
7.301557667573532e-12
-6.616692405835388e-11
-2.312840957144961e-10
-6.903374284521052e-11
-1.0558904832848856e-10
1.8100357359658379e-10
-3.5323004713489016e-10
4.978098340125169e-10
-1.8048572625832666e-10
3.086916143344783e-10
-4.954680545255975e-10
7.442703940937059e-11
-2.918793301574591e-10
1.4362811534835693e-10
-2.3986936985631475e-10
8.133196790974834e-11
-2.5414536537883526e-12
-1.230805064823205e-10
-1.4293123909540839e-11
-1.6245976434869496e-10
1.6457930241337928e-10
6.928555945223617e-11
6.676350945172726e-11
5.46456445435047e-10
-1.351957991202429e-10
3.2745839904373436e-11
