[0.0, 30.0]
26.890899974193847
0.16364389549580333
0.00019061413011729747
-0.00037980386590417444
-2.6196440908118234e-05
-2.4622447515199125e-07
3.5082541762272e-05
1.5599992627273446e-06
-8.383605069576766e-06
-2.830819643863142e-06
-2.08696832508973e-07
6.804924789967181e-07
2.912882388206705e-07
6.529035234629939e-08
1.1798956674521548e-08
-1.3457736573643873e-08
-2.6892756505778735e-08
-1.5670895827456836e-08
5.815518499093981e-09
2.147103578997185e-09
6.777498549839077e-10
3.1246247927177626e-09
-7.232545888406867e-10
-1.936263590708716e-09
5.865653477741756e-10
6.260027566046959e-10
-2.530263650264438e-11
-3.299545929814188e-10
-8.70235016914447e-11
-3.186969839685851e-10
-7.410133478147944e-11
-1.5819891918363741e-10
-3.5617468305708344e-10
-9.943494818364602e-11
-7.276751495126499e-11
5.87147973710362e-11
2.5681042153343662e-11
2.390079894907986e-10
-6.90470275675577e-11
-1.323788041921098e-10
-2.8869863180854463e-10
4.797777779690845e-11
-1.3498629816508699e-10
-1.0441545247117914e-10
4.369379020573606e-11
-9.452608696574766e-11
3.473258085760852e-10
-1.247838657684343e-10
4.126739767528065e-10
-3.852366362421194e-11
1.3429928544707694e-10
7.482728866619913e-11
1.7331547236634604e-10
9.452863821936956e-11
-2.144914422822559e-11
2.8205160732244667e-11
-1.2377860372104953e-10
2.1285366803401697e-10
1.48302337103233e-10
3.3008791939009397e-10
2.2369758818016135e-10
1.3437395427419977e-10
1.175796322340293e-10
1.2890241036734866e-10
-1.1560486159622456e-10
