[0.0, 31.0]
38.8011531766677
-0.03340061986872365
-0.010940166178390727
5.8161845582955436e-05
-4.615368384266066e-06
-3.766641317368602e-05
2.4819618010409728e-05
3.357818764712329e-05
-5.062254363740788e-06
-1.2255939380280713e-05
-1.8424216131980114e-06
2.7118827105727154e-06
1.180542252144311e-06
-2.1066477109184842e-07
-2.649018958224825e-07
-7.76101470615746e-08
4.27693409300293e-09
2.578216061826855e-08
1.3244363240179566e-08
2.39925879029282e-10
-2.107119202499244e-09
-3.403154035316668e-09
-1.3160583892747245e-09
1.5392895665344076e-09
3.908816842167781e-10
-8.324453891138149e-10
-4.0708032291344435e-10
9.377637292831564e-11
5.258371384792909e-11
-3.7913548593786606e-10
1.3995804599847043e-11
-1.878376107416936e-10
-1.1897926084390628e-10
-1.7671944555310744e-10
-1.7011478487147806e-10
2.725944435332437e-10
2.1862965234381732e-10
3.762784835924359e-10
-3.6470264857409826e-10
2.3333764210483104e-10
9.720065763214662e-11
2.170350987305635e-10
-4.778121017759896e-11
7.596687593240407e-11
1.018071361626127e-10
5.733072733130543e-10
5.577118635821879e-11
2.913937246654925e-10
4.065991764580853e-10
2.922110821215247e-10
-7.131848055363635e-11
5.35902687667456e-10
3.8463766958141175e-10
3.0056358952893776e-10
2.2565817796327193e-10
1.2093370593443471e-10
-1.1515675437777136e-10
4.1704638937263636e-10
4.977485581975609e-11
2.3184447891695488e-11
4.425358815980323e-12
2.93292854302209e-12
8.724243629267379e-11
1.0983844732855965e-11
-3.244070656325083e-10
