[0.0, 30.0]
-6.121825834307144
0.01024576934057107
-0.0010444842793512314
6.594009275925582e-08
-5.141122020115806e-07
-1.4116936451993538e-06
-1.4955495866969453e-07
6.920364700675527e-07
3.6802132680811017e-07
-1.9897591340821792e-07
-2.2992827133294993e-07
1.2465106235052174e-08
1.0153658897867524e-07
2.779168226266153e-08
-3.294766072608695e-08
-2.3818323573314752e-08
5.775449022567555e-09
1.1745132707001451e-08
2.357464476493023e-09
-4.399804148013688e-09
-1.506241897999814e-09
1.1436149201564452e-09
2.1360421760432554e-09
-9.142751803195008e-13
-2.383869613625802e-10
-3.318390458711956e-10
2.5966315833816636e-10
-2.553478831309195e-10
-1.1148651435629849e-11
-7.092580655342794e-10
4.755579910181873e-10
-3.2340333550546857e-10
4.548168007333312e-10
2.2551478978698643e-10
7.521823903295452e-10
-5.7153967086882153e-11
7.052889567116039e-10
-1.704273034515107e-10
4.0703113996385743e-10
-4.97807562521499e-10
1.9909498172672856e-10
-5.913225146986695e-10
-2.2913112810644217e-11
-5.273752135777552e-10
4.2092442323407247e-10
-2.879941567772704e-10
4.868751870313528e-10
2.2489648041820277e-10
8.359534109476348e-10
1.8133657338172451e-10
5.925669992995369e-10
-2.6585047228811485e-10
4.692334341867015e-10
-4.0366767516165637e-10
-1.5403042975355455e-10
-3.843791464882396e-10
-2.409099873391996e-11
-4.848079046364513e-10
3.198320247787402e-10
4.56413117212375e-11
5.182754791395063e-10
3.4467203452610376e-10
4.342168970083839e-10
4.5266031671841967e-10
2.7067750018736775e-10
