[0.0, 30.0]
19.53008808954718
-0.12234295745254256
0.005856974702411091
0.00037647648641591215
-1.1323986340712229e-05
-5.481346202790581e-05
5.817006102492939e-06
2.6779002723897224e-05
-4.242175944719315e-06
-1.3526565470955265e-06
7.600987749512599e-07
-1.2666156038392102e-06
4.4294651185162e-07
1.4798956674400034e-07
-1.9957621499819558e-07
7.152710293001904e-08
2.8069818784763137e-09
-1.706159587114415e-08
1.478641018345137e-08
-4.789461184862941e-09
-3.5047811621956924e-10
1.7030605554567832e-09
-3.499453627597479e-10
-6.945063306575372e-10
1.6927206190044511e-09
-6.946964031493927e-10
4.628256244211819e-10
-4.2171410047729815e-10
7.801476870222628e-10
-6.221891976811263e-10
6.561665018215323e-10
-5.959301560315813e-10
9.007310718822399e-10
-1.0482306076016563e-10
5.977609069090599e-10
-5.628993642999583e-10
9.047784355667065e-10
-5.309658766065106e-10
9.144943974433195e-10
-4.3181440526332774e-10
9.236434849103562e-10
-3.154353562537925e-10
3.708208580690284e-10
-3.9550795379943104e-10
5.867300022664888e-10
-3.033800686585779e-10
3.6523139748999004e-10
-4.075593712728526e-10
5.00262163776301e-10
-2.462514615878498e-10
3.3974417006910414e-10
-4.655531348471539e-10
2.754062509114492e-10
-3.3757451987408246e-10
4.616280783927318e-10
-5.164249450762752e-10
3.453885457644218e-10
-3.414075205112593e-10
7.490355856809418e-11
-1.1433418402613604e-10
1.0695021401208273e-10
-6.514402146095041e-11
2.2748429139730914e-10
4.521807533755864e-11
2.1434988756410275e-10
