[0.0, 30.0]
-29.89554638651308
-0.0007421593637886775
0.005023090003786841
2.842826615274059e-05
-1.0827655371591131e-05
8.884394646104537e-07
3.1546701861783175e-07
-1.4645906738650895e-07
6.63537407312424e-09
3.746623057511872e-08
-2.2550659347085708e-08
5.696209259760886e-09
-1.0428329890438722e-08
9.646483743250604e-09
-1.3170248198513609e-08
9.687448108262376e-09
-1.2446695309662015e-08
9.821666776624946e-09
-1.2519968794657772e-08
9.534000650469745e-09
-1.2049911717585756e-08
9.399054614432744e-09
-1.2129835386359001e-08
9.282910900918401e-09
-1.1876360020463976e-08
9.400000292754316e-09
-1.1750018917125152e-08
9.060491569436784e-09
-1.1256064646391855e-08
8.991714066714805e-09
-1.1206973172900994e-08
8.886881011967195e-09
-1.0703037265890156e-08
9.296982529827135e-09
-1.0533970236700726e-08
8.581215313266482e-09
-1.0284587542553243e-08
8.99767836348038e-09
-1.042095957047058e-08
8.306966034444962e-09
-9.902877523738396e-09
8.176590991862516e-09
-9.298117189539475e-09
7.929030255840014e-09
-8.903837027723752e-09
7.314556538171946e-09
-8.641496586245646e-09
7.152948577800079e-09
-7.948495954373811e-09
7.064292742624557e-09
-7.58929505489804e-09
6.6106541857692975e-09
-7.099593699731232e-09
6.146287289045126e-09
-6.466549376241049e-09
5.52632461797764e-09
-5.968027380721743e-09
5.587666758540696e-09
-5.4899446668621856e-09
4.707464134967646e-09
-4.720274681374926e-09
4.087000005818576e-09
-3.428409778727517e-09
2.4889042326419073e-09
-2.5867938083674124e-09
