[0.0, 31.0]
358.23472341330177
-0.0010384171050921097
0.012727136068112764
1.940823206053622e-06
-2.1588396345368442e-05
-3.179152441165777e-05
-2.3896255166728495e-05
1.925476910134886e-05
1.2290927834370611e-05
-2.466983272804671e-07
-2.6518822489982164e-06
-2.0231991270391667e-06
-3.611224117221684e-07
5.263351170603185e-07
4.159315157717037e-07
6.386256339557922e-08
-8.890549447633139e-08
-7.317723337779692e-08
-2.049464037645248e-08
1.7938750086315413e-08
2.0615819554402052e-08
2.866982158107964e-09
-8.155154558400682e-09
-1.4518395790834965e-09
2.1205179450859944e-09
2.019592174617375e-09
-6.326155566725727e-10
7.262700984918836e-10
1.5646496629571565e-10
7.002784687992636e-10
2.8142597876865156e-10
1.0145604883615303e-09
1.5628586710162742e-10
8.088798934524217e-10
-3.0042114191480457e-10
5.920686972154031e-10
-2.48923770497223e-10
5.697610854750696e-10
-3.1968094581920256e-10
5.962621511850034e-10
-2.2342547078706805e-10
4.0050946175290736e-10
4.5430559570680523e-11
3.778184381021859e-10
-3.0356682206716283e-10
2.6834529212126815e-10
-2.0061293291884353e-10
5.001317841424426e-10
-1.4674914019884456e-10
4.1933990810177123e-10
-1.8972826436239928e-10
3.741276881678169e-10
-4.068734941061829e-11
5.074956153626729e-10
-2.5562117109643486e-11
2.4360249166875473e-10
-3.4766968105643777e-10
2.465317164875791e-11
-9.18572519125918e-11
2.1021257725182425e-10
-2.0552767259348403e-10
2.5466088568629784e-10
-2.342749525039892e-10
1.4458447723734205e-10
7.019636378131587e-12
