[0.0, 31.0]
-23.12641153972789
0.06682842064742692
-0.0012921409761037796
-0.00018532629433357944
1.239810824762337e-06
1.5160452988332477e-06
8.275408219382837e-08
-1.7078380185767043e-07
2.891390576578203e-08
1.4621730234986158e-08
-6.502154651085525e-09
6.314863561354999e-10
-2.450063354654131e-10
-9.6846121877329e-10
-4.243532177622578e-10
-3.566694091716485e-10
-2.2829182681411713e-10
-3.4859904465724675e-10
-1.1213654430055439e-10
-2.4988290653371687e-10
-1.0690725147823766e-10
-1.7742177220303498e-10
1.0207681074666975e-10
-1.0502842674260246e-10
1.7446902792852795e-10
2.052308982215265e-11
1.4112649020799654e-10
-2.659715757333766e-11
2.2186516558793855e-10
-3.738658050941354e-11
1.1912814512856267e-10
8.760609354910404e-11
2.396535506267413e-10
1.586380850831883e-10
3.5885577095592085e-10
1.0094444769374205e-10
-3.2018861302764267e-10
-5.999608236303892e-11
-1.902657338035064e-10
-1.3660004356472138e-10
2.6430129945481524e-11
-1.7694260547251388e-10
-4.2818872938358576e-10
-2.371329751983421e-10
-1.634642922195859e-10
-3.1839997296673437e-10
-2.2647753427287754e-10
-2.4391871685389315e-10
-8.023908100413558e-11
-2.2378949098209563e-10
2.3719316101772017e-10
1.1388860566804628e-11
-2.5791125579473044e-11
9.175365358774384e-11
7.342730099782582e-11
5.7655232150656374e-11
3.704268165042244e-10
3.0840456086057646e-10
3.634535575444946e-10
3.3869380479943743e-10
2.5171116712338093e-10
2.478894346443428e-10
3.028617742738475e-10
1.9402693269391519e-10
-1.4941963956101875e-10
