[0.0, 30.0]
13.329565196646287
-0.11350378980922775
0.006975436402171233
0.0003572328457127265
-6.348745114644621e-06
-3.6111413991822e-05
-1.3418928781420731e-05
2.2999422935948993e-05
1.0119965810585649e-05
-5.781239066251122e-06
-5.081371218087337e-06
1.4799167958563323e-07
1.7978703256717757e-06
6.200365517896798e-07
-4.112933927917578e-07
-3.6489515516874976e-07
1.6131509720409394e-08
1.3034976220225565e-07
4.0081770703367855e-08
-2.9712453293979285e-08
-2.3801183803096857e-08
1.8361846616243913e-09
8.817765929290922e-09
1.948495695796022e-09
-2.077362968628477e-09
-1.3233673362197748e-09
7.360547720415519e-10
6.835194330535431e-10
4.449962276250555e-10
-1.565323119465594e-11
2.1298727669563138e-10
2.2489880583688486e-10
3.4345737611334267e-10
-6.7692380375983105e-12
3.0784733427412336e-10
-1.0809800512282676e-10
-2.7843656571362533e-10
-1.0603752564524732e-11
-3.554330963918103e-11
1.3368373723539503e-10
-2.7519893674251094e-11
-1.3510290080379852e-10
-1.0575153363746017e-11
2.8005662582205144e-11
7.018296316838232e-11
2.40123084173027e-10
7.184973030449936e-11
-1.54748300632722e-10
-5.045697011398004e-10
-6.214700265840988e-10
-1.4941758710347871e-10
-2.814123649538758e-10
3.1854764448706717e-10
2.587956495345645e-10
2.0090428458283282e-10
1.7112897380909747e-10
2.613615401419791e-10
7.476183856262117e-11
3.80339204249785e-10
-3.937157977681218e-10
-4.9005885856643335e-11
-6.672534597652106e-10
1.0479765410452323e-10
-2.3231956994418372e-10
3.2016487183946593e-10
