[0.0, 30.0]
39.99903842784705
-0.10732841602290703
-0.007991933964383429
0.0002718306122590379
5.652742148166236e-06
-3.895127926968367e-05
1.808264503416502e-05
2.618236561686319e-05
-1.1524221918670882e-05
-5.898325317073798e-06
5.289853177780706e-06
3.9555039543560625e-07
-1.8812483534222398e-06
2.422432360641635e-07
5.472397726694179e-07
-1.6957330371235851e-07
-1.447190375525775e-07
7.788489927393047e-08
3.7387205988664286e-08
-2.9494185008035268e-08
-9.53723266765273e-09
9.27245750926396e-09
1.866184593351781e-09
-2.3267554390364424e-09
-4.677114245613248e-10
8.06169145373764e-10
2.8245765114313403e-10
1.022435318431414e-10
-1.7128532399835073e-10
1.1807017824937143e-10
-1.1661658631687352e-10
8.140839743158786e-11
1.4719790877504016e-10
5.286645834637414e-10
7.067949084630302e-11
9.248049865720534e-11
-1.1860950036159682e-10
1.2689644700065613e-10
-5.487458807696585e-10
-6.969048152143483e-11
-2.954111025886441e-10
1.3481804966278745e-10
-3.2375071699280907e-10
-1.0412815535011362e-10
-2.315090076699952e-10
3.113517676247813e-11
-1.9888906487509968e-10
2.3183582197995013e-10
-3.25473134719017e-10
-1.638868307622747e-11
-9.401816732264089e-11
-7.562717738369551e-11
-1.3604517296474461e-11
1.8473103847090858e-10
1.5533661884532366e-10
4.1300893428336077e-10
-7.201490952021854e-11
3.328601569098858e-10
-1.1649440908862582e-10
4.4301059780979364e-10
-1.4080817194816696e-10
8.973285048053614e-11
1.0368682530213692e-10
4.819141265452415e-11
2.496535081031003e-10
