[0.0, 31.0]
13.649551124283978
0.04300535921035347
0.011047247869796453
-0.00011459742529075701
-4.1397599824241463e-07
-2.734936210329326e-05
-3.280982723567536e-05
1.1739953934332983e-05
1.0245198417356914e-05
1.058044232661384e-06
-9.208743281103842e-08
-9.305833702198135e-07
-6.207532348269713e-07
-1.5895401881649063e-07
1.0695386134112928e-07
1.1774865743833153e-07
3.96895732815966e-08
-1.0203173671255202e-08
-7.51785590376827e-09
-1.3031785169645813e-08
3.092016618066733e-09
-3.5828753593950774e-09
6.159765908464939e-09
-4.3639514835840735e-09
4.6032557189918365e-09
-4.8952325756654414e-09
4.190717574436496e-09
-4.893666164257174e-09
5.014190718825421e-09
-4.67101046746225e-09
4.557131390612076e-09
-4.509255158330014e-09
4.2378020150126815e-09
-4.355093544067189e-09
4.615821770929515e-09
-4.647390001956428e-09
4.090606938810119e-09
-4.266234251574972e-09
3.91387021751399e-09
-4.187886205117244e-09
3.466226067975849e-09
-3.9071338601359754e-09
3.87716221139704e-09
-4.013132081951184e-09
3.772889442861222e-09
-3.832623815116153e-09
3.5800992390358234e-09
-3.239706695578702e-09
3.4744098038167864e-09
-3.3216649780822324e-09
3.2490502160467184e-09
-3.0725121826786238e-09
3.334953817849627e-09
-2.7906224204935833e-09
3.2212696128961815e-09
-2.6916208365328752e-09
2.7789865493479396e-09
-2.5994822120429172e-09
2.4947611507788556e-09
-2.217064533533915e-09
2.122464497548824e-09
-1.7343741069260943e-09
1.5571524659323904e-09
-1.2951789755641388e-09
8.200363429182832e-10
