[0.0, 31.0]
32.9259049822029
0.14091849379409305
0.006538544256139133
-0.00039583988949596955
1.3477462805075208e-05
-4.965456555678383e-05
-2.7932081264337666e-05
2.807178352468017e-05
4.2244525239736675e-06
-3.598117839355811e-06
1.943868698572409e-06
-5.26558657248581e-07
-2.7910902612424695e-07
8.69168531228787e-08
-1.7984016665767515e-07
3.352219159692399e-08
3.0545116726145964e-08
-8.04001503741793e-09
1.2745622221108863e-08
1.8110394365071678e-09
-1.512571482914695e-09
-9.48398649192871e-10
-3.123222015309229e-09
1.397612377459841e-09
1.3002358634225866e-09
4.500986315201153e-10
-8.448306392989907e-10
6.358749450333294e-10
-1.1039603364118418e-10
3.717079889535194e-10
-8.802969853829534e-11
1.0161690740547281e-09
2.38422557072659e-10
9.394027673435376e-10
-2.3205246768958706e-11
4.6335945611884795e-10
8.770213486955496e-11
5.330390981474765e-10
2.5910514192216515e-10
4.946208092523941e-10
4.836959478856783e-10
1.7586587757766505e-10
5.402198680188514e-10
6.98259923367723e-11
5.34708088033375e-10
-2.496457394629071e-10
5.353466382404566e-10
-2.6888571125057265e-11
7.228071626741066e-10
-2.364934678421929e-11
7.968561632598675e-10
-1.8820804939060745e-10
4.4768389351895155e-10
-3.178517236866097e-10
6.193446708759121e-10
8.237475854491427e-11
6.027500185756629e-10
-1.1735298548155852e-10
4.1566901148551413e-10
-6.165046968603756e-10
4.053101682438393e-10
-3.2323799242995927e-10
5.336935621538228e-10
5.5055428598119004e-11
8.834155312950277e-10
