[0.0, 28.0]
233.23533620327711
0.14789615939915163
-0.044507935722157395
-0.00014135544671102634
6.383813195139818e-05
-2.8854633553252343e-06
-2.7242264541145694e-05
1.7552556888844058e-07
3.6554043004812974e-06
2.2038184235967915e-07
3.4712209443810246e-07
-5.53869382821945e-08
6.588689011908039e-08
1.541749656436392e-08
-9.458933258960475e-09
-2.8983998826634663e-08
3.013527422286237e-09
-3.5657770617909562e-09
-1.3046887285619923e-08
3.5547594504830986e-08
1.3323303703585256e-08
-1.8610709890402642e-08
-2.2586660610626065e-08
4.6476611404401155e-10
8.717391738855915e-09
-6.7906643246209225e-09
1.2179661936405223e-08
1.0489929209253083e-08
-6.505114385286739e-09
8.223161221211489e-10
-8.996842220444193e-09
-1.0249143075880135e-08
1.718107565992517e-08
1.1738377831890471e-08
-1.4022394465275945e-08
-8.010144872248858e-09
7.936756354405057e-09
4.2934832601723075e-09
-3.0571767708562555e-09
-1.371593280203413e-09
1.4546343211534368e-09
4.951973780301691e-10
-2.7131267170086064e-10
-5.504563708217784e-10
3.620781563724549e-10
-3.0755716320624117e-10
1.4279791931387325e-10
3.807276830569548e-10
-2.8976211730883438e-11
1.067677777487203e-10
5.551643023183344e-11
-2.546611651067923e-10
5.33086788094316e-10
4.787189900429111e-10
5.042002873157676e-10
-8.271258453751522e-11
4.708304044023705e-10
-2.290350281984382e-10
5.66990541636273e-10
6.09920759028379e-10
4.796250023762974e-11
-6.586484599538684e-10
6.391683129473032e-11
2.7892629255822805e-10
-2.0775076042333817e-10
