[0.0, 31.0]
0.03954486851315783
0.002165029875447366
-4.0628932019684864e-05
7.564955752454269e-06
2.6343907077409335e-07
-1.6301514450607676e-06
-2.40581516154154e-07
2.3033864497509225e-07
-9.119743468834289e-08
-1.706070967423635e-07
1.623210523547599e-07
8.338510706692138e-08
-7.983525046756512e-08
-6.986862481921202e-10
3.735366328770788e-08
2.1621364102913877e-08
1.4999146532733406e-08
-2.2651782942597256e-08
4.10586873457832e-09
-1.4332184776693017e-08
-1.632088861824941e-08
3.8880792399708405e-08
-9.092430311832166e-09
-3.1238362627177196e-08
-3.080926962674028e-09
1.0718190153854326e-08
1.7519321821124234e-08
-1.8362228815077159e-09
2.1174064889521883e-09
4.087717338753691e-09
-1.7000108712803144e-08
-3.0079859147863005e-09
4.0261532545285376e-09
-9.89073024229781e-10
1.5711169420922768e-08
3.4670184808443563e-09
-2.2071523379164728e-08
-4.000190304039813e-09
1.6324753443920256e-08
3.19464894268011e-09
-9.083519334367632e-09
-1.5710234976803057e-09
4.177413534233222e-09
9.416870670150791e-10
-1.7080007391004929e-09
-6.421763146130587e-10
9.733532971071056e-10
-1.2103800211543256e-10
-6.341337401602205e-10
9.412274175551295e-10
-8.65320524203139e-11
-6.037459707325921e-10
5.38606667104638e-10
-3.25424120497675e-10
-7.885287109139462e-10
6.508850484076073e-10
3.034113345353331e-10
-2.1781710031725164e-10
3.9492261340225663e-10
-8.992908722788554e-12
-6.485634338254894e-10
-2.612433838935857e-11
5.382427090833169e-10
-1.2782213788569482e-10
1.4949421287484991e-10
