[0.0, 31.0]
274.8335732484307
0.9155047441187248
0.008237273260888425
-0.0018913531290270821
-1.1818508416652001e-06
1.656445434229611e-05
-2.5872644671746937e-05
8.470696783196113e-06
1.868579564694773e-05
-1.8375258248370367e-05
-2.3058754739186545e-05
-6.156158112258849e-06
3.964720713181307e-06
1.304585164923145e-05
1.6265431029643626e-05
8.966044987125369e-06
-4.407860030349851e-06
-1.3153153904871577e-05
-1.408135847641642e-05
-6.024677735214905e-06
4.76766366734832e-06
1.30191757179867e-05
1.2533763577162886e-05
5.266144280214911e-06
-5.2454744992258265e-06
-1.1355722679163867e-05
-1.0910975978347699e-05
-3.197473311296927e-06
5.51062584811234e-06
1.1298415718321073e-05
9.501219061347615e-06
2.8989542584891365e-06
-5.639956102239253e-06
-9.587461101134051e-06
-8.173519321844152e-06
-1.0879682311653076e-06
5.7038356264624594e-06
9.598306730631517e-06
6.996751395604613e-06
1.2289049527143581e-06
-5.616601125783396e-06
-7.856671679319088e-06
-5.9125568756584575e-06
4.170226211381461e-07
5.52719670009286e-06
8.071410453552151e-06
4.984591649813895e-06
1.0463020754061953e-07
-5.3137006569484045e-06
-6.200147125059447e-06
-4.090902979676712e-06
1.5160178930197469e-06
5.14154936368801e-06
6.755924932225926e-06
3.3941043645585547e-06
-4.818426235831557e-07
-4.813379741687815e-06
-4.562187164090153e-06
-2.6310906314313665e-06
2.4790467130586785e-06
4.6757088635261934e-06
6.006045485618496e-06
2.2696913160040695e-06
6.744103497060879e-08
-3.944534478189009e-06
