[0.0, 31.0]
326.85236515210283
-0.26034020107632516
0.04467782395990478
0.0012772219843074557
-6.943837732270487e-05
-2.0784590137926742e-05
-4.9145926457418735e-05
-6.532845950142856e-07
2.0355614881742125e-05
6.212047233463541e-06
-3.1143891045660743e-06
-3.7543438961928544e-06
-6.883414515515787e-07
1.1286988950563004e-06
6.866689287076906e-07
-1.1561892837834503e-07
-2.8276857341791933e-07
-7.754880390713036e-08
6.930042241644554e-08
5.546963879935524e-08
-4.493683579372226e-10
-3.283980772081972e-08
-9.747490788014828e-09
1.744069922651267e-08
6.115375048310611e-09
-4.581085635794608e-10
-2.649243896492563e-09
-2.068292401468109e-09
5.128049771419495e-10
-5.01434838169907e-09
-9.626753880476763e-11
4.9220660233490725e-09
1.5305867979653133e-11
2.581137120845533e-09
2.865186717664591e-10
-6.8504519776385745e-09
3.691599684419122e-10
6.656290564205812e-09
-8.92291778618765e-11
-4.577316762021803e-09
5.5763321553660626e-11
2.07519899031392e-09
-4.5224282953296456e-11
-1.0185952585303953e-09
1.880932357212333e-10
2.300584432221682e-10
2.309145375664369e-10
8.533632833559747e-11
8.716597755043046e-11
-5.071971718257607e-10
7.25116759756525e-11
-4.529026521950253e-10
3.0076961236091006e-10
2.638230986473887e-10
2.744454326976471e-10
-5.684136820715561e-11
5.900903575969513e-10
-1.0881212487709377e-10
5.911494270275644e-11
-1.1162545781709201e-10
1.0652425984109713e-10
-3.027188250127498e-10
6.21103007904711e-11
1.4661366056386916e-10
8.918902344069015e-11
