[0.0, 31.0]
278.01149509643426
-0.39111441644742034
-0.03833839893420815
0.0016167031510443055
0.00012713148568252298
-7.6027525207922545e-06
-4.2572233856204975e-05
1.491464089080814e-05
1.2444564262245283e-05
-8.369463586869494e-06
3.267353494723458e-07
2.5174157643010574e-06
-1.5290661826546155e-06
-9.40271815292261e-08
5.525427339713695e-07
-2.3186032450559126e-07
-4.292112890883827e-08
9.33369076720642e-08
-5.090310151787468e-08
-3.5602479188364623e-08
1.1347948229597714e-08
1.700057670205337e-08
2.9607534692114912e-08
-7.211587710280378e-09
-1.3260250043085416e-08
1.2202583011681689e-08
-7.855708828174146e-09
-6.871243550896484e-09
-4.575579050189096e-09
-5.8535675171196485e-09
1.5221791878744086e-08
6.022701998640649e-09
-3.869238450626104e-09
3.1287696318381628e-09
-1.270760481547034e-08
-8.955818983839355e-09
1.8705971847971913e-08
9.266812351017277e-09
-1.4220947481317727e-08
-6.453299628073175e-09
7.562977540365323e-09
2.7292339047610635e-09
-4.14838261930976e-09
-7.457708310211632e-10
4.4328361704434573e-10
8.810763733186994e-10
-6.453814757221475e-10
4.3038489193619746e-10
-1.555920359742415e-10
-2.792711425261702e-10
-1.1431647291572853e-09
-2.5567364847244844e-10
-7.261807489462926e-10
2.618875807665774e-10
1.2568837916660062e-11
2.33813815664559e-10
-2.0051630937832892e-10
8.717576997000377e-11
-5.533656874267872e-10
7.579341635606922e-10
1.4044902806573324e-11
-2.510668644881597e-10
-1.932983116425405e-10
-4.416030752794007e-10
-1.0666728175804247e-09
