[0.0, 30.0]
-0.7760122575135959
0.009318635125657634
0.0002755567073016276
-2.964798938120615e-05
2.788996697420942e-06
2.7294713179125253e-07
-6.873240297836379e-07
-1.288760194925172e-07
-2.1302295852499528e-08
-5.17162690944864e-08
1.4335657498855637e-07
4.016712648679856e-08
-8.554358944160446e-08
3.4751776293879513e-09
8.722498660325126e-09
2.264606418043947e-08
1.6044155625059514e-08
-1.8720239957103596e-09
7.962460613646676e-10
-1.812494865393387e-08
-3.621780749901007e-08
1.3608102721621808e-09
3.4752559464350465e-08
-9.30725028236712e-09
-5.257870311103668e-09
1.545129964204387e-08
-1.611768428521128e-10
2.4948182773617183e-09
-9.837412419804386e-09
-1.3690448361040585e-08
8.542338797671649e-09
1.138164195573093e-09
5.37140557669168e-09
1.2571210088487134e-08
-1.296338019194846e-08
-1.7231086650325736e-08
1.2086272930248239e-08
1.2092705244197552e-08
-7.103914305374637e-09
-6.540871122006945e-09
3.880448331704838e-09
2.1905680088057876e-09
-9.116287152941787e-10
-1.348983166460954e-09
3.499852650303476e-10
8.932810281070568e-11
-3.21646294362346e-10
1.3728749800021858e-11
3.9820068861487247e-10
-2.709898683836049e-10
3.5738575002037267e-10
-6.166613266280297e-10
-2.372979528124842e-10
-8.472018986228045e-11
-1.945157021188168e-10
5.236137811383562e-12
3.801541749428575e-10
-4.945770368620077e-10
-1.9216282589291715e-10
-8.354112540228054e-11
-3.8318795446968043e-10
-8.795270590408075e-11
5.884785540997195e-10
-5.611694906649064e-10
-4.4425313580394014e-10
