[0.0, 30.0]
-0.7702822209549064
0.004140642555105331
0.0005807448408299039
-2.1955453401550793e-05
1.4583945723720246e-06
1.680563979456831e-06
-3.2665236812457747e-07
-3.679762885985225e-07
-1.458881832008708e-07
-6.564336694979442e-08
1.6369949869686327e-07
9.049345881750985e-08
-2.6819334094967538e-08
-1.7167396481046466e-08
2.2134528270290825e-08
1.3722819439713294e-08
-3.2124721957726295e-08
6.460003737619474e-09
-1.3979359589106269e-08
-3.5472138636494138e-09
3.485190016109992e-08
-2.1924609416373528e-08
-2.6967903457603808e-08
3.884220977449048e-09
1.796028663821499e-08
1.355866228963113e-08
-6.986855488559451e-09
5.0148659891265934e-09
-1.7008756364118107e-09
-1.7144234423953347e-08
3.1872205062031484e-09
2.647920267397936e-09
2.0922437119236085e-09
1.6856098351916117e-08
-5.381603981737979e-09
-2.1391954818341416e-08
4.579885235688e-09
1.57823261389557e-08
-2.701630051790465e-09
-8.474392814856652e-09
1.6826906838209847e-09
3.749411202681256e-09
-2.7571685317408405e-10
-9.175586168949573e-10
-6.417729537971957e-11
6.448444805545958e-10
-7.981714471922265e-11
-2.918588042491554e-10
2.7743088798860056e-10
2.3238085590767835e-10
3.74480617974701e-10
4.2327792060551053e-10
-3.385124662763941e-10
1.0963604194824576e-10
-8.676443627047646e-11
-2.1497943500458124e-10
2.440588176333778e-10
4.237583681506201e-10
-3.5640264426735766e-12
1.2855048110247783e-10
-2.3174380894544665e-10
-1.7735757605492796e-10
6.420149911440863e-10
6.37672785687195e-10
-7.254147983697872e-10
