[0.0, 31.0]
55.27239467359408
0.18762560821666288
-0.04909417332012936
-0.00043375709821190427
0.00010162960107620339
5.944909774863021e-05
-1.9142307536654848e-05
-3.0862799388324094e-05
9.819832141784724e-06
2.024523655610417e-06
-2.596145208466079e-06
1.8000904132281555e-06
-3.62975471588633e-07
-3.356175730404851e-07
3.812376926424476e-07
-9.99142717835059e-08
-3.592830411158422e-08
5.174181496594978e-08
-2.8909298464462314e-08
-3.107477086038123e-09
-1.3540108557467091e-09
2.493421095549778e-08
1.634200551018977e-08
-2.884678004307318e-08
-9.956152285416618e-09
-2.1640564650650643e-09
2.0196461257510905e-09
5.090291962076545e-09
-1.5306549344471543e-09
1.2517558602260615e-08
2.2798529316591582e-09
-1.2514349903712712e-08
-9.566208987627378e-10
-5.507183168244276e-09
-1.4339528328184235e-09
1.812670446492785e-08
2.820180032032412e-09
-1.821287879985619e-08
-1.745957805821528e-09
1.0977321707885638e-08
9.244829224462749e-10
-6.243556289573079e-09
-5.519093839793663e-10
2.1738555855342427e-09
-1.9823753295950656e-10
-5.301531861067615e-10
-1.8024113275876908e-10
1.1983637691081165e-10
-2.689274146608739e-10
-3.4969667954995185e-10
-6.283085389069937e-11
1.4670255176852045e-10
2.0147040515390716e-10
2.8044951064920773e-10
4.237558027463504e-10
-3.2816220844477203e-10
3.5587102486476925e-10
-5.263065649636398e-10
2.9384151521311695e-10
3.2678464707055673e-10
1.8125500440244923e-10
-3.900285315432754e-10
6.532068232817761e-11
-9.31775668560549e-10
-4.2010027615523684e-10
