[0.0, 30.0]
37.10500918530498
0.846340096594131
0.007817601675595066
-0.0015821035041585047
-3.821877649372966e-05
3.3870333747014155e-05
2.6774316559161946e-06
-6.841256672085351e-06
1.615425391007537e-05
1.536539248037291e-05
1.8219029178344612e-07
-1.2766117566875954e-05
-1.680946180905187e-05
-1.2913271084799668e-05
-4.498829934872806e-06
4.342428762712699e-06
1.051301217352777e-05
1.1801741390221524e-05
8.446524306695338e-06
1.999610833008863e-06
-4.569226832183551e-06
-8.781278440082912e-06
-9.030841439716421e-06
-5.86480502076847e-06
-6.04198341618031e-07
4.238854706653325e-06
6.992907948920764e-06
6.577534272280754e-06
3.6664290619251404e-06
-5.248765976777336e-07
-4.015945577108786e-06
-5.729272979521919e-06
-4.920627419005147e-06
-2.4020967028278146e-06
8.791578493002181e-07
3.3597577080952657e-06
4.347644328378611e-06
3.3466956030320385e-06
1.2080882269966425e-06
-1.3380890135522447e-06
-3.0208524107637286e-06
-3.5115736427562648e-06
-2.478842272091722e-06
-7.363475978055468e-07
1.2113127229684582e-06
2.3105692267163276e-06
2.4811526021666633e-06
1.471414292954846e-06
8.006823601940949e-08
-1.3991070381414028e-06
-2.0740955877273446e-06
-2.069137403517255e-06
-1.1377274664050417e-06
-7.146782558632091e-08
1.035418094221121e-06
1.3816810300363208e-06
1.277585277505657e-06
4.1206324825514414e-07
-3.8684049212326704e-07
-1.2568377681301127e-06
-1.3812871801168788e-06
-1.3119996064778705e-06
-5.360432470636332e-07
-1.0990726650515161e-07
5.75451269163222e-07
