[0.0, 31.0]
-0.7362639809991441
-0.0021714241619028127
-0.0006013963514645074
3.867911601573121e-05
-2.0149426907762636e-05
1.0976313774353828e-05
-5.06031337129093e-06
1.320848815214199e-08
3.6173939255125953e-06
-6.198897899689195e-06
7.124312820445428e-06
-6.972689189249182e-06
6.420299219440527e-06
-5.3607882513261986e-06
4.038759182084653e-06
-2.6853553699150246e-06
1.5015882745763144e-06
-5.230224321303377e-07
-2.7629867185996635e-07
7.622664825920863e-07
-1.0850343786514117e-06
1.206341250327144e-06
-1.1184339065708953e-06
9.773152035300954e-07
-7.996354474808697e-07
5.944059297452737e-07
-3.6569811991224734e-07
1.631634418043209e-07
-2.7664928369774913e-08
-9.374441774450935e-08
1.5920550935715247e-07
-1.7632238129701143e-07
1.9097795463546648e-07
-1.7375770648684905e-07
1.4378535976921467e-07
-1.334179574710399e-07
8.80029501669711e-08
-3.035442323610432e-08
1.1051851706491446e-08
-7.184180713413086e-09
-1.5504591693770853e-08
3.2670911507502944e-08
-3.3252587966308895e-08
2.821639728946235e-08
-2.6894853293587754e-08
2.1955237413611743e-08
-1.6921157542652154e-08
1.011901232945162e-08
-5.673943942334233e-09
1.0906450620577279e-09
1.8057235262382329e-09
-4.435119573530457e-09
5.183504294730734e-09
-6.1405297457846454e-09
4.691509182626335e-09
-4.649624389864139e-09
3.5954456702818175e-09
-2.6643525571338904e-09
1.472744104483993e-09
-1.3537348919820607e-09
2.9581464285647704e-11
-5.7057501364299667e-11
-4.841233569739361e-10
8.005334544187522e-10
-1.706398406108978e-10
