[0.0, 30.0]
168.5061090864868
-0.47043828615297406
0.03455946309670208
0.001890132729067634
-2.3814632263720003e-05
3.545223099395108e-05
-2.581751269382555e-05
-2.4010324877045857e-05
1.0154234747877795e-05
1.3563507280637761e-06
-2.5062197550426934e-06
1.96453403415937e-06
4.783987271286253e-08
-7.063299691648182e-07
2.3847931874910304e-07
6.915777886589438e-08
-9.036859275227959e-08
3.8633867675450516e-08
1.3673383646460443e-08
-2.772745760362319e-08
3.83653163081559e-09
9.959666409226021e-09
-2.3567541038092737e-09
-5.009912658246957e-09
-8.778492894333332e-10
2.707300386428937e-09
1.7586320187476211e-09
-1.1799262584028557e-11
2.1668435895657426e-09
-1.9235729101626003e-09
-1.1476522991212467e-09
-1.5528710935783504e-10
-9.83175035638172e-10
1.1464933310388925e-09
2.3820682099491734e-09
-2.4112984422357193e-09
-2.3619876350748916e-09
1.3686422606333053e-09
1.5883167101121258e-09
-9.410519145903063e-10
-3.314154406081172e-10
-2.208064168998481e-11
4.1370125568602114e-10
-7.600879103448535e-10
1.4738005896024835e-12
-4.4336245299694884e-10
-1.8920921303944588e-11
-2.077183628903315e-10
2.6807378121197063e-10
-4.6312870449134695e-10
-1.500234606557407e-11
-2.0201367420748106e-10
-3.0919642741522933e-10
-6.800342697375411e-11
-1.3196595921768009e-10
-6.382770575868154e-11
-2.957748488769338e-10
3.834797239519129e-10
-2.607706677716579e-10
-2.7171045689286484e-11
-2.588211990485892e-10
-2.0186125623122794e-10
1.6487218169423008e-10
3.8906430396179056e-10
-1.1676164453653482e-10
