[0.0, 31.0]
-0.7662300150077347
0.00980535983017124
-0.00020935862575841124
-3.194887306499272e-05
2.4394897083982987e-06
1.5764887374951477e-06
-2.7034807016950974e-07
-3.579508086991445e-07
2.0544349804205214e-07
1.274172555416096e-08
-2.1204799247306845e-07
2.215404898340112e-08
5.907476416354216e-08
-2.5717682383442157e-08
-2.336266847219755e-08
-2.0305428352599645e-09
1.959604877033915e-08
1.2072430934483589e-08
-8.541060150754791e-09
1.3146679467403744e-08
-2.0641992415566796e-08
-7.552096081362937e-09
4.283479603648211e-08
8.306679060280565e-10
-1.84051162099444e-08
-1.023518538990377e-08
-4.86547460955659e-09
6.202281450430841e-09
-4.714119376313981e-09
6.767960581166025e-09
1.3706668524639428e-08
-7.952843857671428e-09
-3.0321962511401795e-09
-3.115195430447773e-09
-1.1491487320861368e-08
1.2002619230484222e-08
1.6845595922387275e-08
-1.1323933588535839e-08
-1.292612684011935e-08
6.747313641980963e-09
6.820127144793156e-09
-4.30961877276218e-09
-3.2296250328937683e-09
1.2976676243848363e-09
1.1878157066167666e-09
-5.415414751899646e-12
-3.875508219294e-10
3.5542161256487174e-10
4.9418584115437545e-11
-5.480922697288468e-10
-1.4697113814779878e-10
-2.6188001049982655e-10
-4.89043315975161e-10
1.1170861214055704e-10
-1.977760163940936e-10
-2.1717885732846613e-10
-1.6868191235445384e-10
-2.84810224758219e-10
2.440147237573636e-10
5.092014615042726e-10
-1.6762709346060784e-10
-3.141747892676099e-10
-2.0596929584898946e-10
-9.340806802587748e-10
-2.0605964202563482e-10
