[0.0, 30.0]
79.63614580435217
0.118888110975833
-0.048138760383683275
-0.00017073673362232058
4.83362621380652e-05
9.122593527569015e-06
3.848248181075917e-05
-7.442033701608795e-06
-1.2042037790999536e-05
-2.1480483756632063e-06
2.1068976474248235e-07
1.1883545526025697e-06
8.166451198723262e-07
9.420397536233979e-08
-2.1113580832892045e-07
-1.2892903781063385e-07
-1.8324605032204676e-08
2.640776159652982e-08
3.483172807308243e-08
-7.702693163724167e-09
-4.8537929524238374e-08
-3.3696329116037944e-09
3.9545194885821613e-08
-6.037391483438798e-09
-3.74072903860638e-09
1.398452262974013e-08
-1.2617439423578591e-09
2.3443417283556616e-09
-1.2552911258345274e-08
-1.0901510967359101e-08
9.489262216910472e-09
2.799549920112727e-09
6.391298008660576e-09
1.1609131750462898e-08
-1.5422556283326095e-08
-1.4203866963186567e-08
1.5939078253615842e-08
1.1377481815107707e-08
-9.213361384657142e-09
-5.547407704432524e-09
4.125815434950831e-09
3.019221579578976e-09
-1.666037632274031e-09
-8.50292151455098e-11
1.1003701343274944e-09
1.4580400927884402e-09
-9.476856670960996e-12
4.1198964607886046e-10
-1.9050778554952131e-10
7.087067821915819e-10
1.5063958389174918e-10
1.0924851992439525e-09
6.094057841730846e-10
4.705563560448911e-10
6.706462241295528e-10
4.2092554860303824e-10
-2.2743588028592435e-11
2.9884210492276836e-10
4.0998723321429023e-10
4.3377130727608813e-10
7.64664178148196e-10
-4.056934108953834e-11
-3.0942400520274265e-10
4.535489158506595e-10
9.552871251849088e-10
