[0.0, 31.0]
239.38271866799028
-0.637859724436809
-0.003399841312471255
0.0026444187842095145
-4.59126087206922e-05
-2.3656451134948343e-05
3.2213558916710444e-05
3.0301850282693094e-05
-1.1358378068478319e-05
-1.4550557194406416e-05
1.6226277342540791e-06
5.6159309018176156e-06
6.214662831639864e-07
-1.9389419521249017e-06
-6.828403949407721e-07
5.183398162701157e-07
3.554764705444448e-07
-7.520243316008421e-08
-1.59848300789283e-07
2.6139759067265732e-08
6.749599276901122e-08
-2.813094875764318e-08
-6.7264475377949034e-09
1.838145406964521e-08
6.062988894816008e-09
-1.7944045102837803e-08
-1.61467066059545e-08
9.522727699448963e-09
-2.1222579550321858e-09
5.538522914462071e-09
1.6176602289921245e-08
-6.2057586620431395e-09
-3.6052574844591396e-09
-3.397497342454511e-09
-1.3885020373643691e-08
9.581545474661837e-09
1.967600219421429e-08
-9.896147555864083e-09
-1.5601640377635486e-08
6.514069931655692e-09
8.126319797680973e-09
-2.4899427053495166e-09
-3.5884917031286163e-09
1.3933461985043309e-09
1.2867420616816637e-09
-6.553056750156719e-10
-5.10601920337696e-10
4.796056985427287e-10
2.941098884663196e-10
8.300683179009789e-10
-1.6654864795792765e-11
1.0816930764328318e-10
3.0106048494530153e-10
-4.067657071676213e-10
-1.0330478033391993e-10
5.886387442149874e-11
-4.345545442510306e-11
4.4475325767612167e-10
1.77400878495458e-10
-7.00256105785428e-11
-1.3310841957968612e-10
2.625350373232451e-10
-6.650535564439127e-11
6.380515277682949e-10
2.1224739562437373e-10
