[0.0, 30.0]
276.0986188893387
-0.5883861795709682
-0.010202390601921948
0.0022976361611548916
-2.6724880699764473e-05
-5.933229554467148e-05
1.8622648614169517e-05
2.8416849283562605e-05
-4.861590451671262e-06
-2.1859742163956304e-06
1.6221110722594266e-07
-1.4984454659819157e-06
3.776829946636291e-07
4.1802698859816405e-07
-1.1372445110827593e-07
1.7103527837540292e-08
-1.698756529451822e-08
-4.0933013442738114e-08
1.7268828525973263e-08
-7.992558295261086e-09
1.5270190331699106e-08
4.518699015864834e-08
-1.967823513490056e-08
-1.8520164299633365e-08
3.0636594371895667e-09
-7.398542025588417e-09
3.0001505827923275e-10
-7.072937681185194e-09
6.684635331875806e-09
1.731710518995698e-08
-4.7522602356811954e-09
-2.264723332334043e-09
-3.3530553374615286e-09
-1.5624640441510673e-08
8.026510254615343e-09
2.040367653321321e-08
-7.508033754757473e-09
-1.5638176302646332e-08
4.361661027060867e-09
7.407299438435768e-09
-2.1657722779706773e-09
-3.562374626825885e-09
4.725379318199124e-10
1.6014853100019513e-09
-6.425339062276505e-10
-3.380504443913093e-10
-1.1376088593774642e-10
-6.678741617201229e-10
2.0275189253509738e-10
2.365046812786639e-11
3.401959961928886e-10
3.8111406104047077e-10
-1.2816092415038107e-11
-4.613856489165451e-10
3.1386406761160886e-10
-1.710718005821947e-10
5.666350478229911e-10
4.2905831271637323e-10
1.0205045585808517e-11
2.6218524053542465e-10
6.40322034273581e-12
-1.5044261772011496e-10
6.357305014944663e-10
8.239997728948738e-10
-1.5834416430551178e-10
