[0.0, 31.0]
38.275362579385884
0.7073507902790234
0.030543148486115702
-0.0016890998637137543
-4.134045703653384e-05
-2.0354195524044457e-05
3.732733507979439e-05
1.9801448023143703e-05
-1.0013770747161563e-05
-1.460852863271332e-06
-6.050644619516734e-08
-1.3872060129680691e-06
1.2612265277994135e-07
3.802179148597785e-07
8.076816811787467e-08
-1.031744866569498e-08
-4.161799492572694e-08
-7.149803114276324e-09
-8.429009408036068e-09
-3.7173797941316997e-09
3.200651153699834e-08
-4.157784423621589e-09
-1.4348855875763362e-08
7.05010016089712e-09
1.48334427812826e-08
2.1568528458399827e-09
-1.608814410117679e-08
-2.244453884734078e-09
-9.001962041741806e-11
-4.37351418153885e-09
1.1272591450285529e-08
3.716604783566495e-09
-2.6973020861704886e-09
2.2427669805387033e-09
-9.787655319057972e-09
-5.327826473814564e-09
1.4878764283501854e-08
6.079278661648811e-09
-1.0830838202789767e-08
-3.6056118878614725e-09
6.467109832230435e-09
1.8370615283793295e-09
-2.5321303092090106e-09
-3.531889159734993e-10
1.0809276700345804e-09
4.665391043873566e-10
1.805746483356947e-10
-1.6853265009961026e-10
1.9775086719061233e-10
-6.197300545694177e-10
2.515050288121999e-10
-7.465173848396058e-12
-3.210916336092465e-10
-2.43935541192141e-10
3.246333195649388e-10
1.5953237817658236e-10
2.175495435233659e-10
-7.138339408167168e-11
1.6445264454503294e-10
5.896794946150925e-10
6.837142202771372e-10
-2.3594611806331514e-10
4.816297233508688e-11
-3.4131711003616296e-10
-2.533507853393868e-10
