[0.0, 28.0]
77.83167267559018
-0.12275863761111228
0.04238303303873159
0.0005246894832554932
-9.181035329675504e-05
3.1987247924207406e-05
2.3246840532485682e-05
-1.7729438323650243e-05
-1.503723016065383e-06
1.559475954831743e-06
-1.3672925450476566e-06
7.559268864418726e-07
1.8403728841208508e-07
-2.637278869126231e-07
8.04574904787132e-08
2.9453214474736167e-08
-7.750690269242065e-10
3.149211220215612e-08
-5.052416085836814e-09
-5.0460183783478965e-08
-1.4674060483323513e-09
2.6567003185250973e-08
-1.6939751932558143e-08
-4.546033072067641e-09
6.440858924236559e-09
7.301115684814843e-09
1.5754697874184986e-08
-8.89073610844605e-09
-8.923717916145289e-09
-3.2251685483824585e-10
-1.1728474165947202e-08
9.12434681180073e-09
2.09170427211035e-08
-9.769012229662674e-09
-1.6708928171153874e-08
6.859935423549735e-09
1.0591063370790554e-08
-3.049833267766252e-09
-3.1500583481077913e-09
1.268910386230546e-09
1.7481547825401705e-09
9.182257860556019e-11
9.986560991414607e-11
2.8251494589694766e-10
8.790849795893721e-10
-8.884393223447673e-11
9.390483426268874e-10
-2.5073090220150046e-11
5.391026075146598e-11
2.65308844441165e-10
3.957861732063342e-10
1.1148488897354323e-11
6.621961868797908e-10
-4.488198236835677e-10
-3.890476274553054e-10
-4.86389126569873e-10
-4.198072928946223e-10
-1.6164326960146667e-10
5.200107288079559e-10
-4.2288603354815734e-10
-4.314670912347861e-10
-2.0151434849198721e-10
5.132629950063937e-10
-7.868371482531202e-11
-1.8455350501422148e-10
