[0.0, 31.0]
73.22555114558136
0.876746081738384
0.013057879024388598
-0.0017697287462424853
9.093776529947883e-06
5.568175625769359e-05
-1.668662982290401e-05
-3.125518343114296e-05
3.3733645548327975e-08
7.999019444384529e-06
3.6060135398344595e-06
-4.570066234094962e-07
-1.0983510780582487e-06
-3.5385291498309295e-07
4.369307972945126e-08
1.1257331887175404e-07
6.182392449832529e-08
-4.742670643662276e-09
-1.007456797911673e-08
-2.253933016368131e-08
5.780507220434557e-09
2.8291538121247474e-08
-3.019274388796037e-08
-1.92130360627958e-08
9.968375622553549e-09
1.0401888890690847e-08
1.1210657024854906e-08
-3.277099698794705e-09
3.948528568379819e-09
7.938731143344845e-10
-1.706304686139432e-08
8.854044885023124e-11
4.20669700093855e-09
-5.174055297618926e-10
1.4265733746004144e-08
-1.0637589846094868e-09
-2.155240699184692e-08
6.745785189426298e-11
1.571872622981709e-08
-3.0389583692838425e-10
-8.620577104840996e-09
3.005066714666713e-10
4.080355380413594e-09
-2.0994865758718385e-10
-1.0058045248181482e-09
-3.702471264695878e-10
8.196251663132424e-10
2.3017048583030946e-11
5.622173178147835e-10
1.3349782960473658e-10
6.786221508215233e-10
9.809089355842967e-11
-1.1747575926436857e-11
-4.1558156665750913e-10
-2.165070302766648e-10
-1.5068614323537218e-10
-3.4566577297303434e-10
-4.451874020430393e-13
7.748194355073284e-11
-7.766257441854114e-10
-4.6318415796202546e-10
-7.042515253426685e-13
-3.5756768569913767e-10
2.410097880813473e-10
3.1704135055654127e-10
