[0.0, 31.0]
206.82512558867282
0.9681513415254109
0.003079085288507166
-0.001959416530047339
-4.505599841270153e-07
2.888020150476121e-05
2.8046227482113393e-05
-1.3827043921936248e-05
-8.254061070574237e-06
7.029853475916001e-06
-1.5261824105694332e-06
-9.417208746371878e-06
-8.021870413126276e-07
9.852747172032771e-06
5.141286735954561e-06
-6.98409920557282e-06
-8.50256172916882e-06
2.229293463318544e-06
8.779928302557731e-06
2.2990999855528863e-06
-7.255854714323786e-06
-5.756927094744806e-06
3.6017151653484325e-06
7.086176194549924e-06
-4.05185285624196e-08
-6.629669711880377e-06
-3.5228877616688733e-06
4.351685125625029e-06
5.182159604526776e-06
-1.465704652316859e-06
-5.802395712431103e-06
-1.5678602606486952e-06
4.3309443096266655e-06
3.567233200273964e-06
-2.5018793917913164e-06
-4.580231406510072e-06
-2.540970065157704e-07
4.083758783661866e-06
1.9896367738320467e-06
-2.833160366550934e-06
-3.557260675139772e-06
8.183100074407618e-07
3.3990572678161013e-06
8.954029037282314e-07
-3.0218173914813215e-06
-2.3769925853186724e-06
1.2824664276077486e-06
2.7992887677706285e-06
-1.407114710857914e-07
-2.709129520755334e-06
-1.5878489191960993e-06
1.6707597178958704e-06
1.915158766577505e-06
-6.442667667542974e-07
-2.51466857422251e-06
-7.122953354940547e-07
1.5195280201371628e-06
1.3575254500433722e-06
-1.234491382650596e-06
-1.943577619585291e-06
-3.9874693486692206e-07
1.5188542488537175e-06
4.401047853052777e-07
-1.298591367782786e-06
-1.969730865818562e-06
