[0.0, 31.0]
197.61642541304383
0.5228632857859759
-0.04774186645735724
-0.0012774805258584487
7.071002999143644e-05
5.7357694974835343e-05
2.046446547517609e-05
-2.999550124240414e-05
-1.0344999147948803e-05
2.779204963336631e-06
2.9664087344867714e-06
1.1783969050304414e-06
-6.109522777125144e-07
-2.7751849142137257e-07
8.145545964596949e-08
2.1543097927081148e-08
-1.751562482191381e-08
-1.1363215924833176e-08
7.511692016290145e-09
8.388973829426178e-09
1.1547864412575336e-08
4.515039698813066e-09
-2.438023430613347e-08
-7.51628549808739e-09
1.078019616999187e-08
-2.229745693223693e-09
3.06893010779473e-09
2.5566916199133685e-09
2.762886162479551e-09
4.081450563307387e-09
-7.919417818914296e-09
-4.440525765550015e-09
2.1006715082829127e-09
-2.369299382788652e-09
6.7022322460220676e-09
6.066901505768793e-09
-9.237338130966599e-09
-6.560188060589171e-09
7.468015396460753e-09
4.251190939292827e-09
-3.562034029172354e-09
-2.1802566470171253e-09
2.2306501588790543e-09
7.010989681321119e-10
-9.637178095112718e-12
-2.700406923223053e-10
8.78999856852725e-10
-7.003631860320093e-11
7.062152316924459e-10
-3.8010246522063707e-10
7.610166600318423e-10
-2.4316066418519166e-10
5.170325049183832e-10
-4.645539383370761e-10
5.039790761458548e-10
-9.029656946909767e-11
3.7896415917607287e-10
-4.0497601775412975e-11
3.158533012833386e-10
-1.5239470083010832e-10
-1.4166800796425332e-11
-6.006142404489181e-11
2.1388043163126197e-10
2.498218680614283e-10
6.543637175069134e-10
