[0.0, 31.0]
0.42134235701705064
-0.0023245230253721117
0.0002330418096206989
1.3928102435659579e-05
1.4272339441367138e-06
-1.6135045412431128e-06
-2.204321872076613e-07
3.860337850709038e-07
-2.757028424531557e-08
1.3900515841251284e-07
1.488572565471219e-08
-1.4386472795255196e-07
-6.4367142237102975e-09
1.8973239860122155e-08
1.6676096599163192e-08
-2.656013180579356e-08
1.8822810384685338e-08
2.851936090416054e-08
2.814330904681544e-09
2.1070849304872498e-08
-1.578423629488723e-08
-3.3579973433122146e-08
-6.121567728442228e-09
2.2635809057186103e-08
-4.217660407089389e-09
-1.707275924729581e-08
1.62775967256939e-08
8.049931346776598e-09
2.277306286545548e-09
4.3493496043290865e-09
-1.5609377996269332e-08
-4.575783703419085e-09
4.373799244380975e-09
-2.4742205893978048e-09
1.4368583616678104e-08
7.568640967231673e-09
-2.0299278335595653e-08
-7.281685330072045e-09
1.530625392115153e-08
5.1764177757043186e-09
-8.391255728580095e-09
-1.926530525243273e-09
4.182157718724264e-09
8.993126013411177e-10
-1.0462326481627105e-09
-5.298511780271063e-10
2.1129525192693005e-10
1.7667713118781225e-10
-3.4827709925871973e-10
2.428778213347592e-10
3.6126852406220857e-10
1.1776706716169454e-10
3.3478996667920476e-10
-3.1769183402972693e-10
-2.626456943894958e-10
3.3842875651441325e-10
5.384475980410536e-11
2.9519030646820015e-10
4.6229065021730755e-10
-1.4681137336003653e-10
3.279206495545108e-11
1.4017078363440934e-10
1.555686927361251e-11
2.1772414038031974e-10
7.942515971112873e-10
