[0.0, 31.0]
68.68627036958746
0.40239778198345566
0.0470410153124571
-0.0010235408525213767
-2.556221805743547e-05
-3.765329122360702e-05
2.39263647734616e-05
2.6296861464302068e-05
-1.7117804832676882e-05
-7.346225877961489e-06
7.743985612213872e-06
8.781209571394083e-07
-3.1078128122037983e-06
3.0691670572788274e-07
1.126247170284879e-06
-3.023983848474775e-07
-3.249122936778391e-07
1.6701928542932177e-07
1.0704140915893644e-07
-8.07627300072726e-08
-6.104595008264191e-08
5.1756842704461686e-08
2.0603789742624155e-08
-3.067843931501609e-08
-1.673651749235897e-08
4.286243245403158e-09
1.9998941429263166e-08
1.320200534349127e-09
6.181796004907809e-10
7.174552465333046e-09
-1.4222807637679845e-08
-6.548585542941142e-09
3.665217782220115e-09
-3.2907984755534915e-09
1.280927367103495e-08
9.70329310630476e-09
-1.8943699338804646e-08
-9.129278230321946e-09
1.411564277018336e-08
5.545595810074936e-09
-7.824094640605704e-09
-2.659745439304196e-09
3.7115500481140415e-09
1.4106039955892681e-09
-7.589135658087605e-10
-1.8566204581763874e-10
7.991551171675524e-11
1.5973267786116048e-10
-3.621017241911589e-10
1.7030310873722304e-11
3.9107182649937905e-10
-2.604138605497667e-10
1.4157955216085222e-11
-3.50239531040872e-10
-5.875317103307567e-10
5.22527176826154e-11
-1.8292037308424752e-10
-1.1606628164604544e-10
5.615737042242696e-10
-9.444556847053947e-12
2.109645777109299e-10
3.297620857781552e-10
1.8254710473181014e-10
4.4475817285055956e-10
1.1346544063317737e-09
