[0.0, 30.0]
153.3413387739918
0.8921176971183782
-0.01447498409556642
-0.0016013863974443426
-1.7776122559161845e-05
-6.70382802644575e-05
8.382469175447491e-06
2.535910140993657e-05
-1.1897106628295823e-06
-6.790966867754163e-07
-1.0203180713301742e-07
-8.232648802519341e-07
-8.881541053068656e-08
-6.106560536692094e-08
5.774554754023069e-08
5.536031438545757e-08
-7.96554251677023e-09
1.0281845755503342e-08
3.352831547382552e-09
-1.4748780880032766e-08
-3.2947290547545402e-09
3.923487142336268e-09
8.18331897817192e-10
-4.481829232669478e-09
-2.493885115785762e-09
6.466934270751814e-09
5.12842140466786e-10
5.236535263145132e-10
6.69112309572068e-10
-4.614115473179003e-09
-1.2734490611245243e-09
7.047265011245769e-10
-1.4409825890928183e-09
4.5301571189807216e-09
1.313859115251914e-09
-5.625676423010802e-09
-2.2554536840071218e-09
4.555789890762496e-09
5.034193956199906e-10
-2.3963119663827374e-09
-7.093281299455364e-10
8.255879757393344e-10
1.278443477099349e-10
-5.481979958642374e-10
-8.135550890996257e-10
-2.6691166695038325e-10
-4.01728162190677e-10
-6.294430968109889e-11
-3.8788595899098e-10
1.9688246490917835e-10
-5.673659255545293e-10
5.575356570031612e-11
-5.59074682098135e-10
-1.0767552464233407e-10
-2.799522145814189e-10
4.901994320066578e-12
-2.477123984942495e-10
3.359495653170641e-11
-6.774399239904744e-10
-1.9586616555999395e-10
-7.209176362439385e-10
-4.705538353231863e-10
-7.779358120550277e-12
6.837044297372816e-11
-5.447566713463367e-10
