[0.0, 31.0]
0.7353838352140654
-0.005469815345487549
-0.0005796164595704774
2.213447415321e-05
3.4862467659260343e-06
1.6997452484063605e-06
-2.3145495022253258e-07
-3.7355906864546587e-07
-2.3404319622277943e-07
-1.6491899608668549e-09
1.9427177535228387e-07
6.509602263962706e-08
-1.1484964064347677e-07
6.322559930038868e-09
3.1488879717417943e-08
1.286553771981002e-08
2.2657400646344337e-08
-2.3921253366647245e-08
-4.607287118114491e-09
-2.3851025486246395e-08
-2.8545489656232587e-08
1.3874555572341364e-08
3.512622365996251e-08
-7.3135186666906e-10
-1.9705115160734964e-08
1.9291060191229907e-08
5.974715678144718e-09
-1.2571604403238582e-08
-2.2332925679541705e-09
-1.422974236530312e-08
3.5284165072176035e-09
1.4099999148133913e-08
9.314501260336769e-11
7.1520671273505086e-09
-1.2440555893010764e-09
-2.2294570503854118e-08
3.16212885991769e-09
2.122168596957077e-08
-2.1302339440287565e-09
-1.4327321709440788e-08
1.720960288640715e-09
6.233678350916762e-09
3.030986261324529e-10
-3.1671845558307784e-09
7.546235432590679e-10
1.0041676538657501e-09
4.842417044035846e-10
-4.2718855537931197e-10
4.1814173669927175e-10
-6.043421834175279e-10
7.4104330309723e-10
6.328570721017793e-11
9.660360740905675e-10
-1.6500879376276274e-11
4.996540809341864e-11
-2.979080700149799e-10
2.082130158278234e-11
-4.6228085698189136e-10
1.1020629362170585e-09
-1.0364001132906827e-10
3.481262648557438e-11
-3.476622872450594e-10
-2.072488991108765e-11
-1.834744217616439e-10
1.0521378162123977e-09
