[0.0, 30.0]
29.8207255215256
0.5619705609265839
-0.034087715475261536
-0.001082389000786518
1.0811212615585825e-05
1.9750495015839357e-05
-2.89464082686918e-05
-1.5053079093959871e-05
5.720589071464683e-06
4.752615905675265e-06
1.527612783140484e-06
-3.475282228399519e-07
-5.200997429853701e-07
-2.3857732768540614e-07
-6.343937789960273e-08
2.1904855162919455e-08
5.511205499656924e-08
3.057096643126664e-08
-2.715590065794838e-09
2.129497444163778e-09
1.4322855300294859e-08
-1.4201491363453318e-08
-1.7581548844520482e-08
9.786634618647078e-09
-2.076213763329182e-09
-3.827810875161789e-09
2.9019511357802858e-09
1.752839387272119e-09
9.297351366156076e-09
2.7118785358590427e-10
-8.111078969021807e-09
1.593569571640637e-10
-4.997281066243145e-09
4.335268008642132e-10
1.322111444247959e-08
1.7639991844651406e-10
-1.2114456551979801e-08
-4.13693682336741e-10
7.640589521409898e-09
1.3189404043383623e-10
-3.6516848152174397e-09
-2.41872030825831e-11
9.949327084568504e-10
2.168487781200925e-10
-3.001280581219696e-10
-2.6290760882111085e-10
5.26635295116093e-11
-3.9040318105275283e-10
-3.9499515769048353e-10
1.1589771901871054e-10
-5.998533134878743e-10
2.620135463812598e-10
-5.266934449103027e-11
-1.290788518457411e-10
-3.277501062692085e-11
-3.406757824887569e-10
-5.32416410427785e-10
7.575974607212926e-11
1.9363143260256032e-10
-1.9863588370084434e-10
3.9897694896534207e-11
6.073936989818668e-11
4.144092973680845e-10
4.992607662815997e-10
5.00583015806979e-10
