[0.0, 31.0]
-0.5153151260309389
-0.0047311314515709225
9.79304832328201e-05
1.6541319939195755e-05
3.3787051769547595e-06
1.273848977410766e-06
-3.228570863975444e-07
-3.5386010181655116e-07
1.841387152451589e-07
-3.082686612318682e-08
-1.6861639752302057e-07
3.690088962018132e-08
1.0323193300563863e-07
-1.5724408589321853e-08
-3.438736418580184e-08
1.0997376805061141e-08
-2.4696961013440894e-08
-2.0053975805178247e-09
2.6243012775610357e-09
6.567375582437102e-09
3.008461471745847e-08
2.1144869051248434e-08
-2.543236015612062e-08
-2.5101566323149153e-08
1.7595239197417393e-08
-5.506537789163554e-09
-1.0937269334331439e-08
6.643707321618511e-09
1.6566626996951248e-09
1.3440461761677685e-08
4.065011138311898e-09
-1.330209725814331e-08
-1.6682597012745398e-09
-6.302811260850116e-09
-4.065263762461376e-09
1.946821316985225e-08
6.244989309207084e-09
-1.924200627121211e-08
-4.121682763820824e-09
1.2086909335620771e-08
2.438111245680493e-09
-6.14432404182869e-09
-1.4123664918548057e-09
2.488261683929765e-09
3.6864601616477033e-10
-8.540057955661144e-10
1.1797207108940062e-10
8.329722914012005e-11
3.3540449728256625e-10
-1.4468405933477567e-10
-2.032463816200166e-10
1.401658860641624e-10
-2.92623557156806e-10
-1.7008135704774455e-10
3.460514652759727e-10
-6.328976031098316e-11
5.67269648884915e-11
4.514696201788009e-11
-4.220928169512833e-10
5.503851483772566e-11
8.702197410056012e-11
-1.3892920244993272e-10
-2.0303440631458578e-10
-3.1432501003517305e-11
-7.084606919410086e-10
