[0.0, 31.0]
-0.811048792516357
-0.003766081470277597
0.0006985099613662592
2.211642627640967e-05
-3.3962592547567424e-06
-9.935196098953218e-07
2.360764133025708e-07
-1.0389030006854916e-07
1.9190350832880293e-07
3.727807373819302e-08
-1.7435140074584826e-07
3.043784714429643e-08
1.1037768311472401e-07
-2.4352141345846137e-09
-2.7499526599266373e-08
1.0492461240148549e-09
-2.1176372331004677e-08
-8.687562368430039e-09
5.670169166802701e-09
-1.2519112016145855e-08
2.8214077278984577e-08
-7.838885906044612e-09
-3.8625935639917695e-08
1.4457429988790124e-08
2.0786747354469195e-08
1.0230169185758634e-08
-2.807687431204555e-09
-8.471451074599136e-09
3.1651211872115837e-09
-1.3043568031768542e-08
-6.432140262141267e-09
1.2789825303127439e-08
1.4063917879035265e-09
5.869331629445652e-09
5.0905150677440374e-09
-1.97171435186704e-08
-6.636592789446812e-09
1.9317567723770363e-08
5.662172151354275e-09
-1.2376205090989892e-08
-2.920573653285875e-09
5.964710065406313e-09
8.79241410721232e-10
-2.4203749698276553e-09
-8.500100856219681e-10
5.110191910847581e-10
8.80193855088241e-11
-2.4539230604779795e-10
1.917544753131479e-10
-6.491614235502936e-11
-4.799676384278398e-10
-9.667706704333765e-11
-2.2490603375749696e-10
-1.6962097173223323e-10
4.502489561720312e-10
-2.9841386854172145e-10
-5.632722539761339e-11
-1.675417446793832e-10
-8.427505689073896e-10
-1.0203264026360701e-10
1.0208763304846817e-10
7.589002651117897e-12
1.7546373366944025e-11
3.366248028509167e-11
-7.050265256292355e-10
