[0.0, 30.0]
307.0545656197484
-0.37947378719814534
-0.03446488561517118
0.0014326068830804103
5.932550109089656e-06
1.0569406235572247e-06
5.2273340536675504e-05
-4.440071732597331e-06
-1.9637435444440385e-05
5.118291575919133e-06
4.318693333397758e-06
-2.2376433002578605e-06
-5.90356037753209e-07
5.40685845573611e-07
6.038319877583603e-08
-6.730825183740469e-08
-2.5618521471807836e-08
5.839141576259942e-09
1.0981213689695438e-08
-3.537265085193335e-09
2.4296768304087453e-08
-5.447711161222833e-10
-2.5394432797169306e-08
-1.0681516010375624e-09
2.9397937800685105e-09
5.747106489430816e-09
2.1984303247509425e-09
1.9075090068453247e-09
1.0708277728435333e-08
-4.07848095844565e-09
-6.689066907170559e-09
1.546318073003953e-09
-3.983130569198587e-09
5.765439661829996e-09
1.3042373929350625e-08
-5.585537525008103e-09
-1.1024634919364687e-08
4.895157750902395e-09
7.689263553994813e-09
-1.7888777539360186e-09
-2.367726244175044e-09
1.7841365007223892e-09
2.0087776917469906e-09
6.121651990575451e-10
4.055993453381859e-10
1.0032454473333283e-09
4.589022709740357e-10
2.3787455034314303e-10
8.485148847609828e-10
2.2135031889051153e-10
6.620870362527435e-10
5.335463413663009e-10
6.721322114244923e-10
4.2067432787330735e-11
3.8687681655737005e-10
2.2566197692137914e-10
5.770410461660228e-10
1.0486713973806332e-09
3.445919140753851e-10
1.861044819399903e-10
6.024126139046762e-10
1.758669990756185e-10
2.920413705622721e-10
9.220140663968184e-10
3.9382701340241176e-11
