[0.0, 31.0]
217.738640833594
0.0023966069731073845
0.052027464973850565
0.00024409781407270788
-0.000107143825828959
1.2549019513067184e-05
-3.092106070215128e-05
-1.1765333250584104e-05
8.859528588279344e-06
4.129158409764842e-06
9.58904902581815e-07
-7.653466095956468e-07
-5.264949807062225e-07
-2.191731311589173e-08
3.6078082396801183e-09
2.348227791687459e-08
5.5960358605524224e-09
1.068194358582167e-08
7.199743495101537e-09
1.4865699695561651e-09
1.6756349586582757e-08
2.885923351963437e-09
-3.9187796348180603e-08
-5.0371386125630465e-09
1.651531104418433e-08
-4.520016203903502e-09
5.133241215817899e-09
3.3646871751637977e-09
3.65168595284903e-09
4.621911937766844e-09
-1.2577563589125301e-08
-5.205647689053251e-09
3.4064361540457694e-09
-2.5921011797105646e-09
1.1423827710255716e-08
7.53218819037739e-09
-1.5737603863344007e-08
-7.67520558791612e-09
1.3116246638372163e-08
4.121123626864199e-09
-6.57846790621418e-09
-2.6904132485293368e-09
3.3062510079895714e-09
9.685089730648206e-10
-7.331100057821777e-10
-4.495291898418136e-10
1.0524599970052235e-09
-2.225585644164902e-10
-1.2519599574499759e-11
-3.552913969568906e-10
9.480043723307305e-12
-4.1122807269030524e-10
1.6300003156952813e-11
1.857379246353999e-11
1.1184257125453477e-10
-4.3677519428750546e-10
-2.988512754182553e-10
-4.6373665796042537e-10
-2.5671604792698674e-10
1.0546207211896798e-10
7.251738592758449e-12
-1.4007073856877062e-10
2.5624127974543687e-11
-4.399159651297028e-10
-2.8628620866563092e-11
