[0.0, 31.0]
236.98808699672483
0.598955750296865
-0.04293962906505989
-0.0013110766017379167
3.0674132508147234e-05
2.6403738560072852e-05
-1.191676495603735e-05
-2.387627163422313e-05
9.713501374345464e-06
6.168038634631998e-06
-4.648678251351203e-06
-8.107594522652061e-07
1.612552473387935e-06
4.5283197127086005e-09
-4.4086649100989677e-07
2.185618232096516e-09
1.410841661859169e-07
1.9695979943258848e-08
-3.3988716340358574e-08
2.998534040707567e-08
-6.422455778055361e-09
-3.175749836730188e-08
1.003760589481352e-09
1.5557724083796477e-08
-6.692595989340807e-09
-2.167145258035901e-08
1.1965933783899217e-08
1.1433519041869517e-08
1.0091749745990156e-09
9.286927871400195e-09
-9.107377137806562e-09
-9.976102964097113e-09
3.2449151687235716e-09
-4.42487704974216e-09
9.493304333903526e-09
1.5603984182853158e-08
-1.2558183534515874e-08
-1.6049139179022136e-08
1.0124083849940818e-08
9.308527525532183e-09
-5.235352394573674e-09
-5.205680477358175e-09
3.421336613596123e-09
1.804276611339545e-09
-2.347589340390926e-10
-4.1294525957640844e-10
4.587699445553446e-11
-1.2898559678597431e-11
-1.329838800137775e-10
-1.714769223709713e-10
3.8477207975338067e-10
6.599612269602757e-11
5.071866409407017e-10
2.854526417400245e-10
-1.6029089132208226e-10
3.213067227245298e-10
9.206768067281028e-11
7.533112085054264e-11
5.629173202304423e-10
4.1272986152660946e-10
-3.2893589943392214e-10
-2.178392318281354e-10
1.9708457499984383e-10
-1.1569219536077848e-10
7.875965679455278e-10
