[0.0, 31.0]
-0.3305177873347917
8.298516604289645e-05
0.0002779777271447675
2.895657245442599e-06
1.320788159647744e-06
1.451601420591535e-06
-2.0089104300906216e-07
-2.6132482317318016e-07
1.7929775293018334e-07
1.8513845869141822e-07
-1.5737018455780234e-07
-1.0783021239838053e-07
7.76809821365735e-08
3.653219758890571e-10
-3.422070194525256e-08
-2.1941311106957604e-08
-2.0783687814088225e-08
2.8238399452064742e-08
-2.2619810739836246e-09
2.2691478763887463e-08
2.1495472208362773e-08
-3.310353853048781e-08
-1.4452690999405251e-09
2.0031724505320158e-08
8.070385925930977e-09
-1.867957546971665e-08
-1.6932404080820657e-08
1.0041966196625941e-08
-1.533471173779887e-09
6.287001634395069e-09
1.5307417986418198e-08
-6.576945785207783e-09
-4.444371018456055e-09
-4.08967294119453e-09
-1.3446191264220056e-08
1.0376925815887157e-08
1.9061774266990446e-08
-1.0738232469972662e-08
-1.4335944115137902e-08
7.182760786625525e-09
8.021478506438893e-09
-2.520140918066172e-09
-3.297651790275633e-09
1.0980071946759508e-09
5.420244225714016e-10
-6.374852606117873e-10
-3.158358622358753e-10
-1.8864503875872902e-10
-2.591255571228434e-10
5.146573345348979e-10
-1.5535501379520846e-10
-1.7258032161614467e-10
-2.376110673797976e-10
1.8240087248856652e-10
3.5915596786455846e-10
8.429241643464508e-11
-2.610894049010876e-12
6.792640096873394e-10
-4.747821297571874e-10
-9.317747228397707e-10
-8.262741524632972e-11
2.239617285436295e-10
-3.678111805108206e-10
1.40770094534058e-10
-1.256636929146833e-10
