[0.0, 31.0]
22.880662197786247
0.8083458632021511
0.01992024930099575
-0.0016918189099028613
-3.0288452584390956e-05
-2.6976009417988908e-05
3.715986233648339e-05
8.599433251036653e-06
-1.1133016164781661e-05
1.977287138408133e-07
2.220927281928499e-07
-1.1534182721871924e-06
3.4095914692909247e-07
3.629657146322373e-07
-3.744062462844144e-08
-3.562359683432511e-08
2.599338673345238e-08
1.2436233336569393e-10
-1.0102081119838833e-08
1.3264498610759007e-08
-1.3699800000534638e-08
-1.2284130179912544e-09
1.914678363235465e-08
-3.42610304424556e-09
-9.607451724419796e-09
-7.632138694009396e-09
4.95255566384079e-09
5.941243317608224e-09
-3.0074539050119014e-10
7.691938535060095e-09
8.426940522619759e-10
-6.601987223692789e-09
9.725222877627959e-10
-2.785824089749406e-09
7.103005581428319e-10
1.167756583035351e-08
6.722654343845982e-10
-1.0306015418119164e-08
2.862000192761985e-10
7.834055805244079e-09
9.971120357311257e-10
-3.0780349070332176e-09
9.356890056238587e-10
1.9587712937886332e-09
3.7457104804328953e-10
1.2371154085164263e-11
-2.0382620954523934e-10
3.4233716713317174e-10
2.779846573364468e-10
2.663430008330224e-10
4.979357782043415e-10
-2.2681182249070558e-11
5.408973739825175e-10
3.3597840128233165e-10
6.121793526165576e-10
1.878184633773122e-10
7.590014026668995e-10
2.701050286878374e-10
1.2331221205365039e-09
1.7020142901992576e-10
2.739942448123335e-10
2.9146542865362437e-10
8.551240964764435e-11
3.046278133717677e-10
6.859898534094064e-10
