[0.0, 29.0]
272.2264732386561
0.5972658388644378
-0.03414704195202142
-0.0012108859293323867
2.0392983652057916e-07
5.9414025073039725e-05
2.5720600790587196e-05
-2.6846665549759622e-05
-1.4677124945213142e-05
5.418480835514785e-06
6.273661813344351e-06
4.600845231110716e-07
-1.931558703617669e-06
-8.633375762531327e-07
3.124046869136362e-07
3.871400001375612e-07
4.101176332218464e-08
-1.3751834232266028e-07
-2.314623254064974e-08
3.066788472059012e-08
-1.0670330737490423e-08
-1.6331238265982362e-09
1.6817205667203657e-08
1.840968349188721e-08
-1.0296389859864414e-08
-7.964058177182658e-09
1.9313817112903356e-09
-1.4088663033105146e-08
2.6845018710400417e-09
1.0233235198356771e-08
-6.806785431191288e-11
9.52302651021004e-09
-3.718168110086509e-09
-2.0977810512217976e-08
3.603118984958027e-09
1.8143902140163752e-08
-2.6444159811525076e-09
-1.0749387847872463e-08
1.5159755010939052e-09
4.479112426952567e-09
-8.065840970446479e-10
-2.0727406662806993e-09
-1.7819513458896078e-10
5.467180147538241e-10
-1.446610409174268e-10
1.522910242216768e-10
1.832652596563931e-10
8.719579511509612e-11
6.511128429845191e-10
-4.128277983014603e-10
1.4029861558885228e-10
3.30631654406421e-10
2.508593237934718e-10
5.356455933551781e-10
5.396584573663294e-10
-1.6920942260812868e-10
3.6843937259463656e-10
-5.4033516453792874e-11
3.542346915846574e-10
3.274726864641486e-10
7.282939830416056e-10
-5.407792298279394e-10
3.4083585604197277e-10
4.96320337868558e-10
1.0131395562886815e-09
