[0.0, 28.0]
-0.06615788151813301
-0.002908437406632231
-3.633719291983544e-05
-4.514713450607704e-06
-2.988139949827568e-08
9.94942981168202e-07
-2.936483868782221e-08
-2.714963044325341e-07
7.179995736419706e-08
1.8523350320911854e-07
-6.787368283400462e-08
-1.1763988272590829e-07
2.3157274421822287e-08
-5.922010038688401e-09
1.6840408561517244e-08
9.809273607674999e-09
-1.5714733704125833e-09
2.34753957515727e-08
-2.1940619202521047e-08
-1.3078988506316646e-08
2.2845139652485135e-08
2.2767465978589863e-08
-1.2141520320109687e-08
-2.4117664907005405e-08
4.175303769459012e-09
-4.73288723546908e-09
-1.0764966624951026e-09
1.6677789145927257e-08
5.521482568555298e-10
1.9438367270116747e-09
-1.1597515769919822e-10
-1.926507165524224e-08
-1.9952739562354535e-10
2.099142685892465e-08
1.7771117318499656e-10
-1.433923335116039e-08
-1.1213368048356531e-10
7.235635510840021e-09
-7.732282284937734e-11
-2.206344800230788e-09
-2.065092479490187e-11
7.94889098134099e-10
2.2412589033180525e-10
-7.221030931898974e-10
1.791604715761834e-11
8.07412394882649e-11
-1.9744844396460696e-10
3.686966521147734e-10
6.991703892416683e-11
-1.9559060534537996e-10
1.5651228504550934e-10
-5.014012994414609e-10
-1.1815273739287204e-10
3.6809991243674397e-10
-1.9669700583063233e-10
4.256241461326009e-11
-9.611278270898677e-11
-4.846696998279866e-10
-8.816790185110849e-11
7.223875622932251e-10
-1.6379728610823474e-10
-4.307479961791158e-10
-3.2135348641097144e-10
3.0205200489905744e-10
3.930843888627305e-11
