[0.0, 31.0]
197.12575824279855
-0.5982553038256966
-0.022922789918787545
0.002752099321295253
4.519924126101748e-05
-5.4245600569875616e-05
2.149059438781332e-05
3.298121337292072e-05
-1.0740271158047607e-05
-1.3703637773755007e-05
3.5698866996929285e-06
5.040955060799154e-06
-1.219291809371134e-06
-1.8136898565625213e-06
4.648348856912387e-07
6.572705612522471e-07
-1.7986658329700612e-07
-2.3916736841459057e-07
6.821873496746116e-08
7.668512997863646e-08
-1.4013131934050716e-08
-1.864627970494971e-08
-1.687969079958731e-08
1.8911817395287684e-09
7.188926056236557e-09
7.487764188947781e-10
6.016073270588752e-09
-4.502717593445996e-10
2.020337530089994e-09
-4.127236867354928e-10
-1.0371627170060794e-08
2.6364053683294677e-10
2.0633788471469408e-09
-2.1753344770658664e-11
8.328261163245102e-09
-6.049138951650255e-10
-1.2411760293460094e-08
4.4782762351573773e-10
9.73229143965435e-09
-5.245116288148455e-10
-5.211135004795466e-09
-2.7503903200542907e-10
1.7177734063669508e-09
-8.380806589372182e-11
-1.0030458984622775e-09
-3.61187113854445e-10
1.9979056286123242e-10
-3.0751496141346237e-10
2.353240153909381e-10
-1.2670686923588522e-10
1.0402170554085015e-10
1.9866126263436327e-10
2.96267454562334e-11
-1.88927158613233e-10
2.678448426390891e-10
-4.0655812193080694e-10
-7.375823398728207e-11
-3.016944555475415e-10
-2.0477410882499657e-10
-8.97339020338861e-11
-5.1411012277589874e-11
3.4069086517220224e-11
-2.991595834927091e-10
-1.758027509940729e-10
-2.793156095361601e-10
