[0.0, 31.0]
-0.6539590178386501
-0.009723863210209592
6.375012527628885e-05
2.1180053447441528e-05
-1.984800789605619e-06
1.1184618425515868e-06
1.0240329821806227e-07
-3.2290144567181265e-07
1.8069204111292638e-07
2.3680589646975e-07
-1.3011863772568212e-07
-1.1696983711225174e-07
4.4979478550283585e-08
7.63903096756259e-08
-1.8718908984910483e-08
7.428638385956297e-09
-1.9962870895665627e-09
-3.066675539327048e-08
-3.849600704622181e-09
-2.7579108086466513e-08
1.5811226899047934e-09
3.259025347151247e-08
1.2132510229508043e-08
-1.7075042807276406e-08
-3.0157128212712685e-09
2.272837727732245e-08
-8.219195676318999e-09
-1.169800026014611e-08
-2.256382854006399e-09
-9.286450425622544e-09
9.854678044420727e-09
1.0875412432289416e-08
-2.202668223513275e-09
4.850927511582981e-09
-8.56502728391663e-09
-1.6665157053249614e-08
1.1897754206639755e-08
1.6288882965801862e-08
-9.90000875008076e-09
-1.0108936572460875e-08
5.044514950701498e-09
5.439649645007612e-09
-1.998101581751806e-09
-2.03367035491859e-09
9.142213810452688e-10
4.474238322490453e-10
-3.818836299204436e-10
-8.763218168919807e-12
-2.2671773821819881e-10
3.7889772188107647e-10
3.0024995650796037e-10
-6.52237430413145e-11
3.024423797891837e-10
-4.884186965521087e-10
-3.0191797579830814e-10
2.689324256117949e-10
-1.111517435910684e-10
3.934583473729958e-10
3.371528482229098e-10
-2.826718887368678e-10
-4.728254126540275e-11
2.0917380943394994e-10
-6.455156697590506e-12
3.19920943359546e-10
4.583073461152133e-10
