[0.0, 31.0]
0.7349898410587365
-0.0034043130263818593
0.0005831185172947802
3.2719645034230966e-06
-2.9402933119398834e-06
6.035848145086139e-07
6.348247869231757e-07
-3.0885523956362705e-08
-9.350288503563624e-08
2.3258303143706365e-07
2.8033755572525497e-08
-1.489980342199392e-07
1.4146076403376862e-08
3.616108390678581e-08
-1.9974890925435442e-08
-2.091985604424592e-08
-3.565261392166682e-08
1.480472970909532e-08
2.216343504291226e-10
6.6866884979373024e-09
3.3928903043832523e-08
-2.51329571496278e-08
-1.2149113568494772e-08
2.1033443427977624e-08
1.5121886921317897e-08
-6.017957205614945e-09
-2.1926156208408507e-08
5.56233306814201e-10
-9.999423475568938e-10
-3.5351105535644337e-09
1.7237824337314343e-08
3.6227013554498533e-09
-4.118867143846204e-09
1.4444107216774413e-09
-1.5321342820476468e-08
-4.193204991694278e-09
2.1325665838548302e-08
4.74467825143632e-09
-1.691831270766445e-08
-2.983133631634925e-09
8.955070576948983e-09
1.7090330698379417e-09
-2.758310782375618e-09
-4.6458577916142287e-10
1.7973144482739266e-09
-3.578603286684594e-10
-5.790953029273945e-10
-1.3321097176106822e-10
2.8562817152206867e-10
4.1993724672211355e-11
-1.176070099803829e-11
7.321592272064854e-11
-1.039227496215809e-10
3.437345375975417e-10
-3.747668328944125e-10
4.0769554148524615e-10
-7.491247315838761e-10
1.3892804868726476e-10
-5.1358877854926514e-11
3.4602722889490873e-10
-1.8454602895277292e-10
3.4162311060533393e-10
-5.403554105358522e-10
1.0017592319403189e-10
7.411005024896859e-10
