[0.0, 30.0]
302.1869212294973
-0.42848908003696873
-0.0312545288122272
0.001599345821647083
2.2278448204003228e-05
4.469019029725795e-05
1.8720492647187642e-05
-2.6360123998873427e-05
-7.952027060205714e-06
1.007895442031672e-05
2.9513750850265134e-06
-3.5272768464045643e-06
-1.166878820360452e-06
1.2816103084965356e-06
4.626002246680027e-07
-4.5524123294565195e-07
-1.7293599598086719e-07
1.7151583384717375e-07
9.564564207732603e-08
-7.061822663922423e-08
-5.2663782018079896e-08
1.727795873746156e-08
2.4165646103247654e-08
-1.0841470698068985e-08
-1.869970435527972e-08
1.2159516957153013e-08
8.76722133930754e-09
1.783986487195454e-09
6.892657622829995e-09
-9.888972808817876e-09
-5.492807891150411e-09
1.1583142476639702e-09
-3.6056152969116967e-09
9.745205066078162e-09
1.0568269476183643e-08
-1.288184960294011e-08
-1.0074532893153096e-08
8.8488274725231e-09
6.5593784581809164e-09
-5.608406336905742e-09
-2.370359128042488e-09
1.979517300408635e-09
1.3272127204633435e-09
-3.836070257738665e-10
-1.3520304931725293e-10
2.493026508458171e-10
7.695514119031546e-11
-2.993382176511552e-10
3.7742742897026254e-10
3.7180425379705076e-10
4.1827738593391903e-10
3.0939935534073137e-10
9.62270452595244e-11
-3.4399303309753125e-12
2.8970262057625783e-10
-8.526604480174327e-11
7.245746698154725e-10
1.9063458197664436e-10
-2.446308916184814e-10
2.8646772327075566e-10
-3.2861184562613764e-10
-1.2472223159122686e-10
8.63926273450273e-11
4.3459259759832994e-10
-3.469314203793276e-10
