[0.0, 31.0]
72.92680019460437
-0.6304016806658207
0.012337516429783382
0.00295025076165288
-3.918781728743907e-05
-7.348254277922416e-06
4.1683439249877194e-05
-6.336474185768187e-06
-1.5188364656003922e-05
-2.144459904198317e-06
2.060484274313213e-06
2.2172131253314993e-06
-4.053634960154185e-08
-6.930529542081616e-07
-6.286747519986484e-08
1.2816699497565825e-07
8.790861115610414e-08
-1.63136111183835e-08
-2.0851045416722843e-08
3.798424775906605e-09
-3.1715051323051295e-08
2.0687079157976344e-08
2.2836685902623455e-08
-2.345391951192089e-08
-1.8452393336998475e-08
-3.9092053794866005e-09
1.981383738950214e-08
4.39816501636957e-09
-2.4032346505747714e-10
1.0596233750595345e-08
-1.1944470947901378e-08
-1.0792930496214691e-08
2.5959737042920793e-09
-4.529085218570732e-09
1.0712014344712879e-08
1.604749839918799e-08
-1.587750909543495e-08
-1.517039815742287e-08
1.2141337714746107e-08
1.0335805521872536e-08
-6.697864635745697e-09
-4.2922063998267976e-09
2.1262195031800636e-09
2.560209974434905e-09
-1.5287901274035688e-09
-2.9099990003921956e-11
1.3656355278541448e-10
5.743999023120564e-10
3.891574427459916e-11
-5.8191248663988745e-11
-4.6186598856753e-10
-2.5467418454413936e-10
-7.789932366821244e-11
6.522612910670631e-11
5.585494298272689e-10
-3.557695700755757e-10
7.033456391638144e-10
-5.27645201347128e-10
-1.1010483840052154e-10
-2.9807874158247457e-10
7.337661389308446e-10
-5.447715812384316e-10
6.489018570430931e-10
-3.822653331226529e-10
-2.5373440800365363e-10
