[0.0, 31.0]
-0.5256475592044091
0.00045363268299938766
0.0004953140451320333
1.1775562062962257e-05
1.3587740570102887e-06
-1.6634700947234614e-06
-1.739875327435481e-07
4.00632249976563e-07
1.0463040252430336e-07
-2.0825121705666692e-07
-1.839220398035212e-07
7.57989498740315e-08
6.93873900598215e-08
-7.919786779024199e-09
-3.89029444282579e-09
1.7187784795729894e-08
3.4481597132600246e-08
-1.3095858616899665e-08
2.804722434831774e-11
-4.3323066396635474e-09
-2.8802130154990443e-08
3.146027640968455e-08
9.813639116418577e-09
-2.9084553012588467e-08
-1.2940496452643124e-08
3.547503887875367e-09
1.9241087662680218e-08
1.2677965440737717e-09
8.460532355628365e-10
8.094265633223749e-09
-1.4675177033578457e-08
-7.691474503697332e-09
3.417623228782837e-09
-3.216723462737256e-09
1.2938297455194436e-08
1.1061823653931026e-08
-1.8934071482066483e-08
-1.111264544855303e-08
1.4657961273247188e-08
6.746660115162342e-09
-7.851988441476093e-09
-3.3975570345293563e-09
3.489353058355339e-09
1.4537783616010412e-09
-1.1928125488970325e-09
-2.2462746041541192e-10
4.886874596347589e-10
-9.941539653380283e-11
-1.2270802592254045e-10
-7.253989678947456e-10
-1.7886196355508838e-10
2.521816688594686e-10
3.2019905096205764e-11
4.878550337680236e-10
2.759990671873042e-10
-1.9692359790634945e-10
-1.6236201647134858e-10
-6.586531494861861e-10
-4.2138433781665915e-10
-6.431266562077437e-11
-2.7290112214342006e-10
-2.800635083657631e-10
-9.379114888748554e-12
-5.465389418624787e-10
-2.2866801135552966e-10
