[0.0, 31.0]
4.41770418818921
0.010344662192008212
-0.0007464559208992118
-1.678039840517644e-05
3.3487712701530694e-07
4.665051374289106e-07
1.2733891462051456e-07
-6.439602105120239e-08
-1.794631783656316e-08
1.1114280745364767e-08
2.280729541488596e-09
-2.203776084649652e-09
3.507651034819485e-10
4.5036510845067303e-10
3.919945156731692e-11
-4.496492557402668e-10
8.412087005322906e-11
7.347487103994564e-11
-3.153680980357922e-11
-1.0517662464609755e-11
-4.121805117283235e-11
-1.491341735443404e-10
1.9411830096887758e-10
-1.686431870773759e-12
2.033873007403492e-10
-8.788670961934973e-11
8.173978094833005e-12
-9.00971940514593e-11
7.297730640803177e-11
2.5194113723219647e-11
2.4060248234879606e-10
4.36138306454935e-11
7.362065591312138e-11
-3.243376479945956e-10
7.202736725784518e-11
-2.4076211605099916e-10
1.6689511973596678e-11
-3.411274198044814e-10
4.0838038652925494e-11
8.135021939894095e-12
1.8540547024168032e-10
3.045464355804399e-10
2.3107060478792985e-10
-1.3718729130459993e-11
2.1974670466170626e-10
-1.3719199952964557e-10
5.92019072592515e-11
-9.412166649410931e-11
8.927727232599991e-11
-1.517208645504207e-10
2.2180716779464548e-11
-1.5961643272264323e-10
1.8696486690493737e-10
-2.524664087983544e-10
5.238670877239401e-11
-4.775450337079177e-11
-3.8141399526212e-11
3.589832370719639e-11
8.120003852379711e-11
1.64339117452018e-10
1.351697631742776e-10
1.2476192356971004e-10
2.0438670470563635e-11
9.972031613620503e-11
2.3031385472596508e-10
