[0.0, 31.0]
3.4098490183631496
0.009308462869930107
-0.0005906472331034462
-1.2466916729867794e-05
1.3161353782326774e-06
3.263656010417532e-07
-9.879417008867966e-08
-3.0824037216011024e-08
2.2992862610514563e-08
1.877674330196741e-09
-5.489005507925619e-09
4.1413055376071804e-10
1.3155046338634312e-09
-5.0727704591785226e-11
-1.520965190363091e-10
3.869372243717769e-10
3.92031840181958e-11
2.890092925409757e-10
1.436743386723408e-10
2.973354933596947e-10
-1.1090130580623839e-10
1.469982830842072e-10
9.275365095874796e-11
2.9639990717442086e-10
-1.9503780730196542e-10
1.1902694863178362e-10
3.8269850091705435e-12
1.8239216062615994e-10
7.346999538232855e-11
1.0278756524013805e-10
-1.592033246252771e-11
3.8309912951471513e-11
1.9012467744592693e-10
-2.7381630045964705e-11
-2.2354803426906935e-10
2.0469311431818445e-10
1.0925873122117106e-10
-8.020464239252877e-12
-1.181745466202077e-10
-8.367554286029299e-11
1.4823704568243237e-10
1.7928850026439083e-10
1.5671768946377505e-10
-1.6480295843038838e-10
1.299480382462527e-10
1.8841438842522525e-10
7.949128045878495e-11
5.7046626215423956e-11
1.6582365532333236e-10
1.9421689394646097e-10
1.6316467657490732e-10
-6.477607859717285e-11
-5.138605960429081e-11
3.072942980867171e-11
1.2007550248038518e-10
-1.5598665331325273e-11
3.3764170880609544e-11
2.211678601453947e-12
2.5765238400981793e-10
2.196661937138611e-10
3.4631948453001307e-10
-8.430911996963575e-11
2.582699038378839e-10
2.3079912056538578e-10
1.8975700565679505e-10
