[0.0, 30.0]
-23.849126954062804
-0.09441100117273414
0.000501234669881846
0.0002861732165563675
4.767436501633484e-06
1.1129372741123232e-06
-8.187387435351348e-07
1.1663280224921278e-08
1.2216041326046667e-07
-4.5558381204929486e-08
-1.665410111926439e-08
1.4247186072821497e-08
7.170572369881453e-10
-3.027617612645785e-09
7.967078395594143e-10
6.250254578583835e-10
-3.3977497035700037e-10
1.4276276354706255e-10
3.00356729687159e-11
-2.5951806489406227e-10
-2.2672112762494956e-10
8.035171691610568e-12
6.772798195001256e-11
1.2134421596513635e-10
3.0964971487909673e-10
4.408078162586415e-10
5.94903238798563e-10
2.2849085450033246e-10
2.148650344992522e-10
2.6511140499864563e-10
6.914694763453623e-10
-8.071910872345779e-12
-2.181297139028537e-10
-4.142565447178642e-10
-8.820140377959916e-11
-1.358034547962499e-10
-1.3025107327009485e-10
-1.193070687854264e-10
3.7364379505300813e-10
2.1278707517939975e-10
1.7373234507120777e-10
-1.0992138366962099e-10
2.6491611380456345e-10
1.5429071656903568e-10
-2.1055072371798256e-10
-1.6950142743909248e-10
-2.9671002277918953e-10
-1.6728137473372114e-10
-2.147821456073771e-10
4.53540765387678e-11
9.921399550796238e-11
4.824547560687373e-10
3.5637402637566016e-10
1.4775066720991007e-10
2.8399168992605853e-10
3.877190283824502e-10
4.5808933734502855e-10
3.877219613914404e-11
-2.369609232946645e-10
-3.194972262189143e-10
-7.248886979365945e-11
-3.5467419165937226e-10
-2.1303291166520481e-10
-2.0618112458788758e-10
4.470422557919146e-10
