[0.0, 30.0]
0.7222160602948773
0.004413458830856057
-3.9294725021739206e-05
5.570795162177061e-06
-6.49083319097386e-07
-1.481255301991956e-08
1.1335470067065551e-07
1.3130754824085086e-08
-1.6223332915498007e-08
-3.378542128357175e-09
3.102398194368252e-09
6.474236305677928e-10
-1.4834211564109155e-09
-2.664515198021119e-10
4.4192292631231854e-10
1.1485561829254673e-09
5.366643017006155e-10
4.837380958202e-10
-4.621255447277183e-10
-5.396577730998616e-10
-6.338783306452241e-10
8.858676311946437e-11
4.984545623891146e-10
1.007260855724035e-09
5.664966902182093e-10
1.6091860502465835e-10
-7.021464012412334e-10
-6.431862590312186e-10
-5.74102723623326e-10
2.049723363548128e-10
6.154900665759699e-10
7.996700112676725e-10
4.0826374309574237e-10
-2.703392132529594e-10
-8.394597499753321e-10
-9.19005934677508e-10
-4.217230074766606e-10
1.8359563566508308e-10
7.290512618973778e-10
6.250284699425533e-10
9.448636832967565e-11
-6.320469115942392e-10
-1.0320134419386802e-09
-9.560122627045622e-10
-3.2356614645768693e-10
2.2811553682971183e-10
7.397722041719526e-10
4.5816980437298954e-10
-1.4848012415762894e-10
-1.0039183788132413e-09
-9.914411650620426e-10
-9.92943071668921e-10
-9.159598656697982e-11
4.1752452576742464e-10
7.566566486962746e-10
2.9225522372730933e-10
-2.7748370361035386e-10
-1.0263007241082611e-09
-1.0545303241519424e-09
-5.869590822193582e-10
1.4107113060955312e-10
8.081412404264334e-10
8.604214102968561e-10
5.075812726539232e-10
-2.570471659397715e-10
