[0.0, 31.0]
-21.527276391080417
0.008727756453692137
-0.0063338368918038805
2.0741524329202628e-05
9.75938462218064e-06
-1.4879815892606448e-06
-2.9192671317620756e-07
1.0421370781640316e-07
6.884696581881972e-08
9.614666609605064e-09
-6.758298272694943e-09
-5.52380949622793e-09
-1.1416177862400316e-09
7.464619753733223e-10
8.274432349013204e-10
4.029176355977791e-11
1.1360872114870813e-10
2.119762735578736e-11
1.8881998713131322e-10
3.002676328447928e-11
5.319988706894768e-11
2.0298731427428306e-11
-2.7897387124806926e-11
4.5226478324884315e-10
1.3843906528241733e-10
3.683112454859025e-10
-1.1778462955195626e-11
6.865326944617879e-10
1.1858595895906958e-10
2.717709421093939e-10
-1.513302191407525e-10
2.835045009889183e-10
5.3872046401661156e-11
2.277665170703977e-10
-2.76276410666681e-10
1.9471853510690282e-10
2.6841096732379543e-11
-1.7891838781065258e-11
2.751027708130258e-10
6.02367223913262e-11
4.614967862645782e-10
-1.3866313017394975e-10
-9.793126460794518e-11
-3.573577503688374e-10
2.7145063052240203e-10
-2.1550785697002622e-10
2.0265367210785881e-10
1.2359982009074693e-10
1.4312736671143286e-10
8.70932210668799e-11
2.53623260615757e-10
2.964079017572661e-10
9.520068483561686e-11
4.891713631760175e-10
-4.0694541011956363e-10
5.353818810296862e-11
-3.074240548122939e-10
4.156468590525391e-10
-2.269479226054898e-10
3.732816094313519e-10
-3.7389259365644265e-10
1.6877769769379595e-10
-2.691261856772288e-10
-1.3327744410840768e-10
-4.2631109694827546e-11
