[0.0, 30.0]
-1.4422310137795815
0.0036116874452806085
-0.0001648453411985769
9.640869355057587e-06
5.056693438804781e-07
-1.7236035801761592e-07
-5.9359311038975406e-08
1.132286545982237e-08
1.0775314844681258e-08
1.0763223310602333e-09
-3.283108033215514e-09
7.127081431579612e-10
-4.799035707637406e-10
1.1896220136786278e-09
-8.969526179329228e-10
8.019476303412845e-10
-6.694640909873434e-10
5.421847627231765e-10
-4.107781729835452e-10
3.3442456165663955e-10
2.1536929725904552e-10
-1.4844486150829195e-10
3.056225891695675e-10
-3.8928443923526243e-10
4.1070746950403643e-10
-2.0929409556653652e-10
5.04855637469518e-10
-4.390686016522793e-11
1.7707113678649297e-10
8.04948956332289e-11
-3.131978096254528e-10
5.0790910097506e-10
-5.022092769009525e-10
8.575476293078576e-10
-8.376412235387976e-10
1.1700847631064485e-09
-1.2581425920286174e-09
1.1052307336370332e-09
-1.0592447090380577e-09
1.1167013851209153e-09
-6.688629025095857e-10
7.728917947582229e-10
-7.030163185962854e-10
4.377904315302129e-10
-1.9519580964584286e-10
4.769818003539088e-11
2.984428432302227e-10
-1.7924929845135927e-10
2.905899137058276e-10
-3.252599234540021e-10
2.3860945933234907e-10
-2.6431908548954206e-10
2.0252947238462663e-10
1.594177125362589e-11
-1.747234216390826e-10
3.368445440716281e-10
-6.005386681932878e-10
5.772566805574412e-10
-7.672719860855578e-10
9.84650399177039e-10
-8.937049065627474e-10
8.113636132532617e-10
-1.0750482741070172e-09
5.111236215127183e-10
-7.96837406098008e-10
