[0.0, 30.0]
-7.280159789694298
0.03137444336194738
-4.001334513360231e-05
-6.424648990385957e-05
3.1485758305661507e-07
-5.34933055144199e-07
1.8302509050127136e-08
8.638086447758283e-08
-1.907675354980512e-08
-1.412432451540749e-08
6.935042829032941e-09
2.706948510952404e-09
-2.1298495426947647e-09
-1.5450716317782738e-10
4.084091837338748e-10
2.39868983770383e-10
-3.5517287583869953e-10
2.3593757430033043e-10
4.216002287801016e-11
1.4853949388223222e-10
-4.8689736228517444e-11
2.3796525702935587e-10
-1.808062140269727e-10
2.5784298075469664e-10
-4.7573849603703684e-11
3.0395721259623155e-10
6.611098846082231e-11
2.401353390569845e-10
9.373897533572173e-11
1.8980247001272976e-10
2.419700732726974e-11
2.903680660763554e-10
2.1983743161809033e-11
1.4621990742270208e-10
-1.4236296263591429e-11
1.6036833394668973e-10
-1.1204665692316615e-12
2.0784841560816866e-10
-3.330286301230525e-11
1.2918905778161998e-10
-1.2158374656092887e-10
6.08548171692584e-11
-4.562578749064553e-11
-9.651169798956118e-11
1.5409574067906127e-11
2.2040738895850268e-10
-3.788573806860414e-11
2.429241039267944e-10
1.1492976536454261e-11
1.568007060021936e-10
4.418811656740014e-11
1.9666821865191352e-10
-1.6323825594436722e-10
2.4172332840916967e-10
-5.406596390826866e-11
2.2408397388310604e-10
-5.1204502055012276e-11
9.174393013392356e-11
9.28946806492363e-12
1.1091569549450361e-10
-7.897633444772212e-11
2.0703572024655336e-10
-2.0538403221294565e-10
1.008583493239658e-10
-1.8705262182945817e-10
