[0.0, 31.0]
9.430560843898132
-0.016019735055717167
0.0009177225195485439
6.615829553379356e-05
-1.3157039124694252e-06
-7.019874521081627e-07
3.052138653267326e-08
6.878548730926914e-08
-2.4943144310311066e-08
-1.5163596857198263e-09
4.652010776092096e-09
-2.4412293930531843e-09
-2.0969862914853606e-10
5.696089345937259e-10
-5.461444053336951e-11
-1.8362152918497023e-10
1.3908490982558657e-10
1.3394304262104846e-10
-3.3246335597595557e-10
1.4276768970956966e-10
-1.245466051448721e-10
-2.597840727145218e-10
9.647273734075841e-11
-8.562991329704415e-12
-4.657775350470422e-12
-4.4500367857119637e-10
1.6136093365259322e-10
-4.734577910141894e-10
1.0172357004650328e-10
-3.426522743184819e-10
-3.0964084047174144e-11
-9.541070806349991e-11
-6.493928891816712e-11
-5.578769241452654e-10
-1.3471802534478764e-10
1.3604416268605645e-10
-1.0677834388575162e-10
6.313947262249394e-11
-1.2906779396206904e-10
5.404759937837146e-11
-1.1102015243732274e-11
-1.2824401179791916e-10
-2.4114922743542807e-10
-1.17811318895633e-10
1.5111794270544145e-10
-1.4876514313637317e-10
2.888900276163007e-10
-2.4877036065093754e-10
-2.647501090639361e-11
-1.4001050666673956e-10
1.3852484978283247e-10
-3.314337670447563e-10
5.4502062484867614e-11
2.8847472376967595e-10
-1.584909205061661e-10
-5.927506637633745e-11
-3.076787641318369e-10
-1.6216635080685174e-10
1.4045546761611243e-11
-1.4043982549319427e-11
-1.1787262776518358e-10
-3.78092764141067e-11
1.2164803815737497e-10
-1.9993455760832358e-10
-8.842865580044261e-11
