[0.0, 30.0]
274.8662100703458
0.29288534991436516
0.01387998125833735
-0.000681552426190416
-2.7890330023183178e-05
5.560286066194024e-05
3.960899496091758e-06
-2.8729462541802103e-05
-7.217275924855786e-06
4.431066645580272e-06
3.546754604968639e-06
5.525662890393823e-07
-4.70664842956392e-07
-3.3375249365519346e-07
-1.337386841314182e-07
1.3318542197456208e-08
5.85561639674578e-08
2.3953885391566888e-08
-3.985519420520866e-09
-4.0484083729350445e-09
-2.911535479250004e-09
-2.4491815025070067e-09
1.8793051510856385e-09
1.903427821636987e-09
-4.662503138349282e-10
-2.6170779637513976e-10
-5.053561603673841e-11
1.2436994097120545e-10
-9.251257338494737e-11
2.2107401502624325e-11
2.4498436017621046e-10
-2.4962823659834527e-10
7.247218928635792e-10
-1.2734019675633105e-10
1.5891503000819366e-10
3.1271897355793077e-10
-8.581279336341065e-13
2.4344148508360055e-10
-1.791962529044972e-10
5.216469509076681e-10
1.3833720370369917e-10
8.598985745529616e-10
3.9144937476400334e-11
1.4907514950356784e-10
4.3057623550289104e-11
1.6407919045099252e-10
1.4598319096192496e-10
-1.9844685452716022e-10
4.832698891471834e-11
1.685954597426406e-10
1.3617766086253236e-10
1.5703849121463863e-10
1.5375925372838148e-10
1.9040611021544672e-10
4.5250372498793845e-10
-1.3384769042973183e-11
-3.8157534754485087e-10
3.5405661909550897e-10
-2.822721183435542e-10
3.222237802159546e-10
5.648008164801205e-11
-3.9863521611544547e-10
-3.69656936210353e-11
-1.867829616054337e-10
-1.5383898683069267e-10
