[0.0, 30.0]
335.51923440545795
-0.14433190116356
0.0032046967299589387
0.0004661063436881088
1.7012293516145368e-05
4.607959800140673e-05
-1.5777470638844606e-05
-3.0996247467384095e-05
1.0911619963496062e-05
8.55368773701337e-06
-5.134411957802131e-06
-1.0113759669916361e-06
1.533274061535239e-06
-2.671652767236443e-07
-2.453879019019408e-07
1.857528822505901e-07
-1.7833807746629054e-08
-4.803710875184403e-08
2.419414050025577e-08
1.9461963493201624e-09
-9.463502044013234e-09
3.5709929049901515e-09
1.4905151979328503e-09
-1.59047204574092e-09
-5.772273351345095e-10
7.985588373384467e-10
-3.741946104097892e-11
9.379010678446503e-11
-5.4599893170906747e-11
5.698909826310019e-10
9.092151515059102e-11
7.17957048003526e-10
1.9608461775786345e-10
6.147923608975027e-10
2.529600993760152e-10
5.445491520738915e-10
2.2946693536528322e-10
3.399572815873971e-10
2.0445682793441284e-10
4.581817536222329e-10
2.9073381096285075e-10
1.3487787539502762e-10
1.5953341340269465e-10
1.4207179083198023e-11
-3.2985788629184516e-10
-1.3546945750036064e-10
-5.901342724747408e-10
-4.280987280247409e-10
-5.538519990075388e-10
-1.5698607175724984e-10
-4.82554863003231e-10
-1.691293225364711e-10
-4.5136301915167535e-10
-3.327594964816045e-11
-4.553529591882864e-10
-1.4603831306619802e-10
-3.097180090365259e-10
-5.214315667308839e-10
-3.400744012093078e-10
-4.731998148650105e-10
-3.150759180987756e-10
-1.6229530884000982e-11
5.0284817143872534e-11
1.8224588474004897e-10
1.1623731966813758e-10
