[0.0, 31.0]
4.248939915229979
0.015140463490851283
-0.0004621016550188578
-2.650257947237032e-05
1.6835412704672103e-06
-1.926141263711703e-07
-1.1947670001585778e-07
-1.0475299983983222e-08
-5.206670994761601e-09
5.754229632901335e-09
4.241470239071869e-09
-4.642559242906489e-11
-6.747978357493415e-10
-4.0328301845999535e-10
8.23726135765936e-11
1.780446079267405e-10
3.4630836567519447e-10
3.963567183016421e-10
5.625281341858609e-10
2.97846072466809e-10
3.0523631777867576e-10
2.5262859193498707e-10
6.072956023778315e-11
-3.306944051102435e-10
4.8670946909264435e-11
-5.839633112878888e-11
3.7675196820613624e-11
1.2108936312488808e-10
4.2502820987264574e-10
1.7135410848242453e-10
4.875851964888635e-10
2.4309472307725247e-10
4.934178973706715e-10
-1.3285293620385494e-10
9.79813589258681e-11
-1.0340824158654088e-10
-1.6029549095981633e-10
-3.7145099340663433e-10
1.0713025890846727e-10
3.901432985160381e-11
2.706188436279486e-10
2.3096203111518277e-10
7.34963507756531e-10
1.3544396255301284e-10
1.7036241799794917e-10
1.3047067325480394e-11
1.9458401182052586e-11
-3.6531631254785943e-10
-8.988842512220023e-11
-1.3922042910439078e-10
-3.5314343500075825e-11
-1.1972646913379877e-10
2.962759747105682e-10
1.917720638829315e-10
3.6189758284640943e-10
2.3172679988746394e-11
5.232732189188122e-10
-1.2385725163421085e-10
-1.584884356822495e-10
-4.15452685297455e-10
-2.643294531636182e-10
-5.087149198604279e-10
-1.7937824449051454e-10
-3.8214896620374e-11
-7.931854792558981e-11
