[0.0, 30.0]
301.33906887618656
-0.16797849099362283
-0.009834801081530972
0.0005510628151634049
8.19410613774829e-06
3.0987770755539145e-05
1.9335430783307423e-05
-2.0431011548205322e-05
-1.1331522060825268e-05
4.575699371661985e-06
4.805783966832178e-06
-2.3574461178052325e-07
-1.6776517166328656e-06
-2.5827077118215156e-07
4.997850331572198e-07
1.752503627125055e-07
-1.3472129861552918e-07
-8.4858729838383e-08
3.376900543909879e-08
3.418855119184948e-08
-7.703498110810967e-09
-1.1223743781090505e-08
2.0591484328285934e-09
2.9652896306739438e-09
-1.7509352598266337e-10
-6.227020528368803e-10
3.355748786947439e-10
2.3960740760803583e-10
2.69785306463369e-10
-2.5775165175463736e-10
2.0394522932772747e-10
-3.5115787654503333e-10
-1.233541125430422e-10
-2.0587856161285872e-10
-1.8627184338002368e-10
-3.0737015670745445e-10
1.1060564078660196e-10
5.860826557606988e-11
1.4808995419429867e-10
-4.1063708618108076e-11
-2.914802309737555e-11
-4.914413188264299e-11
2.2912592156803483e-10
-8.596262488129545e-12
2.262580038248857e-10
2.4539205741489897e-10
1.7008892871508136e-10
1.91547782335973e-11
-6.982108114881488e-11
-1.4668958816175696e-10
-2.5206867143050848e-11
-1.2030506711417202e-11
9.950087593499533e-11
-4.0891895937168166e-10
1.1890304394341945e-10
-2.0184922522592088e-10
1.1865334058426224e-11
3.8303931607043147e-11
1.6242138084124252e-10
3.2813210658304665e-11
-3.036117842082638e-11
5.246841137928111e-11
-2.749802762013425e-10
-3.338421397194213e-11
7.787937276000743e-11
