[0.0, 31.0]
298.489049762915
-0.2084133479927175
0.007465019101381549
0.0007474266458766877
1.1907046234171378e-05
-4.158409962098504e-06
-4.5576596305676514e-05
2.5672942064895515e-06
1.5682078139601438e-05
-4.783617988199977e-06
-1.7209161677960282e-06
2.1012346544598644e-06
-1.8617168077287213e-07
-3.664673498799381e-07
7.545487269973803e-08
2.5359547042683626e-08
2.561684240367458e-09
-4.074088566377295e-09
-5.111593263892438e-09
-5.5655775765312584e-11
-1.1260768193910404e-09
2.162573766130013e-09
1.5906134991171944e-09
-9.752423417763318e-10
-1.5398983717419657e-09
6.011651961064336e-10
3.0274292961342066e-10
-1.639942173806938e-10
-1.2624681130244942e-10
4.1494833922385736e-10
-1.548056062741282e-10
5.228997697118249e-10
6.346665470503745e-11
1.3148905890067345e-12
-1.2500067661224281e-11
1.7745034324659047e-10
-9.173701945298097e-11
4.717857721978114e-11
-1.0031295368614233e-10
1.0852741933594524e-10
1.430994478443457e-10
1.2442089385824844e-10
-1.232466802607323e-10
2.858282999699886e-10
1.5046906542657285e-10
2.583228711037787e-10
-2.471325098334179e-10
1.1775705613330695e-10
1.4505352538522333e-10
7.28907853943946e-11
-6.711800978774046e-11
1.3226841203952027e-10
2.2508588097022562e-10
-1.929871291648031e-10
2.6562104476503284e-10
2.0259613010569309e-10
-4.208543614663684e-11
1.1828561141364288e-10
1.661045020101534e-11
1.3772072405741964e-10
2.721430052951653e-10
1.5060524119599938e-10
1.265417173483373e-11
1.33772905726517e-10
-6.836662633927827e-11
