[0.0, 30.0]
-5.836174235882802
0.01598225249809029
0.0010418006698053569
-2.1465771445985853e-05
-4.897751400772852e-07
-3.846436299071379e-07
-1.9158059897998612e-07
5.526590155254225e-08
3.74510578588451e-08
-8.53469969141575e-09
-9.390345446133963e-09
1.1468087829038019e-09
2.329770872521825e-09
-3.196796392456989e-10
-8.881042741395409e-10
2.474712584880847e-10
8.829062629656639e-11
2.625321386279409e-11
-1.8648010511096086e-10
1.6651480468425015e-10
7.86722492423714e-11
-2.281208959847982e-11
-3.3702310883385627e-10
-2.851387224566329e-10
-1.712459024016955e-10
-4.088177636977394e-11
-1.4133388409406011e-10
-1.986985845326114e-10
2.543289859982238e-11
-2.164942330910553e-10
1.4622464801593494e-10
-7.621240474802438e-11
-1.785907773756697e-10
-2.4167616624724843e-10
-2.701569484160323e-10
-4.3987143987097193e-10
-4.5006246973622134e-10
-2.2678184585862034e-10
-3.579024958960176e-10
3.8781488127819134e-11
-1.14381687608919e-11
4.752183582023319e-12
-8.129053327595962e-11
-1.2461036791994854e-10
5.618555016696947e-11
-5.701047737047383e-11
-8.878560090975751e-11
-2.1101857840937823e-10
-3.7321107022034764e-10
4.4139965954225494e-11
6.152436729350871e-11
-6.083476336124722e-11
-1.3894149068634108e-10
8.67721210896863e-11
8.643319884575973e-11
1.0179354804811775e-10
-3.723027134344859e-10
-1.1649613151478516e-10
-4.4318274075191045e-10
-7.900817739840135e-11
-1.682178340758167e-10
-1.8461027208974493e-10
-2.8225733254366384e-10
-1.0807524796386194e-10
6.222817557241382e-11
