[0.0, 30.0]
353.44265179667536
-0.13998783767594425
-3.329935590981626e-05
0.0004446256509601737
-3.012221602643002e-05
2.877490244269141e-05
3.309813539033277e-05
-1.4859130877633073e-05
-1.5716899676161142e-05
-4.6003256487400656e-07
4.242807646618416e-06
2.1102097439442342e-06
-2.3431391591065338e-07
-7.606674434412895e-07
-3.388642129046787e-07
7.526507310561778e-08
1.5586384581527894e-07
4.860196132506055e-08
-2.7733820939836674e-08
-2.8902874850513555e-08
-3.492193353205945e-09
9.263079922014071e-09
4.577501550244582e-09
-2.135200880164824e-09
-1.2659480989030205e-09
1.3162899539802157e-11
9.355503962157424e-10
-1.1264575514029587e-10
-1.4429797434093463e-10
-1.5793393898501937e-10
-1.975378211760828e-10
-4.423639627544207e-10
-9.102324354042854e-12
-4.9941547584406184e-11
-3.026318733435038e-10
-1.913438602743878e-10
-5.922279445753635e-10
-4.676969680613245e-10
-2.8052778488897956e-10
-1.4018822036943757e-10
-3.7895753411894913e-10
-1.491444207003279e-10
-2.2008497159427593e-10
-6.087201301589099e-10
4.965742955310976e-11
-3.6390310037585537e-10
-9.021924859461786e-11
-3.886710352305011e-10
1.3509100276762458e-10
-4.744775843916339e-10
5.457450577302589e-10
-1.7415807415884077e-11
2.5356018558368433e-10
1.5476486365977527e-10
2.14626383885505e-10
9.388796768158552e-11
3.7048880913715736e-10
4.409793975830296e-10
1.1793633811396765e-10
3.813640851158241e-10
9.20191970631376e-11
2.750207911979644e-10
-3.944915160790675e-12
4.920192292721228e-10
-1.782098104946956e-10
