[0.0, 31.0]
332.2681897394201
0.17332768004630536
-0.004585949672918039
-0.0004523448062250876
4.423951781059161e-06
8.210270510064762e-06
3.848125803542579e-05
-6.81330521703572e-06
-1.2269655742338088e-05
2.9805010606087517e-06
-1.7136601764892037e-07
-1.1182065023254032e-06
8.474360914950212e-07
2.76442884079439e-07
-2.232994665240124e-07
-1.9390834696498533e-10
2.9207126813902003e-08
-2.325914713738967e-08
-3.8642761848215975e-09
1.130844989124721e-08
-2.6795877769610037e-09
-6.826168590642749e-11
-8.295369616490496e-10
1.5170648288197884e-09
-2.1180042121521017e-09
2.1197410573038177e-09
-1.444491237724475e-09
1.9750528422261303e-09
-1.3374509831378685e-09
1.6337314003050687e-09
-1.6587431369509152e-09
1.8359633558401341e-09
-1.8640760335903096e-09
1.7672576444339145e-09
-1.3714501638665583e-09
1.7463700483302043e-09
-1.5439202116837661e-09
1.3261450510946537e-09
-1.9358057982663945e-09
1.4787470133967622e-09
-1.8016533265850715e-09
1.2273339439250118e-09
-1.39809084014465e-09
1.477255571267174e-09
-1.379382238123938e-09
1.389770780768078e-09
-1.2106371093399953e-09
1.3567150626148777e-09
-1.0406251653572763e-09
1.106280322243747e-09
-1.3392720927648562e-09
1.1009722478091529e-09
-1.0320250314510413e-09
8.341388320116554e-10
-8.893573691721141e-10
1.4557618349665157e-09
-6.632401633273743e-10
1.0196340429942523e-09
-6.929089644196402e-10
8.133459704161355e-10
-8.404802906805383e-10
2.7744737983671943e-10
-7.882226624466661e-10
4.927726726392529e-10
-3.4001275511880487e-10
