[0.0, 31.0]
326.7149050390867
-0.16990318588309095
-0.000689373670005309
0.0005537414867961556
-1.2770441770081576e-06
-4.361532299105113e-05
-8.167409779057283e-06
2.303442709460152e-05
6.42560104545805e-06
-1.9293991838069046e-06
-2.209904280429712e-06
-1.0441777209086497e-06
1.649017106815746e-08
1.8524743454655018e-07
1.8333935331125616e-07
6.644172032146479e-08
-2.395709078361349e-08
-2.8338563204004182e-08
-1.2071247842677335e-08
1.4669122029751564e-10
3.1984679741794044e-09
1.633593389942598e-09
3.7674453173897725e-10
-8.430172259358328e-10
-1.6932887346518662e-10
-1.7353775494511525e-10
1.1866187326543677e-10
2.336940387837947e-10
1.3007439753687454e-10
-2.739168870752732e-10
-2.755540093171024e-10
2.859979563721479e-10
1.244693334960186e-10
7.676268063215515e-11
-1.5110026136397042e-10
-1.311281840705668e-10
5.918534218331693e-11
4.263237415468395e-10
2.9632141979651125e-11
-2.7401596613595557e-10
-8.193758909737919e-11
2.322413358096572e-10
-2.0025887564130862e-11
-7.988954660623216e-11
9.772582675634062e-11
-2.2884505618668001e-10
2.5635012699995107e-10
1.1915984698168684e-10
2.2185348346799955e-10
-3.0247293623458587e-10
-1.424851658902252e-10
4.967323558403056e-10
-2.023044031893812e-10
9.388086944954539e-13
-1.987517354602449e-10
1.9500545142888195e-11
-2.993105605351409e-11
2.7547109899631773e-10
-1.6114216409287634e-10
7.887102360150612e-11
-3.13507367644311e-10
2.706333448320076e-10
-4.894806249863964e-10
-5.192275534188785e-11
-6.789908918973179e-11
