[0.0, 30.0]
300.0274348534666
-0.17505540538172062
-0.009563578677978966
0.0005560444945415875
1.7591776917896e-05
-4.912846004588525e-05
-7.384521921502633e-06
2.8489325946539925e-05
-3.3573120658678857e-06
-6.1964517168669065e-06
3.934355350358022e-06
-3.0590602389397524e-07
-1.2699477668988643e-06
7.559257292021547e-07
5.596839648712306e-08
-2.866553104454377e-07
1.266385284038333e-07
4.056182831082e-08
-6.796287392768068e-08
1.3111613614092786e-08
2.1398089215350433e-08
-1.0313517162741617e-08
-5.159737948273574e-09
3.6001238303325453e-09
7.844645950925942e-10
-1.0698838318627828e-09
-2.151796298192941e-10
3.118042508649999e-10
1.3126089791802892e-10
-6.042695289049341e-11
1.4630604215455271e-10
-1.232845298618898e-12
2.517317342179574e-10
4.07056272545769e-10
-2.630776985586504e-11
-4.1932482695124073e-11
-4.278937845327214e-10
-1.5141145365949664e-11
-3.7636957133785484e-10
9.356060066592446e-11
6.095508079545957e-11
3.509786476140724e-10
-1.1358751596449028e-10
-1.1849090834122534e-10
1.8139756964621035e-10
-1.241009045093871e-10
2.2729741293375434e-10
-4.4466815741179327e-10
1.1777343978293644e-12
-4.2867589321343373e-10
-1.3859995846935048e-10
-3.353808278796531e-10
-3.7637616195436687e-10
-2.3325966857910524e-10
-1.8808340905309556e-11
-7.42861471069376e-11
-2.75223904426519e-10
-1.5652787732380071e-10
-1.2780307606456435e-10
4.4904428458010214e-11
-6.780012996674088e-10
-1.4875772095738984e-10
-2.8451516178685257e-10
1.7633752848102564e-12
-1.303200664342695e-10
