[0.0, 31.0]
1.559387129101725
0.01062845812277046
8.976561974243312e-05
-9.995816203087568e-06
-2.764974967210202e-07
-3.863940926451794e-07
-1.5990028485564656e-08
4.018787876186173e-08
1.2999488692790972e-08
-3.9273214813489624e-09
-2.5459568846645756e-09
5.694879302447358e-10
4.1323648479899854e-10
-1.04003779146611e-10
-1.837730918962969e-10
-1.4594149754682335e-10
6.743029732223899e-11
-3.390207680842565e-10
1.057059549374314e-10
-1.2518068194291546e-10
1.728281766845781e-11
-1.3465846148994855e-10
1.933455670700844e-10
-2.4969447477676476e-10
1.8026772927841094e-10
-9.843545340272344e-13
1.9002213135395475e-10
-1.4318554342891627e-10
1.2479782634006367e-10
-6.793401532300752e-11
-9.732073365162186e-12
-7.678842977884042e-11
-1.1189529293094409e-10
-7.718838554033796e-11
-2.1924966988125336e-11
-2.199890807449484e-10
2.9829905107860745e-11
-1.6398926104795967e-10
7.263776518020484e-11
-1.3513909565368959e-12
7.504730935698297e-11
-4.021070546083423e-11
2.1837897102488775e-10
-1.6562073676365294e-10
2.146303515171507e-10
1.015804709564075e-10
2.1952324579597794e-11
8.096002895621407e-11
-1.6189619155004264e-11
-2.2472606145875486e-10
-3.5900578025429695e-11
-7.993440013604918e-11
-4.476686419705686e-11
-6.590868759574134e-11
1.616477527835297e-10
2.4737898057560806e-11
6.00264530100256e-11
-2.542675581456976e-12
1.0684312410380747e-10
1.2498958883599336e-10
1.528725539172121e-10
-1.0258045242421017e-10
2.021420297632778e-10
-2.6838633540548957e-11
2.363828097288328e-11
