[0.0, 31.0]
-19.342019888140637
0.016710622956520153
-0.005420770188318542
-4.248186314408736e-06
1.1581062352147496e-05
-9.654982170002025e-07
-6.547089928574224e-07
2.8328949421849614e-08
8.522346933292072e-08
1.008442807421874e-08
-8.508110332468832e-09
-1.1292677072449123e-09
-2.2334201160022873e-10
-6.354552492136536e-10
1.0651543746745249e-10
3.8870955172636105e-10
-1.142353833010337e-10
-1.6137158592402747e-10
-5.109376434586076e-10
8.707701563772071e-11
-3.2483870459975967e-10
2.6406979576963667e-10
-3.7959598617616927e-10
2.881714958596524e-10
-2.910971517072907e-11
3.665805967461162e-11
-5.417614542389252e-10
-1.0700224081889408e-10
-2.520461057719488e-10
-8.213991937783731e-11
-1.8145000537589775e-10
7.601252295288803e-11
-3.132184073799415e-11
2.822001607527266e-10
-4.245023145415567e-11
-1.0871200038221242e-10
-1.4311983054990369e-10
-1.4084447992983775e-11
3.1659258037602235e-10
-4.1553770477723256e-10
2.541923962064841e-10
-1.7012429375891797e-10
1.1482216583983074e-10
-2.5359801118747713e-10
-4.287547298408096e-10
-3.455369188250134e-10
-2.997071282193575e-11
-1.2778046082669783e-10
-7.23191597649599e-11
-8.81001853318609e-11
4.6479894623352066e-11
1.3485588328480914e-10
2.7440537620509484e-10
-5.355975970279911e-11
-3.2129028292958715e-10
-1.6795712337253592e-10
-4.2271152106316576e-10
-1.4375156902753877e-11
1.1370024140650829e-10
1.9930253861469082e-10
1.214350450936372e-10
-1.7321454098902277e-11
-4.7001982783586714e-11
5.0823400638889525e-11
-2.3919403416156256e-12
