[0.0, 31.0]
338.6485184294462
-0.10552026164148158
0.007930406045266278
0.00038624333194394437
-1.6091261067600605e-06
3.500198013393135e-05
-2.2398121092394322e-05
-2.2888588700021743e-05
1.326418186812602e-05
2.2987928640588475e-06
-4.586671124935554e-06
2.0144747270165136e-06
5.675215840813753e-07
-1.0560563477888935e-06
3.198434824572476e-07
2.06197636281901e-07
-2.0746218629946172e-07
3.688936627959072e-08
5.452912170859345e-08
-4.2625284938299123e-08
-2.2577596538996472e-09
1.7998850109714563e-08
-3.731335502823009e-09
-5.341201573119548e-09
2.1708869101601577e-09
1.7154119016570264e-09
-4.3900880293671673e-10
-2.885864523555163e-10
4.26086748687141e-11
-9.621542181370877e-11
-4.617281934973889e-10
-1.5807618886674615e-11
-2.3827696548200874e-10
2.0761138810805816e-10
6.01884625842347e-11
6.548845315916871e-11
-1.1432174286941958e-10
1.6471435754684744e-10
-1.1137389918979595e-11
-1.6909431119552455e-10
5.700935300481187e-11
-1.4410168706056753e-10
3.0455501293828236e-10
-3.7087985214952e-11
1.5838972982319632e-10
-2.0762082644590617e-11
-1.7394384880339008e-11
-8.873053139412453e-11
-1.8984052051364422e-10
9.071336681556733e-11
2.737938697721419e-10
-1.1022057691550889e-10
2.388172892519133e-10
-1.4839530482997755e-10
1.0076657557790697e-10
-5.069961144726894e-10
-3.513038965939115e-10
-5.141491220600365e-10
-4.460626490288012e-10
-9.801398737303806e-11
-2.800949407612403e-10
-3.0736336804710467e-10
2.856785588166077e-10
-5.685864205338478e-10
1.7627775322090988e-10
