[0.0, 30.0]
4.433975935474165
0.013157040109648209
0.0005821880493398995
-2.0455062293955428e-05
-1.785250136930402e-06
7.977575759109407e-08
1.5454073434665352e-07
2.6939336744553497e-08
-1.4052967941113831e-08
-1.1733090402250018e-08
4.715916358901304e-10
2.6249752459747012e-09
8.038421657903097e-10
-8.535667586111477e-10
-4.91663338019335e-10
-2.7737357395240744e-10
-6.682705598054097e-11
-3.0613943542716843e-10
-1.086891727374325e-10
4.040177820071118e-10
-2.011527456665976e-10
1.132679050859033e-10
2.6233752153896194e-10
3.6686635640291155e-10
-9.844011546033351e-11
-1.704529794703189e-10
1.47035808070844e-10
-3.2393931352815894e-10
-2.0015931190621917e-10
-5.99087354830151e-10
-1.68712550358454e-10
-5.739588965015451e-10
-8.573635400702172e-11
-2.496369384519608e-10
3.25244843139565e-10
-1.3112118447621402e-10
-4.2882341223618825e-12
3.72197897040097e-10
1.8772186272471462e-10
-1.2452058395078142e-11
-2.8147791923087716e-10
2.4594992475774526e-10
-2.375201604712168e-10
-4.3435215389769057e-10
-4.725839142278604e-10
-1.3650564289674442e-10
-2.3391926747204786e-10
-4.464969873783207e-10
8.056137609413879e-11
-9.579037218870113e-11
1.8980100867512025e-10
-2.2109163360854967e-11
4.712732894224746e-10
3.302245129085107e-11
3.037770152532021e-11
-2.0013394527498323e-10
-1.9078136854103632e-10
-2.3162594864213472e-10
-6.153646307649921e-10
-2.1637432168273263e-10
-1.8062050829055502e-10
-1.7211318607540835e-10
-4.699295982721541e-10
3.0301791843787804e-10
-2.1482178810414822e-11
