[0.0, 31.0]
-15.234114510076333
0.02349294161352451
-0.0038366193951822765
-3.3783749799580786e-05
8.599056687852329e-06
5.666735644369354e-07
-4.964042971116782e-07
-1.2006207928889343e-07
7.386404679618658e-08
2.5987881640155423e-08
-1.5730188271750437e-08
-6.442809854594555e-09
4.155928104136477e-09
1.5936103554713474e-09
-7.984479698913221e-10
-5.393298612357947e-10
2.693814791641357e-10
1.336937620083662e-10
-1.0530011222668422e-10
-1.9477472845902453e-10
-3.9477342054718146e-11
-9.503676955397701e-11
1.534386779891313e-10
1.4304097831184553e-11
-1.2727479780773356e-10
1.9954997216689267e-10
1.0140132946909947e-10
3.2093478403646956e-11
-2.788928690641721e-10
-2.896665933473421e-10
-3.4165861417325206e-11
-2.8138508122554087e-10
3.365347919665897e-10
2.1853539907848392e-10
5.839532558236765e-10
9.041608383053897e-11
3.088156183143062e-10
-4.764391427352165e-10
1.4166328611708486e-10
-1.689047737825722e-10
3.266334310881476e-11
-1.9777330100047017e-10
3.810833291107546e-10
-1.4067279537653888e-10
2.8401039718445187e-12
-1.0041033898433921e-10
-1.1650215356158735e-10
-1.4165791237785819e-11
-2.2877624057443287e-10
5.322149611926314e-11
-1.1569677240346294e-10
8.140444138217688e-12
8.02426602040058e-11
1.278706093609818e-10
1.863834993420669e-10
8.358522587586417e-11
4.505332870564722e-11
-5.384546210087098e-10
3.3657809246401725e-10
-5.129103254525648e-10
1.6636530970480693e-10
-2.5490927711795975e-10
3.452866366702439e-10
1.3217489166375863e-10
9.303602401364152e-11
