[0.0, 31.0]
1.7918230338649257
0.002888364537870739
-0.0002572892192912036
1.2119523163141337e-05
1.9938876414709866e-07
-3.381380638846606e-07
7.113433031440902e-10
4.711455271083692e-09
5.902120809608481e-09
3.2213963676707874e-09
7.429886803259287e-10
-4.790390553423375e-10
-4.534383520603816e-10
-4.437667855890531e-10
1.3357552043449672e-10
-3.433779042405893e-11
2.113605665938288e-10
-3.298796015554063e-10
8.218703085467433e-11
-5.069743707212906e-10
2.3623471434575823e-10
-3.5750167815047657e-10
2.2619580238881136e-10
-1.0712655092314074e-10
1.8699521910775507e-10
-4.371401848432994e-10
7.958556669872417e-11
-3.5455221760737826e-10
1.2984857387939527e-10
-9.441786031897347e-12
7.655145838884928e-11
1.2810822142735892e-10
5.1777987315116996e-11
-2.9086556211383206e-10
8.25705443764608e-12
-2.3460662972968276e-10
3.624768168791653e-10
-2.998970458994029e-10
2.350203025311505e-10
-8.67906982567604e-11
7.211196892733533e-11
-5.050402454506022e-10
-6.00623266002109e-11
-6.76589272369197e-11
2.0947293127455233e-10
-1.3491559062827982e-10
5.95703744785177e-11
-9.461744241352235e-11
-1.0184862035627892e-10
-3.4952538803939694e-10
1.2176113967524068e-10
-1.3758308910009643e-10
3.083916602415785e-10
-3.5672835684170855e-11
2.173868821659833e-10
-1.7095150179644353e-10
-6.704100923545356e-11
1.7465970080259673e-11
-1.3559119744014003e-11
6.997793939861524e-12
2.4972000644581696e-10
1.420139708954797e-10
-1.0371834958743733e-10
-1.6597596088216713e-10
2.378155128286627e-11
