[0.0, 31.0]
309.89477228861523
0.23999734302374887
0.0038260438266807238
-0.0006928760459076155
2.7667138071865564e-06
-3.683213698573732e-05
-2.3328632367509035e-05
2.326104650409599e-05
1.270453929392271e-05
-1.1610532687645428e-06
-3.385110562857242e-06
-1.685721059385846e-06
-5.3235528523761065e-08
3.953746656820649e-07
2.9842574237046295e-07
6.55408177963384e-08
-5.593276129512136e-08
-5.390662291112735e-08
-1.3185684812494975e-08
8.432103334479583e-09
5.91259700243677e-09
4.9938408300790975e-09
-1.4492017258112667e-09
-2.730729473525773e-09
-1.311833963314952e-09
1.598493485147114e-09
-7.688136939843671e-10
2.1175068017904787e-10
-8.031033486486799e-10
5.623279507391019e-10
-9.798988900037812e-10
7.306728701808744e-10
-8.088014233755824e-10
4.352269723072312e-10
-7.623616785046374e-10
5.662599357095899e-10
-5.55522514548964e-10
2.392762190074154e-10
-5.589832952859657e-10
5.699222093048975e-10
-6.508125641084849e-10
2.167608764699947e-10
-3.1456531997893106e-10
5.0431534326231704e-12
-5.400061210193812e-10
4.975585523511055e-11
-1.8192165935683696e-10
4.1221280772306467e-10
-6.81022672594774e-10
1.6482759720942348e-10
-3.551589776298101e-10
2.613830019087836e-10
-2.606678392132033e-10
3.905642439623564e-11
-3.250623144300959e-11
-2.6689610643648394e-11
-4.4852378435582165e-10
1.1999576697065628e-10
-2.3242414293343906e-10
-1.308721807918976e-10
-4.684422275164885e-10
1.0758296840130741e-10
3.1746729218239616e-11
2.4041061002977496e-12
-7.761846735520862e-11
