[0.0, 31.0]
-10.839617623841711
-0.013337223110755879
-0.0020045977342185817
6.8885014350968e-05
4.791514137142699e-06
-4.693248771491347e-07
-3.784540353354608e-07
4.7203551615019105e-08
6.7235280460899e-08
-6.821262261480547e-09
-1.5225593776898543e-08
1.6863673507436265e-09
3.7317962104858596e-09
-5.197909996189439e-10
-8.55928024544678e-10
-1.8057811500003191e-10
3.886320174740033e-10
-6.689685891911938e-11
2.6474278226374225e-11
2.982095119048801e-10
1.7650838575874934e-10
2.4840784744120233e-11
1.8967773841377703e-10
-9.78484093775705e-11
5.342291375726279e-10
-1.548458046598886e-10
2.25992814974031e-10
1.7812973367261662e-10
-1.0420939020632864e-10
-1.0734246306900817e-12
-2.097822917778458e-10
4.147060797754926e-11
2.222743190609042e-10
-2.111211530677072e-11
5.153835782204138e-10
5.703811067927664e-12
6.033533700348454e-11
2.609034389438286e-10
-1.370108922437149e-10
3.031850244500524e-10
1.8927342729012854e-10
-2.249698050226644e-12
1.517071246039282e-11
-1.2465598707109964e-10
2.0483176841772258e-10
-1.8787592456061939e-10
-1.5392979145519234e-10
1.1084394861934275e-10
-5.575501795846552e-11
8.093983690827226e-11
2.955136889787718e-11
2.491547825098534e-10
2.133929187109262e-10
-1.6629629185818895e-10
1.451448753288458e-11
-1.5811671406237402e-10
-4.820291884688879e-10
4.78599178069187e-11
-2.4563890753282934e-10
-9.881650521361242e-11
6.18323756102298e-11
-2.2359786886845e-10
1.4494654943577937e-10
-1.7185240795046413e-10
1.3694555439417041e-10
