[0.0, 30.0]
350.3249453518342
0.00023273765862089746
-0.009370176446552376
5.0779297427418994e-05
1.6513704956400088e-05
5.0297901015953175e-05
-2.0830967182028574e-05
-2.690422808591787e-05
1.2360719544086024e-06
2.7063843300005118e-06
1.8135660467137643e-06
7.000800970078485e-07
-6.30145157390142e-08
-1.0391845945202256e-07
-1.5329165486314024e-07
-5.767595178676427e-08
6.12186550161208e-09
2.0696232197786786e-08
1.2757168852214981e-08
8.756727248014364e-10
-1.214027241811775e-09
-2.706176360297285e-09
-1.7768842825109446e-09
1.569281029923103e-09
1.0820694501024006e-09
-7.655140506886094e-11
-1.666772741653905e-10
3.823932645030248e-10
8.683343923537908e-11
5.522428506450235e-10
4.829733867849385e-10
2.9189952453121855e-10
7.863897634398444e-10
1.364796629044723e-10
5.896433375505212e-10
6.306658887520863e-10
6.0874068230855e-10
4.6535153580957517e-10
3.5147223174222495e-10
1.0502495090575043e-09
4.058098624551488e-10
9.649924848592335e-10
6.149745512069042e-10
6.614030175181621e-10
5.78984087041868e-10
6.770916058242409e-10
4.1249245313354855e-10
5.729264248185989e-10
4.3725519692412017e-10
5.687171023584973e-10
4.701107804204351e-10
8.223035519329205e-10
4.832018953839728e-10
7.866420427660612e-10
2.098262735655316e-10
6.158973763093078e-10
6.222237075591374e-10
7.004060856462706e-10
1.9708195698092737e-12
4.755725866052608e-10
-5.434930127697971e-11
-4.982378106839737e-11
2.6697729066725193e-10
3.3449313346757146e-10
-1.0714319830520068e-10
