[0.0, 31.0]
139.20299571086719
19.15451146593927
0.02037827984653581
-0.0011358925206387538
-0.00022670193198542123
0.00015544842727888508
1.3703929697213037e-06
-4.520064073115855e-05
9.15616085288882e-06
1.0133141026118036e-05
-4.580621512417821e-06
-1.4832820368323567e-06
1.4485406962370324e-06
1.8126996399436555e-07
-2.4742550207583515e-07
-2.102338601268092e-08
1.1761318587262582e-08
2.5806514478222835e-09
3.854985942999997e-10
-3.524322218013793e-09
1.5837938884783462e-09
1.8042466328402211e-09
-4.665318755527166e-10
1.8669447046825938e-10
7.428212218561628e-10
8.79213883626351e-11
-9.336544094518399e-11
-1.2692918027026404e-10
2.614792525805017e-10
7.6083633020133e-12
6.186283616890586e-12
-1.4116336500576282e-10
2.8241733353237683e-11
3.842547034009467e-11
-5.6299649359058146e-11
2.311206386615235e-11
2.9951566555914203e-10
-1.6377223111215822e-10
2.0697226681619874e-10
-5.593179385315303e-10
-4.78880931487921e-11
-2.924287463397245e-10
2.3512270894066235e-10
-3.9456575397521594e-10
2.961019319331182e-10
-4.678367273997681e-11
-3.459002068340924e-11
3.8835578890153684e-11
2.197512213587549e-10
2.0178846193492246e-10
-6.02066589622926e-11
4.0570017785474346e-11
4.9960597560207705e-11
-1.5572855282840606e-10
2.0433527375024994e-10
1.1505621829613544e-11
1.2203599104546202e-10
-1.8771973069935227e-10
1.7834381865362793e-10
1.547679750866654e-10
3.594833073996333e-10
6.0426137392217e-11
-8.479952443760539e-11
3.723375055540904e-10
-2.8201602107137863e-10
