[0.0, 30.0]
192.11736988723857
17.60181744652327
0.1278283858849949
-0.008169024203199053
0.0008830578137033478
-0.00013451676583610514
-8.59036948158067e-05
2.4653348035244256e-05
1.853209560044042e-05
-8.481403034610677e-06
-3.6633402247971312e-06
3.4707142996652524e-06
2.567011338446734e-07
-1.2760171392066008e-06
2.789091083439686e-07
3.755527116829659e-07
-2.033045783262314e-07
-7.313260718160428e-08
8.956924519970246e-08
1.6263123295165572e-09
-2.971668468665539e-08
5.568675838480068e-09
8.033323627737623e-09
-2.178075021331935e-09
-1.4536168248829955e-09
7.964230969915127e-10
4.009188090129954e-10
3.711083391245594e-10
-1.684326162427233e-10
8.442315738136674e-10
-2.13428800368129e-11
8.178789161859195e-10
-2.1860488712922455e-11
4.489635865686724e-10
-1.1028146000140451e-10
7.925601627950713e-10
6.430769449940908e-11
4.5727142034742116e-10
2.020701196085269e-10
5.396226169667106e-10
2.826289541505314e-10
3.3646297768863484e-10
1.3908611929702065e-10
2.8312471674364737e-10
4.4295378172022377e-10
3.204791045193302e-10
1.4507729429317063e-10
2.6815364606035037e-10
3.1775027283376404e-11
4.1376376368140017e-10
1.7405123343087268e-10
-1.4093162778816782e-10
2.71109667695851e-10
3.690994713905083e-10
4.1253903057462774e-11
2.6500092093058313e-10
2.451043342837754e-10
2.8694097768600537e-10
4.219719957311664e-11
1.0478634582046783e-10
1.650722438785989e-10
3.085476012409142e-11
3.7695551665294777e-10
1.992643822254965e-11
-3.867650262398124e-11
