[0.0, 31.0]
282.51160408536737
19.44741424464284
0.00030913702735560646
-0.0015471757573541063
-0.00011180824031926173
0.00012860479083254273
1.8409972274873598e-05
-1.9710606239624757e-05
-1.4522409483500742e-06
5.727033726387465e-07
-4.1106070362887944e-07
1.0997940911511428e-06
-1.8976633099213373e-07
-2.1725930482717867e-07
1.6542970156626833e-07
-4.092230671302149e-08
-9.228094501984445e-09
1.2600602591705594e-08
-1.778228087633083e-08
9.891199509591321e-09
4.605122034949599e-09
-9.393190608319058e-09
6.38916813847513e-10
3.1406546433789107e-09
-1.0932749022210635e-09
-1.428062731992396e-09
3.0474991471290866e-10
1.715219611220328e-10
-1.9601838018796434e-10
1.7423588481203665e-10
4.8699942339625654e-11
1.7051471314311064e-10
-4.246941168930025e-10
8.512374191470026e-11
1.8179797829286354e-11
-4.7547593469336806e-11
7.164168743855406e-11
1.3883650305839917e-10
-5.36990068593338e-11
-3.176858872748492e-10
1.520250523259473e-10
3.4772624246498604e-11
-2.1282088249951656e-10
-1.8474108971167293e-10
-4.0425513373591565e-11
-3.4499722053202775e-10
-3.6295398347674654e-11
-4.3670842227877715e-10
2.0714729776630843e-10
-8.660835111571415e-10
1.055787234656076e-10
-5.11949402415362e-10
-1.2661864450132363e-10
-5.26634497430128e-10
-2.593109190508312e-10
-2.5259242399062407e-10
-1.7119253120194826e-10
-4.950354307399225e-10
-7.810166060212768e-11
-4.949791188146365e-10
6.236382965176227e-11
-9.48240642939733e-11
-1.1107283299450064e-10
-2.799829659641172e-10
-1.742995710395499e-10
