[0.0, 31.0]
81.19562383705305
18.331251960723552
0.05963065463045844
-0.0017206350432897215
-0.0002192577936196791
9.339188817881488e-05
7.5167612902737e-05
8.658739655687426e-06
-1.6222285905688218e-05
-7.594140791867534e-06
6.2354288169053e-08
2.4142542502866747e-06
1.2418464433748048e-06
-2.981953759667428e-07
-4.4862815942113574e-07
-1.1131265998058963e-07
6.544374377910263e-08
7.074404978141745e-08
1.7297646446494946e-08
-1.9132508969402102e-08
-1.5500100687016276e-08
1.3528880874365049e-09
6.421695984434601e-09
5.232485656097262e-10
-1.7789775550936726e-09
-5.638808056955376e-10
1.9893871314185805e-10
-1.6104868633958825e-10
3.5244810946230935e-12
-3.2473519971144164e-10
-3.4167591414075704e-10
-3.9718669218830263e-10
-3.573833649787902e-12
-4.866714290332191e-10
-8.746561501633464e-11
-4.339393252114133e-10
-1.4321944934397673e-10
-1.6787110178677917e-10
-2.0367100245567155e-10
1.3778846297127633e-10
7.910562782128306e-11
2.423884376863735e-11
-1.0514109550131663e-10
-1.318289799376962e-10
7.553624595201045e-11
1.8278781164032414e-11
4.291844292047017e-10
1.1208359096163649e-10
1.15459344499323e-10
-5.22393235868525e-10
1.7260302538255192e-10
-2.3286893759170793e-10
4.3339770133999745e-10
1.949263794807686e-10
3.3910849416152706e-11
-8.912901032588081e-11
-1.1619474923122871e-10
1.2513723654735366e-10
-1.7246378346575023e-10
-9.823629800123924e-11
-2.887373857730298e-10
-4.1724924466585e-13
2.104014421791847e-10
-1.3206271235698034e-10
-6.966732166881395e-11
