[0.0, 31.0]
-0.11254587329764522
0.7626501249188132
0.029789374898623634
-0.00451589914489495
-0.00019166157074335037
6.858144742488971e-06
5.983601757381676e-06
1.1503666262382044e-06
-2.7436002046156604e-07
-2.424760498870425e-07
-2.3451802022654432e-08
1.1216544313975056e-09
2.930899690365294e-09
5.7729386302274395e-09
1.97035460920174e-09
-3.6595383287757597e-10
-6.934232894050515e-10
-1.3629963838468662e-10
-6.203879620493748e-11
6.662520495126452e-11
2.371325124136325e-10
-6.431698048247954e-11
-2.9227241790485826e-10
5.599954721867406e-10
-1.1256040092585338e-10
7.362636720411407e-11
-3.013615107649744e-11
3.118245686209338e-10
1.640333198578145e-10
-1.5339388260868898e-10
3.9392217455985776e-10
2.790109462877156e-10
-1.4202428527808335e-11
1.3638011516472916e-10
4.624493445275539e-11
1.5237374209056562e-10
-8.495882014086258e-11
3.567462789852908e-10
-1.368820766930249e-10
3.6854006244935175e-10
2.898820609952507e-10
-2.5706639956657494e-11
-1.8873836677944738e-11
8.817204735641207e-11
-4.464705521215413e-11
8.671843120614883e-11
-3.730593068868726e-10
5.158593473370089e-11
1.111892149755706e-10
1.4077405858450322e-10
6.775265737100962e-12
-6.402589512189018e-11
1.2768977093276376e-11
3.185152107603748e-10
-8.134864846716897e-11
1.5625232928335757e-10
1.0213661256705921e-10
2.466605179752408e-10
1.4967065690054957e-10
1.6816208827776366e-10
2.3248969145174117e-10
1.0422999117930621e-10
3.397040766961585e-10
2.6857705925353805e-10
-9.596644833361737e-11
