[0.0, 29.0]
-0.36494452100678726
-0.6059814406359947
0.026995809099198388
0.003239386808174691
-9.210289980462317e-05
8.030445510111706e-06
-1.2161738141062306e-06
-3.2868322441585285e-08
-1.2870097224746948e-07
-1.8578768010533553e-07
5.266216427415214e-08
2.1791395918028436e-08
-6.520777224505198e-09
1.0562642415929322e-09
-3.0276315144258403e-10
-6.69176160853565e-10
2.519258954297359e-10
-9.875340833638417e-11
1.801434701863901e-10
-1.741836060664867e-10
-5.755029994524214e-11
9.204783418577661e-11
1.0248349130853546e-10
-3.889096925938783e-10
1.2252703048665687e-10
-6.457126171588726e-11
-1.446138637368532e-10
-2.0221606073967424e-10
-1.4522136410476687e-10
3.738604937060846e-11
-1.097582502591125e-10
-1.2893942788000988e-10
-5.2408763384529706e-11
-1.7474337042959879e-10
-2.1233965280927822e-10
-1.4886329856356055e-10
7.580961909559144e-11
2.4451066858334453e-10
-1.5140764463642253e-10
7.881623191882776e-11
-2.6637433025450826e-10
-7.088135235983889e-11
2.372904959639274e-10
-2.39886985682613e-10
-4.1753308249433413e-11
-2.3268780171761704e-10
7.844117948669919e-12
1.1287014609130064e-10
7.195272058704834e-11
-2.6816228517658896e-11
5.590721601149894e-11
-1.467732439159988e-10
2.437247149032191e-10
-5.973777375329398e-10
-1.2318049322336307e-11
-2.961159409712523e-10
-4.125231618626999e-12
-3.8087423051605593e-10
-2.2879721269052864e-10
-6.971260742206322e-10
-1.7304969156909317e-10
-5.404233322143122e-10
-3.123488413670822e-11
-1.0088562226602769e-10
-2.2964991257294125e-10
