[0.0, 31.0]
99.9070915915999
11.932118990205709
0.8411632546574395
-0.07554505006345492
0.006073723983291065
-0.0006507358724669906
7.632839089874475e-05
-3.468174643483463e-05
-1.1319110662565714e-06
9.710711375395243e-06
-5.179588984810536e-06
1.419938702320618e-06
6.415994099143432e-07
-6.71434568123048e-07
3.135094562232243e-07
-1.723080089581006e-08
-8.232471707695884e-08
6.051574414698403e-08
-1.5311664356302815e-08
-1.0367348895483574e-08
1.0858093402342829e-08
-4.6635752403229884e-09
-1.8096533401184794e-09
3.95198703223855e-09
-2.1078881800139598e-10
-6.316602906877005e-10
2.118059831984509e-10
6.278807288205092e-10
2.362792207199955e-10
2.2674332015191812e-10
4.1817947299269e-11
2.2024482027067766e-10
-2.2354915478552445e-10
3.735632227176093e-10
1.307429477562734e-10
7.393270106745078e-10
1.2414923566895457e-10
6.178820783506297e-10
-2.0903251299877994e-11
3.288175933527485e-10
8.257542656923774e-11
9.538450185024762e-11
1.841928742797164e-10
3.0742465574686687e-10
6.83029997523947e-12
1.994177855310965e-10
1.9712522061400456e-10
-1.8049452759350591e-10
2.0410454332737303e-10
3.640025124959912e-11
-2.8274307844634932e-11
-3.8606408368656e-10
1.0311426577008308e-10
-2.4484391744223646e-10
1.1926679112296819e-10
8.617754173564626e-11
1.8474135284852594e-10
1.916016830405036e-10
4.92688658243907e-10
2.7396690064857115e-11
-2.3989220014605685e-11
1.453787232964087e-10
5.182992705907857e-11
8.407136589662197e-11
2.7448586868010223e-10
