[0.0, 30.0]
-2.4768861167847347
-0.1774234779329317
0.12107819295013943
-0.004966295031765592
-7.457170772906012e-05
-3.434901288319473e-06
1.2603916700783966e-05
6.795979963546492e-07
-1.730800591301086e-06
-2.2548785693093862e-07
3.2242586187499893e-07
3.526460341679968e-08
-6.762837874686001e-08
-6.0070942283040095e-09
1.5269194963269123e-08
7.110443608415746e-10
-3.186131479200696e-09
-5.195500240043448e-10
1.108355805291084e-09
-1.1309460710676176e-10
-7.41943909293133e-11
-6.265648984217984e-11
-4.677069120027184e-11
1.0412340991379151e-11
-5.637093040262749e-11
-2.7015322869222283e-12
3.6185771199397094e-10
-3.802033581349999e-10
1.8062036143851738e-10
1.013307381676061e-10
2.8443639592592697e-10
1.9099002362244438e-12
2.0763433006272084e-12
-3.41748457841854e-10
-7.721696956281974e-11
-2.4148229381759987e-10
-2.498592907903028e-10
-6.312428198840805e-10
-4.0461003777901764e-12
-5.147300287547225e-10
-1.2771793001571951e-10
-1.2479632626874572e-10
-7.4585666129799e-11
-3.912173358726649e-11
-2.62910362760092e-10
-2.8940913641392563e-10
-1.0741430306233697e-10
4.950071402832768e-10
-5.603981206460637e-10
-4.967724962339228e-10
-5.85662843904908e-10
-1.7750207795237407e-10
-5.593881665029324e-10
-2.2472040141951377e-10
-2.9814729526699813e-10
-1.618676461728293e-11
-4.6046786669500895e-10
-1.0487280259697976e-10
-5.563836376851088e-10
-1.9638670928422008e-11
-1.6754247563924963e-10
7.108706048337428e-11
-1.83247577972235e-10
1.222654517370497e-10
-1.4831833142671884e-10
