[0.0, 31.0]
252.51733528652
18.077183475665116
0.12339053081797954
-0.010683072501817114
9.813070619376617e-05
6.654265544794848e-05
3.6820238309492816e-05
5.395063525935741e-06
1.176315696696199e-06
-4.754403600653521e-06
2.383858285093897e-06
2.588445127736426e-07
-1.5733632562603707e-06
6.524116221273807e-07
3.933566388721031e-07
-3.9487616712049e-07
2.0248081913532174e-08
1.2536988031045733e-07
-6.407435009886714e-08
-2.051520589162601e-08
3.188592076848255e-08
-1.6215724288197097e-09
-1.1617494926415326e-08
2.4008771499314855e-09
2.3172539998608675e-09
-7.66199426527024e-10
-1.2667926290583236e-09
3.3583368534851073e-10
-1.2760788804305874e-10
1.487936910106227e-10
-7.065407211501981e-11
2.000296619450747e-10
1.9911223006348666e-10
9.975130525384275e-11
-2.471302592711443e-10
-1.2346791414524732e-10
1.7103466643864397e-10
-1.16584396866662e-10
-1.8453748150858425e-10
-5.093888183034397e-11
2.8000389326076144e-11
4.0617827937379427e-10
-1.5949390209061425e-10
7.337577183225325e-11
-2.4168478630007e-10
3.9208509967645185e-10
-1.4748739183903608e-11
2.0716419660224656e-10
-1.4666157250417348e-10
-2.4526044401605554e-12
6.57321534922319e-11
3.690455741839221e-10
7.574943722812659e-11
2.2027841967774812e-10
-1.4129745712440054e-10
1.2962184289568937e-10
1.6601000811432332e-10
2.568744924081977e-10
-1.1952368148756152e-10
-8.62818620901297e-11
1.4055889320680158e-11
1.3950489265526864e-10
-1.480790376471376e-10
-4.637637710446846e-10
-3.233281774222458e-10
