[0.0, 31.0]
336.33737491724554
19.188509675544793
-0.005340095207760913
-0.0008672817651289117
0.000402892174495549
1.5969151240062333e-05
-9.093523413143764e-06
1.4841183514860507e-06
-1.069773019099831e-05
2.879864202833938e-06
1.751898049652916e-06
-2.2210022559480618e-06
5.524913278428621e-07
7.208693852060641e-07
-4.944189303452823e-07
-6.64119768921361e-08
2.0366579187545255e-07
-6.679630961947984e-08
-5.499506405868256e-08
4.8453651274035953e-08
8.68330463219309e-09
-2.051813840184961e-08
-2.5137390592484956e-10
5.755999514621488e-09
-6.210537857509024e-10
-1.898963675843202e-09
4.519250521504118e-10
-7.305165805484407e-11
5.711221926961964e-13
-6.01860242753969e-11
3.213225570902547e-10
1.6491691389422937e-10
7.275521655019665e-11
2.0390855924022987e-10
2.1903808240062662e-10
1.4692058315579813e-10
5.08009743139962e-10
3.282887817897126e-10
4.4881366280878655e-11
-7.21774549261447e-11
3.964793943832973e-11
-3.893641926918159e-10
-2.3109398208679537e-10
-1.1340202894661205e-10
-1.894813716711967e-10
-9.237663138749937e-11
-1.7163663539003948e-10
-2.573315477639575e-10
-2.517811166202893e-10
-8.52327009947952e-11
-1.3433092837191473e-10
4.060635463198348e-11
2.3253331541696844e-10
1.7757186468844384e-10
3.4509433961384277e-10
2.1614969510487785e-10
3.5396695468891355e-10
1.555761099393323e-10
1.3310475926652532e-10
4.667101412640415e-10
-6.064175301635005e-12
3.6532456657877615e-10
-7.008923396297662e-11
2.561356755729333e-10
-1.4722054796405382e-10
