[0.0, 28.0]
336.90491788263233
17.4977880455114
-0.017173796325167995
-0.0009842520445376838
0.00020333378469628322
6.79676690886963e-05
2.1802944202550868e-05
-1.3814776124253705e-05
-1.4176566145825846e-05
-2.5067243082578416e-06
2.3095338129986446e-06
2.0171673018376044e-06
3.945147090253317e-07
-4.1147896245668906e-07
-3.260497974878538e-07
-4.13206870597789e-08
7.639025736255299e-08
5.41648620739623e-08
4.735676531388971e-10
-1.9161689783454346e-08
-6.907365484339223e-09
4.70187874182987e-09
2.4313163813781e-09
-6.629014509244034e-10
-1.3694167240773596e-09
-1.1581066260376525e-10
-5.032716795411277e-10
7.724209270907919e-11
-6.668499428726773e-10
-1.832728615693702e-10
-4.6212628367289234e-10
-2.0925300972610338e-10
-4.5836591587234394e-10
-1.0706181970713733e-10
-3.8923131928724317e-10
-2.4898971142688463e-10
-5.120788949286443e-10
2.914745876321636e-10
-5.121062291566896e-10
-5.227642717417293e-11
-5.300713248213647e-10
2.483654566995199e-11
-2.637523549884006e-10
-3.0668433909451725e-10
-1.6945923438640604e-10
-1.1318275380418694e-11
3.652513864270685e-10
5.39831155492121e-10
8.139095494698095e-11
5.048956318761232e-10
-5.8355767776405926e-12
-3.1882567550078754e-10
-2.180157631134082e-10
2.684121758624444e-10
-3.931825250382718e-10
3.8518127373504395e-11
-3.8469211439929715e-10
-1.5377139316992058e-10
-4.880633280989314e-10
-3.1772588012505414e-10
-1.9518648332403693e-10
-1.3753240722229524e-10
-1.007720796670688e-10
-1.5203045177658097e-10
-4.540656678614587e-11
