[0.0, 31.0]
328.2523284521221
19.053365209240127
0.004655069654601466
-0.0006431810458661891
0.00039393774432697556
-3.1985267579868825e-05
-6.214789240264143e-05
-3.710878798484855e-05
6.005923605700164e-06
1.4504312490674967e-05
4.074972901565044e-06
-2.6998361798097606e-06
-2.5934045286358434e-06
-2.785008930990937e-07
7.521094448760793e-07
4.3425224067369304e-07
-6.187559443156278e-08
-1.7551644225072107e-07
-5.5992054932306e-08
3.84373422985539e-08
3.5640028617349716e-08
-1.6681695623616413e-09
-1.294361498980965e-08
-2.30951500754991e-09
3.4272793584593213e-09
1.135422676009906e-09
-7.18608421714956e-10
-5.926176827045189e-10
2.9386405295033384e-10
3.443130185074102e-10
-1.3696251591488192e-10
1.2861029005280352e-10
-2.2608645491082106e-10
4.057177158489752e-11
-2.6615936343517265e-10
-2.4004124958624482e-11
-2.0843338637525767e-10
2.1164806986359443e-11
4.757610512380783e-11
1.545857021577401e-10
-2.1806309615764736e-10
3.286074632402246e-10
-2.860997255179173e-10
4.5679597621516634e-10
-2.1358508972765428e-10
4.1392955468898445e-10
1.2816586622739e-11
5.399107639516707e-11
-9.64078730014297e-11
-2.812081950495535e-10
6.198811918741145e-11
3.7832390732825717e-10
7.345812747451616e-11
8.382606591762094e-11
2.3755991211420004e-11
-5.975674580878024e-11
-2.165019637513662e-10
2.232905863929322e-11
-2.569210871232881e-10
2.957661451508626e-10
-1.449519769081868e-10
3.077254794945704e-11
1.9105142898922196e-10
-1.0646196116750246e-10
2.1234185069643348e-10
