[0.0, 31.0]
2.645868251544701
-0.5161717248546318
-0.09303844988499266
0.00762772640149388
-6.421524208374156e-05
-2.3505029439783476e-05
4.3162551905845535e-06
3.173347597395801e-06
-1.085776301719361e-06
-5.660257683920248e-07
2.6387798148035396e-07
1.313519264568732e-07
-6.712928677487962e-08
-3.213356985750082e-08
1.7837299002929052e-08
7.241443162790874e-09
-5.418462781848086e-09
-2.1492826580358324e-09
1.1337013642866265e-09
2.104406182617663e-10
-1.0664109805510792e-09
-5.147600178399415e-10
-1.1995863741763338e-10
-3.203356350396616e-10
-5.137357279741918e-10
-1.0952508912208996e-10
-1.2591134887623003e-10
1.3152087555220848e-10
-2.9802904634714995e-10
-1.2923669943619301e-11
-1.4288420238716471e-10
-4.54591218437856e-11
-3.789596317362843e-10
1.4687875294767024e-10
-6.452214495040027e-10
-5.318661283329985e-11
-5.104670918833552e-10
3.1716591544129635e-11
-1.4300187493184264e-11
-4.1759763754533e-10
-1.3388857379589818e-10
-4.764501830711433e-11
-3.902358271768863e-11
1.486102708121641e-10
-2.7059196865203586e-10
4.348127375583989e-11
-1.8744738310432524e-10
-2.3056370242795356e-11
1.17574932779093e-11
3.932804103738843e-10
5.621699374833541e-11
2.7824272795321367e-10
-2.2629045231907678e-10
4.699216311765239e-10
-6.969258111599954e-10
1.272205494364738e-10
-5.320110033676202e-10
1.0746734589820943e-10
-1.8725380888319488e-10
-2.37157523138416e-10
-2.7676810182097327e-10
3.0336067868786074e-12
1.410559958990753e-12
-2.341314529491028e-10
-2.519718173840494e-10
