[0.0, 30.0]
42.82268232791337
18.449180740530537
-0.0285132969630675
0.00028653321869052186
2.3786226762490423e-05
-0.00011239700540995219
4.6833252577624686e-05
4.978427818006997e-06
-1.516661382091286e-05
2.7843186289917955e-06
1.5602211506722436e-06
-1.309118471876462e-06
5.667779705578359e-09
2.4297192608721746e-07
-1.658232148576725e-08
-2.238413914996347e-08
5.806423489207934e-09
3.844368379757622e-09
1.4063270052251193e-09
1.0687368483079752e-09
-1.8933720719137514e-09
-1.946420182474263e-09
1.1700313018646429e-09
1.0498285621987926e-09
-5.862239731676745e-10
-3.160002497183928e-10
2.4469591090219113e-10
6.468232522180813e-10
2.7453344007225376e-10
1.381207200926817e-10
2.2211631369827332e-10
-2.1102525993071633e-10
-1.3734954921948787e-10
1.484758711972328e-10
2.147438526805084e-10
1.3816453193069218e-11
3.5604042935418106e-10
9.829311732741855e-11
6.866787648521997e-10
1.1538369548564627e-10
3.0647735921095876e-10
-1.7915378130771593e-11
2.3941678524323575e-10
-3.351399372940169e-11
1.5728275347070928e-10
2.0351932070347545e-10
5.962276628637766e-11
4.746997535837735e-11
4.120452570126493e-10
1.3588827145532764e-10
1.9777557688905682e-10
9.623612092924179e-11
4.803385581880829e-10
-1.0136589651160334e-10
3.488814159210214e-10
7.309039665198981e-11
-6.67912748399503e-11
2.4537145220592024e-10
2.598581678349679e-10
6.169422769905297e-10
1.6287304431840632e-10
1.282356338507868e-10
1.886391395987022e-10
-1.4032393018861766e-11
-3.033536124526587e-11
