[0.0, 31.0]
1.0980513423948715
0.6080924997816579
-0.07738299934837653
-0.0019210994475736837
0.0002457278162867225
-2.530159356177127e-05
9.130993172884398e-07
3.529613479047519e-06
-5.513001128781553e-07
-4.030638082494592e-07
9.348440128022031e-08
3.0984299688680986e-08
-3.0279845180085126e-09
6.561953849161554e-10
-3.1876625610124297e-09
-4.881235252270225e-10
1.552725396667718e-09
-2.0270831250425884e-10
-2.1017408021692632e-10
9.511811446432035e-11
-1.9864674087799663e-10
-1.2284366223891295e-11
-2.998468993619024e-11
2.125111030470105e-10
-6.699343967595224e-11
7.781271599406317e-11
-2.119786630966511e-11
-2.432439853500473e-10
4.0861533397498987e-10
-2.2082537847931741e-10
2.361782108476713e-10
-3.222424735654456e-10
2.879513984816303e-10
-3.7800662999332796e-10
1.7721448994342027e-10
-2.3996776186218306e-10
-1.5593920947335536e-11
-3.9185340334681964e-10
-2.2832924101126467e-10
-7.356967622052818e-11
-9.06121543387389e-11
6.084683082058038e-11
-2.9091951046860987e-10
-6.376919723634447e-11
-1.493214927007144e-11
-2.76683004799883e-10
6.536458226359906e-11
-1.8626857653341352e-10
-6.694215529953135e-11
-3.696280627555774e-10
-4.119254364736106e-10
-4.638531160398284e-10
-3.297193593975916e-10
-3.1325804779206424e-10
-1.0922820783297574e-10
-3.0794418161219247e-10
1.4320059400581402e-10
-7.155905191085708e-11
-7.43575803473384e-11
-1.7709653999500314e-10
-2.8881476697844895e-11
4.590293468731174e-11
5.1045591027630135e-11
1.5048245482940592e-10
-1.731499871791491e-10
