[0.0, 30.0]
0.9264709852655596
0.49760618101819487
-0.052451239338559566
-0.0024094420352113077
0.0001577762624941753
-7.892666135586133e-06
1.965201642426388e-06
-1.211718437281752e-07
-1.6653192820836407e-07
1.0508286041885234e-07
-7.223126059026178e-09
1.3550955089895379e-08
1.712994391942e-09
-3.868773016048756e-09
1.0983291745541033e-09
-1.368877662456364e-10
-1.1864508417945586e-10
1.5434995101344892e-10
-7.088447740584262e-11
-1.5726443644036512e-10
2.59633068978732e-10
1.7994698848361177e-10
-2.8058877772798902e-11
-1.0462206460475129e-10
-4.567158050107274e-11
-1.0014984401305452e-10
2.623819822220692e-10
3.332520100610509e-11
3.607727000632188e-11
-1.5670872200989403e-12
-2.198546677164593e-11
5.042294062423626e-11
2.324122350960935e-10
-1.2056871069342447e-10
4.714160237857226e-10
-5.281349096471925e-12
4.372649203285049e-10
-1.7734664818007039e-10
3.4946951210154796e-10
-2.547157409101427e-10
-5.010486537074191e-11
-1.8143896378408106e-10
-3.763214646665376e-11
-3.2897875478116153e-10
-3.0549464457162983e-11
6.627755324461516e-12
9.251626256337053e-11
3.1975698589299627e-10
1.288513440701982e-10
-3.672058103756502e-10
2.4807742282322313e-10
-3.328073680144528e-10
2.492158472445762e-10
-2.6369244104264686e-11
2.833468597318481e-10
4.9243824435094534e-11
2.508629499958237e-10
2.6362091857222476e-11
4.3642168411615176e-10
2.4144792181456503e-10
5.228055228384602e-10
3.355832588256356e-10
4.3689639131158493e-10
8.525161245252026e-11
6.10140074898337e-11
