[0.0, 29.0]
0.0056075106799895035
0.9744010572113805
0.04976434573601539
-0.003752562081664668
-0.00017561855684087546
2.7564453102832752e-05
-1.993910361007409e-07
-3.0920928963133794e-06
3.4618528558085793e-07
3.0076085676903125e-07
-8.864599553912904e-08
-4.441831203638947e-09
1.318551725510898e-08
-7.618807558630466e-09
-1.0391666889714526e-09
2.8008094189566124e-09
-5.207255141784976e-10
-2.6252661165646602e-11
-2.7784964086227957e-10
2.5017974239411183e-10
-1.5914958327826037e-10
2.7264094056088063e-11
-8.493758405308339e-11
-4.340947900399865e-10
1.3352060702366547e-10
-3.0925665893858876e-10
2.1726658309645196e-10
-2.6320776391241573e-10
-5.285766999871421e-12
-4.629210355501478e-11
-2.271526599224371e-10
7.602703766393343e-11
-5.094042322314907e-10
-3.306676921728268e-11
-1.3352151383913602e-10
-2.5257365141718905e-11
1.2009770560723736e-10
-3.7871166094299244e-10
1.1059268689642252e-10
2.297903032288419e-11
7.468130992283325e-11
2.023150739277366e-10
2.2951055628695058e-10
-4.816191785913893e-10
2.436343991019549e-10
-4.88403127838837e-10
2.6657913935832903e-10
-5.305199165321505e-10
1.9865041997947237e-10
-4.149647366103104e-10
8.83762176234714e-11
3.4006548752834286e-12
3.8777404171465913e-10
-1.0582144778250202e-10
2.871010097228353e-11
1.6345197201225315e-10
2.3280867409111965e-10
2.4896961151783816e-11
3.353442671917402e-10
1.1440540714209107e-10
4.53724661079531e-11
1.7767515426924807e-10
-4.387349045096271e-11
9.519036784895221e-12
-1.5424021553265492e-10
