[0.0, 30.0]
266.70632246128315
18.38715519370547
-0.021394187578483125
-0.0013588530089411752
0.00020865003879562739
-0.00010561211171241984
1.2325119752615533e-05
2.351859211513481e-05
-1.280401570880012e-05
1.0030499995582967e-06
1.2430616879126247e-06
-1.3923237038240348e-06
5.148454781057682e-07
4.566525970862564e-09
-1.5736238441274861e-07
1.0059869610298392e-07
-2.3191885166735517e-08
-1.343703912415866e-08
1.719167529393505e-08
-5.623348281357515e-09
1.045927263720781e-09
3.979742648566788e-09
-2.6825675594717886e-09
-8.54415612509784e-10
1.6785761315826328e-09
1.9102912823155453e-10
-8.640515122484785e-11
3.077080284670413e-10
5.581039111093333e-10
7.659352514119858e-11
5.604166142615325e-10
3.2928816814398276e-10
2.814218321173017e-10
5.214167096272444e-10
5.128271621584725e-10
6.027344150452977e-10
1.409059163788037e-11
6.067965528273556e-10
6.291436166643573e-10
1.0330214029080647e-10
4.5029031614232884e-10
3.3387746746411895e-10
4.287529442368896e-10
2.9556786142927036e-10
3.646620597387977e-12
3.689255365354619e-10
-7.390902315017037e-11
5.388852136173192e-10
1.5647244544391006e-10
5.328842183964394e-10
5.203180399507004e-10
6.921810833891111e-10
5.738253707062276e-10
4.628514125112144e-10
5.57811188240969e-10
2.3141680036997716e-10
8.123169179972142e-10
3.7214095224165213e-10
5.575019746717329e-10
3.9966204932474995e-10
1.0708314960148421e-10
2.1648186349365287e-10
-1.3621488293960723e-10
3.2298447619129216e-10
1.3371275853664123e-10
