[0.0, 30.0]
196.11016807497063
6.7915318924401475
1.5498595242398325
-0.1353879629400577
0.004062397237985141
0.0019743637567239034
-0.00040776568297797006
-2.1970241851351383e-05
-2.492722693043889e-05
9.664315967804652e-06
8.49448989547821e-06
-2.6018127079360713e-07
-2.2458520203265053e-06
-6.40565134076969e-07
5.196992354336772e-07
3.4230992161510196e-07
-7.71603723975408e-08
-1.328995744730353e-07
-5.035781914211278e-09
4.452748734012826e-08
9.834099320285543e-09
-1.3319783320244785e-08
-3.2316004123943275e-09
3.32584919278206e-09
1.5012632803433668e-09
-7.367334663196075e-10
3.439228996407083e-10
2.850781367101004e-11
6.416295459180198e-10
2.028534117917354e-10
5.613962578834399e-10
2.2324147207408761e-10
2.1271098760447928e-10
2.9084833394561297e-11
3.533659962526151e-10
2.230456234842796e-10
4.5617343979669706e-10
-4.812835272306884e-11
3.628233008244644e-10
1.762649606145744e-10
7.155229346619055e-10
-9.021540851515282e-11
5.829694635835801e-10
-7.950729676816879e-11
7.387717599858474e-10
6.975192841305347e-11
5.758089443751346e-10
-5.128569314822834e-10
6.962688868876246e-10
-1.9748169646075534e-10
8.817903490035679e-10
-1.029225215295292e-10
8.166007669125759e-10
9.923130911167188e-13
9.051069122792425e-10
-8.892422878069451e-11
1.1976741496181533e-09
-1.4771994792598055e-10
6.379578395993314e-10
1.207022188870405e-10
5.158480546994254e-10
-3.6399730964789666e-10
1.5256776618737601e-10
-3.759346701800276e-11
3.5850083313342347e-10
