[0.0, 30.0]
128.36988016471182
16.201565049046884
-0.20237428129702958
-0.014136105705365814
-0.0005974768576517788
0.0001143720540835831
-5.56432033916459e-06
4.93828729161683e-06
-4.915260286173201e-07
-2.9535428611764223e-06
-1.4768468988813559e-06
-5.897568980342484e-07
1.3311035553400715e-07
3.739147095382995e-07
2.1541507897523198e-07
-2.8695856134208463e-10
-8.837982876858769e-08
-5.747706080522864e-08
2.4649949621677157e-09
2.8241439270554965e-08
1.102727243389822e-08
-7.385027319011463e-09
-6.249486532346509e-09
1.6762310566012055e-09
2.0402431557994366e-09
-4.838322302293384e-11
-3.959422509856827e-11
3.7546661534129127e-10
3.854832602834917e-10
2.2003486737365027e-10
1.8017247790597333e-10
4.73472919165938e-10
5.281036091645336e-10
4.868698159472898e-10
7.548271022403311e-11
3.3340065631774677e-10
2.6093727614456665e-10
3.427817368888388e-11
-1.5265147376910276e-10
7.487542157913046e-11
2.1675178197743178e-10
1.7355130863707136e-10
-1.6445326886646547e-10
-2.2446954073341407e-11
1.0392868702555736e-10
7.724879708327229e-11
3.309525735872307e-10
7.357645718116197e-11
3.053645401096826e-10
-6.227707611487404e-11
2.711060689971146e-10
-5.65104921673469e-11
-6.598837051509132e-11
1.418078273795906e-10
1.659094554985944e-10
1.0252659279726166e-10
-2.154307438945759e-10
-1.6834729285187925e-10
8.348160912796971e-11
-1.403730963827651e-10
-1.5593005604809027e-10
3.46201059683584e-10
5.289399316028441e-11
2.036715837855926e-10
1.2260696545732967e-12
