[0.0, 31.0]
-0.02827299059239396
-0.6403942466200546
0.010433590752079247
0.004339695132002858
-4.400113861992495e-05
7.617559081415826e-06
-3.7087591863847574e-06
-2.5699880005405195e-07
4.5748898934078114e-07
-1.9435377365089005e-07
-7.130067403384182e-08
1.9375573399515637e-08
9.068726155333334e-09
-1.9905936349812573e-09
-1.2240910019979307e-09
4.1303182651441445e-10
-3.89866530752788e-10
-5.963095160490602e-10
9.38979715036905e-12
1.307955220109212e-12
-1.5237748507409508e-10
-1.6399904275958034e-10
-4.79986152412845e-10
-1.3088648208479938e-10
-3.3752105319504246e-10
-1.6703462896827945e-10
-5.863984723833589e-10
-2.0016541385230734e-10
-5.28758492028893e-10
-5.193195395890933e-10
-3.591289949004589e-10
-3.780002590305212e-10
-2.211836946240038e-10
-3.5400603275066246e-10
-4.074032496293002e-10
-5.948701130921401e-11
-1.8597032740746937e-10
1.818109369472819e-10
-3.377902476854621e-10
1.0234475610659352e-10
-5.544565461022228e-10
-1.718368065452148e-11
-5.658948863750859e-10
-1.3805476374537109e-11
-3.130295496691607e-10
-3.5051542500690705e-10
-6.098196713362541e-10
-2.95536820780727e-10
-4.99894703457303e-10
-4.577343009399741e-10
-4.139041814331857e-10
-4.591401915252345e-10
-2.49700303108286e-10
-1.4004995009616857e-10
-2.837417423295467e-10
-3.596814436866571e-10
-2.2640796828656833e-10
-1.6351954791705045e-10
-1.4452776634656046e-10
-1.5684097173033438e-10
-1.0584081899953465e-10
-9.555995254357633e-11
-4.824554043702519e-10
3.8482680793248e-11
-1.299265899933087e-10
