[0.0, 30.0]
-7.308246479164549
-1.521762203330252
0.43181564986596
0.09186524472813
0.0024076623580579866
-0.002367170504858266
-0.0004704157187035117
-4.052497465774958e-06
1.0104845804696953e-05
6.89609305958417e-07
3.105187151708607e-07
5.24096657209719e-07
1.89733754831054e-07
-5.682672979689168e-08
-7.033666161818635e-08
-1.6065056006453527e-08
9.428708806727473e-09
7.440721378861216e-09
1.4497028509968084e-09
-1.4077251723446278e-09
-4.2975177264051935e-10
-3.5764680004355114e-11
5.589519731278412e-11
1.8566117410754165e-10
-9.504992944671186e-11
-1.751941004655728e-10
-4.084812220448841e-11
9.37321816408459e-11
1.686127706826387e-10
-2.6446562598237917e-11
1.5601178514151838e-10
3.62558094116817e-10
1.312018790696657e-10
2.6560681112052474e-10
-8.699203940344385e-13
2.5265507305617697e-10
4.324560157856529e-10
-2.132251632016807e-11
3.008757182874146e-10
-1.0688742380105733e-10
1.5623621722678834e-10
-2.1014915948050452e-10
1.6263860136983908e-10
1.6642501216103777e-10
2.465357071836295e-10
3.2446437826295717e-10
2.0042358237361032e-10
5.919651923912614e-11
3.728908485603976e-10
5.200917854919772e-11
2.0298251292740076e-10
1.9911736505150717e-10
4.5187152479611674e-11
1.7999852015976213e-10
7.688630647687785e-11
7.466609742938453e-11
1.3720830144694585e-10
1.831750664030143e-10
2.354175382389558e-10
2.682423340823361e-10
-1.5080611639394213e-10
3.0502107406617743e-10
2.7475560457116295e-10
9.71392322652869e-11
2.9134538182712216e-10
