[0.0, 31.0]
3.391681828056401
-0.6059560919353669
-0.2584895329027857
-0.020241645948168453
-0.0009584334335049388
3.561852823341258e-05
3.291490217147282e-05
9.431123499627191e-06
9.312575052855722e-07
-5.85211283866015e-07
-1.5556526192057565e-07
1.2425759873031567e-07
6.169792804942619e-08
-2.2391100915744446e-08
-1.940840270589737e-08
1.4109964820163382e-09
6.195805958393161e-09
1.2921785156081892e-10
-1.0750096555132281e-09
-1.1378955581381581e-09
7.291331269070696e-10
-1.758585100678147e-10
5.749435726969858e-10
-7.004571172706275e-10
5.771600773211388e-10
-3.32343716238457e-10
3.9853184620263667e-10
-8.917795404355352e-10
3.5112185112204604e-10
-5.001600018456904e-10
-6.185649219098207e-11
-3.056437325016075e-10
-1.591917647565256e-10
-6.759952255672458e-10
-1.650334413094365e-10
-6.834303906797934e-10
-2.926678984770115e-10
-7.673447090392446e-10
-3.018397877220968e-10
-8.534666300674461e-10
-3.822600899579204e-10
-6.001688514285379e-10
-3.7349418981060844e-10
-7.884810791914747e-10
-4.5553482078018987e-10
-8.279889387118713e-10
-7.306046995602036e-10
-4.861088019103404e-10
-6.584958143005374e-10
-4.932591023187033e-10
-2.3365204450201776e-10
-1.7841083230568185e-10
8.571292012437087e-11
-6.05623187677065e-10
9.595149479880406e-11
-8.009036665555295e-11
-3.5097940665124823e-10
-3.383826560876727e-10
1.7487613791105516e-10
-4.72636941878038e-10
8.78286907050505e-11
-3.3627043219803005e-10
-1.7607021573866848e-10
-3.9922888246107134e-10
-1.0347591192512242e-10
