[0.0, 31.0]
98.81003965576446
15.103989400801769
0.4096184416334134
-0.03308519887760205
0.002918502538757095
0.00012863253585285945
-3.457515446005559e-05
-5.883318143906807e-05
-5.397955739432742e-07
1.5659117803108485e-05
3.5969897352291654e-06
-4.199579640236542e-06
-2.006484661405968e-06
9.270580761999188e-07
8.019823102455556e-07
-1.1545364421423167e-07
-2.74994869250525e-07
-2.631330361882764e-08
8.115085923103654e-08
2.7134550964996264e-08
-2.0561036624380675e-08
-1.2985658111264759e-08
3.231528511437855e-09
5.545120328554344e-09
-1.8028842785161778e-10
-1.49006853504236e-09
-1.1466640496876274e-10
3.5778635015321053e-10
1.7082938240110643e-10
2.5085329242031935e-10
2.4072172439121177e-10
-1.0825570609901145e-10
-3.122587684043228e-10
1.5277451598120305e-10
-2.756250195207646e-11
1.4259388471069977e-10
4.4475048148782336e-11
5.339394405114133e-10
1.1638022285820251e-10
1.126464930232035e-10
-3.5159917042000595e-11
2.786738374615116e-10
2.984027906948095e-11
-3.7552111192277016e-10
1.0641204795695625e-10
3.431301037846569e-10
4.819575350777396e-11
2.2302246622056981e-10
5.795918558800502e-10
5.608622226026243e-10
4.983195512328679e-10
-1.4665399054871592e-10
1.1974243230151498e-10
-1.2685560864141036e-10
-1.076438179501602e-10
6.076318392304632e-11
8.697274993499115e-11
-3.3998707978532856e-11
-2.3260116418173463e-10
1.396133206399191e-11
7.23028676257433e-11
-1.3022314206774786e-10
-3.542833556675713e-11
-2.5520559417426133e-10
-1.2892308808347761e-11
