[0.0, 30.0]
63.41733426618788
17.56620116528676
-0.09881063959758055
-0.005391987688308789
-0.0004483012961315624
0.0001578802455729177
8.35293856921835e-05
-2.0872760921270647e-05
-2.80573876783813e-05
1.5413492519489458e-06
7.962708458899101e-06
4.876240294925292e-07
-2.2398969434941293e-06
-2.831233145508453e-07
6.52081087087646e-07
1.0390867374732115e-07
-1.9608574851256697e-07
-3.855945299926692e-08
5.9364177380302085e-08
1.2785303324275454e-08
-1.8332783196842737e-08
-5.297780922412097e-09
5.115852907092155e-09
1.3174681349092714e-09
-1.5605805160530966e-09
-1.1688439069787647e-09
8.653971261659328e-12
-2.244681773064209e-11
-7.840975354769907e-10
-1.5188362658145127e-10
-3.3995679484641533e-10
-1.0942299122040921e-11
-4.730738951552861e-10
-1.6111060407998515e-10
-8.492333853578045e-10
-1.345084783793178e-10
-5.426542465311295e-10
-6.247898619604359e-11
-5.20267645815681e-10
-4.2084722943136075e-10
-5.65701558180303e-10
-4.515600466596876e-10
-3.4031680414392484e-10
-3.9730096656356416e-10
-8.97418321711371e-10
-6.023440844768268e-10
-3.001537306819328e-10
-2.9347866887590567e-10
1.2127342881117208e-10
-5.234172618676718e-10
-9.501882291561948e-11
-5.658083894372836e-10
-2.6143013566073774e-10
-4.566874105834331e-10
1.0346013438525378e-10
-7.578149736141711e-10
4.65208015254087e-11
-3.332516934869156e-10
-1.269776005999546e-10
-7.282856605398972e-10
-1.6077285901910175e-10
-9.503265090851713e-11
-1.9582229834723282e-10
-3.0764299503277325e-11
-9.616640592233292e-11
