[0.0, 31.0]
188.72229886672886
19.324272625579454
0.02583187539806806
-0.0014046940752554932
0.0003569149503578521
-2.0401416005724914e-05
-7.202411406487625e-05
-1.8792329866614556e-05
1.3038436044393013e-05
9.087885760539091e-06
1.1555026450717485e-06
-2.3405737449119272e-06
-1.673515424748704e-06
7.171867735913103e-08
5.386913055654083e-07
2.1204062904150685e-07
-4.774806952139846e-08
-8.913187433732342e-08
-3.8603079188489296e-08
1.402616644943431e-08
2.4252497005680084e-08
3.1665798745400284e-09
-8.578310508913633e-09
-2.6166674031485863e-09
2.223374904078128e-09
6.62410539453699e-10
-3.800605305252318e-10
-4.290450070257007e-10
-3.958817703205915e-10
-1.5704633877432284e-11
-3.413869110942583e-10
-2.4370244197934773e-10
-7.390438367353134e-11
8.37980712739348e-11
-2.2429411663081965e-10
4.00478591650058e-12
2.2513535881505314e-10
3.37825670519856e-11
-3.48626605855489e-10
3.819312201016339e-10
-1.5829382460059947e-10
2.0666118482781038e-10
2.5862006426118576e-10
2.376763623059225e-10
-6.989880377981124e-11
2.5116433653487136e-11
1.5953081304147446e-10
-3.662291211596568e-11
-2.965714131937558e-10
-1.7792038347714108e-10
-2.582333514362564e-10
-5.0105705218370904e-11
1.8356427435259412e-10
1.966179153769298e-10
2.0565081282038609e-10
3.8197087351880926e-11
-5.580931392971727e-11
-8.808412314739208e-12
2.8377428781046664e-11
-2.420449977968207e-10
2.308343662126447e-10
-2.3643425119747586e-10
6.511934585114586e-11
-4.2058589277837354e-11
-6.384135565318943e-10
