[0.0, 31.0]
219.50795955423044
13.32546445806891
0.7521621663590587
-0.07344257942055657
0.00692959259475265
-0.0005869909340570685
-0.00013368835592028866
1.6592527126088743e-06
2.2358942158065657e-05
8.046966991568013e-06
-2.2819780210488375e-06
-2.92554372722258e-06
-7.51703669000329e-07
5.910373597759489e-07
5.189261559278752e-07
4.6920937002993074e-08
-1.5048563464134104e-07
-8.214569373783433e-08
1.0531047849123286e-08
3.1013811307956574e-08
1.2183156544537192e-08
-5.742197168307566e-09
-7.309216745250727e-09
2.4696883953439066e-10
2.4974819743977684e-09
3.1105691979892867e-10
-6.093857628512791e-10
5.745479629678364e-10
-1.767270446812971e-10
3.7729194696225525e-10
8.113250165711117e-11
2.717008442512079e-10
-3.458214880056236e-10
3.823637284809843e-10
1.840494772098296e-10
3.117506423688606e-10
-1.376900334190343e-10
2.0938524135546476e-10
3.939029366829591e-11
1.9462286859448514e-10
-1.9612334445164163e-10
-1.8589048573657896e-10
-2.010843808176572e-10
-3.3804923350568456e-11
2.370495729805688e-13
-7.390141925874413e-11
-2.76753649009098e-10
-4.140655195262132e-11
3.074875652501325e-10
-2.718211698602517e-10
1.1050075880779839e-10
-8.26502500829966e-11
2.9862515979120263e-10
-1.3813421096331718e-12
3.4309734559804827e-10
2.6029105013773815e-10
1.614341245471236e-11
1.5053015332724085e-10
-3.391198241394877e-11
2.0263490841143534e-10
-2.4525476048620266e-10
1.0690580320156337e-10
1.4377756562323047e-10
2.665155304684758e-11
1.6495489200717413e-10
