[0.0, 31.0]
95.34297966422669
18.875317716601025
0.027632669925522376
-0.00040647168712012647
-0.00018670906780289236
0.0001370839629170784
4.447373428389157e-05
-2.1359306020479102e-05
-1.4601714105914797e-05
7.491517460521915e-07
4.058001482879253e-06
1.5238807224793189e-06
-8.334085886473729e-07
-6.762917792783812e-07
4.966706397902853e-08
1.8406563988278741e-07
5.275603577990253e-08
-3.7815962885676186e-08
-3.097501982949651e-08
3.613086239600525e-09
1.1406131084457627e-08
1.273031184502896e-09
-2.902420207795181e-09
-1.2775325323023897e-09
6.697801994084272e-10
5.397462444855604e-10
-5.084920046986273e-10
-9.516894056379412e-11
7.76514012872388e-11
2.347903524417163e-10
-2.9472897175407935e-11
-1.224959679031419e-12
-1.4491415996057028e-10
1.0393374832311862e-10
7.34162922155537e-11
4.383680006750273e-12
-1.6569812107683228e-10
-2.6021343514960463e-10
-1.0909449679282741e-10
2.8028137813656536e-11
8.565178613467402e-11
2.2863700087675117e-10
-3.2901776639013795e-11
2.858302485362988e-10
6.250346589786849e-11
-8.357837908501695e-11
-1.911963507423884e-10
6.279104268840065e-11
-1.2795891790436774e-10
2.996904555578839e-10
-1.380430014082794e-10
1.4491933417976146e-10
-8.106792406571653e-11
-2.1609025660645395e-10
5.976142994965496e-11
-7.63967429972343e-12
2.290161927293582e-10
3.7686992533818854e-10
1.3211245101170553e-10
8.696811579813723e-11
2.4167972025943877e-10
-3.8203375085245504e-10
3.116527344982363e-10
-9.489808743249135e-11
-7.245550603156842e-11
