[0.0, 31.0]
308.7799967282625
19.433676022896304
-0.012958908917433046
-0.0005383207149889987
0.00016033269400352263
-6.261996752741333e-05
-5.387886093989104e-07
-2.0469702054944534e-05
4.9404683658444866e-08
6.445202258264708e-06
-3.173183495034927e-06
-5.652824109449159e-07
9.857012035751273e-07
-1.3034105367153317e-07
-7.281777810889326e-08
2.8825499807935927e-08
-1.809137663107278e-08
1.2854967610898132e-08
6.4781939318475065e-09
-5.238184678846007e-09
-2.941986723143525e-09
-8.533206570667318e-10
1.7445536022610354e-09
1.2662564920808717e-09
-6.163759819189864e-10
-3.7738887173591876e-10
2.9389060497172786e-10
1.5830475234430717e-10
1.605831507966738e-10
3.7783225000198153e-11
-1.3669564725419904e-10
-1.0706863213865043e-10
-1.0314574021650421e-10
-1.0161488301227232e-10
-6.641332008984078e-11
1.7007835593743253e-10
3.5613371118444374e-11
-2.632615353060626e-10
-8.403422461480746e-11
-2.2306371019630716e-10
4.751405957392211e-11
-8.198666906715081e-11
1.9480880544923745e-10
1.233387837191331e-10
5.2332783577209416e-11
4.6183345467160456e-11
-2.582646460055315e-10
4.3201365153346693e-11
1.871813114993358e-10
-4.524917977136854e-10
-1.257660694083468e-10
-1.8027013945613918e-10
1.363036326229443e-10
-7.332223464486192e-11
-6.84892659468546e-11
-3.710960531026219e-10
-3.1972542357408257e-10
-2.536072759583175e-10
-2.5219392540630915e-10
-1.6637146040442906e-11
3.814822086162184e-11
-3.016529168382888e-10
-1.7040187110120702e-10
7.968093652853826e-11
-3.252260299879417e-10
