[0.0, 31.0]
183.18541057783125
8.66403958574785
-1.2915651806248154
-0.12173791359416514
-0.00601462324069079
0.00017482508129776725
-8.202450268254748e-05
3.083863363485061e-07
5.002076915751984e-05
1.576032107963081e-05
-8.69647842967854e-06
-5.494545999396484e-06
1.3683200026816472e-06
1.7211362779651918e-06
-9.311092227225546e-08
-4.950263482198248e-07
-6.191050932194995e-08
1.3685442009650533e-07
4.3722263989057695e-08
-3.630912667487312e-08
-1.9029030208050156e-08
8.871217755064156e-09
6.923419736168909e-09
-1.7644795381966295e-09
-1.7752857620121507e-09
8.910586705090449e-11
6.539965895516332e-10
3.4917599237117563e-10
3.8680453989214703e-10
4.265383688999734e-10
-1.9945555034802703e-11
7.437328070871682e-10
-1.1813342898151923e-10
3.7234060060194943e-10
6.873711658906534e-11
1.4933411853384735e-10
1.219698220873972e-11
-1.7881206193174102e-10
1.3413174839756335e-10
-1.058617797270825e-10
2.1568324570594406e-10
-3.5246043176947777e-10
1.9693313318111686e-10
-1.4170271471666183e-10
2.3399836828437105e-10
-4.120723546138036e-10
3.8409161073755347e-10
-1.029044863426551e-10
5.077752888240931e-10
-2.60379463612964e-10
3.3436052700244105e-11
-2.656463069954355e-10
-5.776330249499499e-11
-3.29569745097597e-10
3.060862756920997e-10
6.016305934831878e-11
-1.454484003189867e-10
4.5029026521352664e-10
-9.161539230704889e-11
2.3007970615011945e-10
-4.18355803598779e-10
4.164481456159423e-11
-2.9971517701847454e-10
-9.148807631542834e-11
-5.327912886415231e-12
