[0.0, 30.0]
5.0073857081332935
0.5171307976621826
-0.21341942064072475
-0.02871806582424495
-0.002411674272223035
-0.00010579244148867668
2.1845398691128517e-05
6.3650604017141505e-06
3.2403889627176253e-07
1.8963839884320426e-07
1.336820213234383e-08
4.997679090340118e-08
3.743648586133361e-08
-8.129909337840671e-10
-1.9717396382572964e-09
-1.1564932599184895e-09
-7.326458355815704e-10
8.987859704372826e-10
-2.8257611845304844e-10
3.392829838585786e-10
-3.453784902699485e-11
2.869598788011408e-11
1.3512817545405614e-11
2.6828243415453174e-10
2.911869557939499e-10
1.8088775143625488e-10
1.0815015682665712e-10
4.806960858763472e-10
2.7936640128403206e-11
3.1564770461652786e-10
-1.2873691252069718e-10
4.23255119452541e-10
3.9467149740546995e-10
1.4360287872297973e-10
-5.5932721637784436e-11
3.9097587290072315e-10
2.756977728406589e-10
7.265600353425137e-10
1.4572719995028607e-10
2.3937809411206705e-10
-6.348358534369652e-11
2.424779276295872e-10
3.073899179399182e-11
8.884026537910508e-10
-9.811091443601033e-11
3.763321052330535e-10
-9.163932635277832e-11
2.5090132286308305e-10
-1.2720350689151575e-10
8.600866633868498e-11
7.233491905283321e-11
1.3220123858825596e-11
-1.349091304290064e-10
2.5893289286450057e-10
-2.0353193293133818e-10
2.1241380345763798e-10
-2.51804735684388e-10
1.9436243213458595e-10
-4.9345147975140677e-11
2.3064872274858346e-10
2.1516472120256013e-10
8.730280569753853e-11
-1.1121942943897553e-10
5.5238831039898597e-11
-3.2222353029683183e-11
