[0.0, 31.0]
0.1304025475632766
0.6195646023211542
-8.759368613187068e-06
-0.004261943120731586
-4.8660271575325025e-05
-3.355951042365323e-06
2.906988757896717e-06
-2.252294650188988e-08
1.7073336267986699e-07
1.318966700420938e-07
-9.331129666010388e-08
1.0796959574598987e-08
1.0301823906088998e-08
-6.582809769448494e-09
1.1018203641635993e-09
-4.309557266887106e-10
-1.0007504318305548e-09
-4.212134744508844e-10
-3.962462516549604e-10
-5.00334160621419e-10
-3.763018206215251e-10
-1.9122021171751279e-10
-7.841540310472866e-10
1.1552812109693534e-10
-7.762358073553474e-10
1.3608354498344308e-10
-5.226192956457206e-10
1.918106440635478e-10
-3.0712832441696e-10
-7.556432039407387e-11
-2.3710407950390175e-10
-5.057311750728206e-11
-3.729959133671185e-10
3.5807766387389705e-10
-2.1652723968940762e-10
-1.848912343081873e-10
-1.7613395246962036e-10
1.540715697228321e-11
-4.308000879956485e-10
-1.3744441631324992e-10
-2.493647812500695e-10
-3.172306612386528e-10
-2.5461828151577547e-10
-4.1961403733069495e-10
-3.3855088029533587e-10
-4.213522194946839e-10
1.7576693015391833e-10
-5.54718938955283e-10
2.9311720617992276e-10
-2.486359037769249e-10
-6.88724194601298e-11
-3.2125210997325817e-10
-1.2301711801962327e-10
-3.7475069242683004e-10
2.9467790993683406e-10
-4.497754174570421e-10
3.1600879043031307e-10
-4.036650853806494e-10
6.431754582451424e-11
-4.101801384647797e-10
1.8739190590920807e-10
-3.890420057450762e-10
1.3210947140475716e-10
-5.382199048969066e-11
-1.359810364551442e-10
