[0.0, 31.0]
171.38258596536724
18.85662373845455
0.07150329109238392
-0.002595881085949124
8.39111938981077e-05
-0.00016423115163908636
-5.744048407225685e-06
1.7451475368086043e-05
4.1873508610467963e-07
-1.1647437939923615e-06
1.0417393673700931e-06
-7.134148422950176e-07
-2.7041469429177623e-08
2.8763217149288543e-07
-1.9625650547586693e-07
2.5778275695718362e-08
4.7902730575580344e-08
-4.5998444250026565e-08
1.4393117251720783e-08
9.370402362172665e-09
-1.3092615294645604e-08
4.730793988958474e-09
4.844825293146009e-09
-2.7836113687411947e-09
-1.0318321528391426e-09
1.4340902024757191e-09
-1.5719110168838605e-10
-7.1316953365508e-11
-1.7603200838843787e-10
3.340064601599196e-10
-4.2923865331540286e-10
1.6199222203031767e-10
-1.7322743086983013e-10
2.9703788493546304e-10
-1.0622036888137149e-10
2.659495480333273e-10
-2.3169771432557166e-11
-4.207787043666363e-10
2.6302755301538556e-10
2.0839510364042515e-10
2.518086868539799e-10
2.32522531005065e-10
-1.5491421221404235e-10
-1.069539183305408e-10
1.5017451920380557e-11
1.3334485364621105e-10
2.4310192848634885e-10
3.394644713773455e-10
1.5466000961235272e-10
-3.742117335267625e-10
-4.478382496721211e-12
-4.801674081529365e-11
-7.759405192183356e-11
-1.5077436995861128e-10
1.613311291100384e-10
9.882862245396943e-11
-3.241714182717973e-11
1.1894595518860952e-10
-1.8367975844104847e-10
2.758144445907196e-10
1.159209456925543e-10
2.330046079417937e-10
1.600415644200657e-10
2.3930716277760016e-10
-1.6596012987376766e-10
