[0.0, 31.0]
0.5373436535410084
0.6196499655062719
-0.014918532510402866
-0.004465548274102619
-3.0760778400381766e-05
6.495558578619291e-06
6.553198702762872e-06
4.3833819543608645e-07
-8.887773705861354e-07
-1.6702579670188242e-07
1.1084452505271393e-07
5.1952046303819564e-08
-6.179874440586727e-09
-1.3299092275117539e-08
-1.894379190233363e-09
2.931580542831963e-09
1.3035885565933843e-09
-6.767047805430199e-10
-2.6492107543851975e-10
5.160778176427616e-10
1.4449847246840195e-10
7.727050502091194e-11
8.742226058664048e-11
-1.2222621738526388e-10
3.188682628768679e-10
4.2439008207450245e-10
2.2335842283409178e-10
3.429889554184804e-10
1.9763514271924306e-10
3.2756823431779394e-10
4.928993899404023e-10
2.386137833563812e-10
4.745725124902762e-10
5.625522319427253e-10
3.3286934143326755e-10
1.4085589059817583e-10
1.524198567871769e-10
1.7855514379560157e-10
9.897912490405127e-11
1.1605412481255339e-10
-3.093931628538491e-11
3.7750911621455887e-10
5.069540902676883e-10
2.65162629105955e-10
4.128319858568626e-10
3.4361777308355457e-10
5.001797398883204e-10
4.194738707878348e-10
2.7190624702989307e-10
9.316654663853925e-11
1.7624071237149865e-10
3.5477011312960226e-10
5.151572607933967e-10
2.478779201572821e-10
1.664608040427932e-10
1.890672663526688e-10
4.276783456299264e-10
3.6792341860587113e-10
1.7338139750497404e-10
-4.023916349320309e-11
6.630596688776248e-11
2.379566838351666e-10
7.897912869490046e-11
-1.2032080069171666e-10
1.2131779016659475e-10
