[0.0, 31.0]
303.30579008212584
19.467039165947746
-0.009368976135524381
-0.0016461839746833634
-0.00010164012213882712
0.0001587488337994951
-5.356295853467783e-06
-3.6002818385074645e-05
5.807304144358145e-06
1.187434888589901e-05
-1.3774652590351985e-06
-4.279910381855433e-06
1.6986602630361765e-07
1.515501235718613e-06
4.369842871621586e-08
-5.278717706894625e-07
-5.64002249120349e-08
1.869298000228065e-07
3.32941103979584e-08
-6.544336471332244e-08
-1.4089535543554295e-08
2.1715369221647474e-08
5.182877430154802e-09
-5.9622574907032055e-09
-1.5014022524492066e-09
1.2322457946626285e-09
1.2124493990631398e-10
-3.1362943707126583e-10
-1.2054287429946546e-10
6.257009992639556e-11
1.2500627758580942e-10
-6.492073444389371e-12
1.8245235092645366e-10
2.2101118976256892e-10
2.515229081637345e-10
-5.692595944358899e-11
-4.9197356654300356e-11
-3.3427492040703616e-10
2.532970801177851e-10
8.469198266881632e-11
5.138045567191441e-10
1.4562711795222684e-12
-1.8385651287635237e-10
4.631688908993047e-11
2.791751465340595e-10
1.3156860405576584e-10
3.745156982706709e-10
5.28558254766104e-11
2.6689486673469934e-10
1.7424559088760581e-10
5.131153355801491e-10
1.0119162540811621e-10
1.0979718913647523e-10
2.8851018499232828e-11
1.9649759065386984e-11
2.045730884973454e-10
-1.6485946192548703e-10
-3.138773615276116e-11
2.1014258019055633e-10
5.4360411065271334e-11
1.2530523604514092e-10
-3.2557525046302475e-10
1.984696395269908e-10
1.8648396598696416e-10
1.8636014253662842e-10
