[0.0, 28.0]
-1.3372899800651665
-0.14916580831493925
0.04981091347993581
0.0009206777879168733
-0.00010682977559992458
-9.325539556112057e-06
-4.005162498054197e-06
2.889514572135153e-06
-1.5693173878773936e-07
-7.092579435516477e-07
4.41816615380362e-07
-7.6779660040427e-08
-8.896191570108039e-08
1.0197847882454298e-07
-4.655763230903268e-08
-9.342004512325754e-09
2.7690391719477138e-08
-1.7772718349917356e-08
1.1122690713378433e-11
6.033333436168674e-09
-5.138795998903648e-09
1.2322638888903245e-10
1.422576791382699e-09
-1.6461709834115074e-09
1.22752825262232e-10
1.0506958024781463e-10
-9.063342933860065e-10
1.277314577187673e-10
-2.2595486110915158e-12
-2.672641934938128e-10
4.4643530804083535e-11
6.344016217725127e-11
-1.7987044909353522e-10
3.713231703680248e-10
1.8570475707127302e-11
2.0978061614256248e-10
-3.0033232753458506e-10
-9.249467586218905e-11
-2.076467987028553e-10
-9.372740942563923e-11
1.1077284058995615e-10
-9.320594462991543e-11
-4.927189655722785e-10
1.8843589694967384e-10
-3.9094616727866913e-10
-1.0198820450000298e-10
-2.203934206280526e-10
1.8674484883546276e-10
-6.752226687877344e-11
3.974616101358893e-10
2.0673796107311888e-11
3.913364577616993e-11
-1.46722568173132e-10
2.2011564077117147e-10
1.4825653910966912e-10
3.117459376352841e-10
-1.186702768287531e-10
-1.8018568184340228e-10
1.7299605964386566e-10
-3.4086662152603767e-10
3.267842436442543e-10
2.6815368428704407e-11
1.5242703714371082e-10
1.5023647045793797e-10
-3.6577622228735216e-10
