[0.0, 30.0]
216.65931506999422
18.786137323122848
0.017161445749981914
-0.0015805901436251844
0.0004243698511871046
-1.556488643243021e-05
-9.33664094336715e-05
4.98699659686615e-06
2.7715543404912523e-05
-3.0292381934225793e-06
-7.262500440608028e-06
1.6818057461896412e-06
1.5241536030369005e-06
-7.335849374890932e-07
-1.8749051756096474e-07
2.569090005163267e-07
-2.858850809256735e-08
-7.053585616396263e-08
3.084232353992557e-08
1.5144967373411937e-08
-1.1966360633202788e-08
-8.708255794660879e-10
4.070876886769731e-09
-8.224222274990223e-11
-8.199495871838252e-10
8.835183322602449e-10
2.92859194221014e-10
3.3896992960981034e-10
3.2489475206126726e-10
1.0133787288649517e-09
-2.5266610989348443e-10
2.350262803605755e-10
3.617979540517314e-10
6.274133038141276e-10
4.208735981244019e-10
5.549570180299952e-10
3.90714028116112e-10
1.9055235183497865e-10
1.5835805103737324e-10
1.4368421085915065e-10
5.578597468013014e-10
1.6876779138940357e-10
1.730500343325926e-10
3.681226301540262e-11
1.6389602446923914e-10
-6.020089230815995e-11
3.2745449834691933e-10
4.5170573959876266e-11
7.761539862654015e-10
-1.805884568090223e-10
8.282672740404622e-11
4.882319984218335e-10
6.243541833437724e-11
1.5124038434674887e-10
3.184159032984601e-10
-1.893094967011599e-11
3.7123379734831336e-10
1.4339041715502284e-11
1.3864120051129196e-10
1.0110502201589781e-10
2.6498536860374646e-10
2.4522278584546e-10
6.038541044438358e-11
3.919005784704433e-10
2.8030040876458716e-10
