[0.0, 31.0]
186.4186445709479
19.32412554127765
0.028590106830049797
-0.0026504320754125203
9.289720544597599e-05
6.28348893832481e-05
9.038768850467608e-06
2.3979497646307536e-05
-5.555747272689418e-06
-1.5682327661375841e-06
5.312880420634696e-07
-1.1409626063448473e-06
1.0061693586067891e-07
4.891261581590452e-09
-1.1906822626798883e-08
5.286933773106813e-08
-1.8303970710686057e-08
1.6081008973901e-08
8.046675086329613e-09
-7.191187380632792e-09
-1.5365870052382952e-09
-3.1547142942191034e-09
-9.177095139660363e-10
2.9136271232691187e-09
-4.0741558621351144e-10
-1.6833900212363323e-09
-1.008795987061414e-09
-5.493845195580265e-11
-5.780128970622168e-10
-2.2578121422000588e-10
-2.5684115143354243e-10
-3.5872067751315645e-11
-5.01749958220659e-10
2.4003751959225677e-10
-1.4164199853853784e-10
-2.1476383881341193e-10
-5.616044535063624e-10
-5.89131147708902e-11
-5.325744943342626e-10
-1.9987144103012662e-11
-1.0763883425304633e-09
3.796022102553064e-11
-6.249632924436297e-10
2.6945684565219467e-11
-7.047206041970293e-10
-3.774705883390965e-10
-3.5415542187289264e-10
-5.876577938287232e-10
-4.1892196036064194e-10
-5.809722282650271e-10
-5.481829349368028e-10
1.9348134171862054e-11
-7.818533311696983e-10
-7.195742003305434e-11
-7.342909137468307e-10
4.37135677062327e-11
-3.011533603572382e-10
-8.558722602309337e-11
-6.487862042584232e-10
-2.2141608006651213e-10
-1.2814061277671228e-10
2.6065046184065364e-11
-7.861750793408386e-11
-1.5488369455226578e-10
-1.1180132275542752e-11
