[0.0, 30.0]
5.420615712921781
0.36737760055011387
-0.2852497530173695
-0.04055320328395429
-0.003139505383940512
0.00017726706784775362
0.00013638863968320865
2.594193760640373e-05
8.109139203213534e-07
-1.3122433427410696e-06
-2.4352490910750994e-07
1.7988131199904768e-07
7.618071619479305e-08
-1.4046024138616574e-08
-1.9837442445477228e-08
-3.590106940624675e-09
3.3723997182068036e-09
1.9992742881778797e-09
-1.1937783714985585e-11
-4.557386425090361e-10
1.0410362363389297e-10
4.958116431963562e-11
3.210165500692067e-10
1.7586045949692285e-10
-1.725927568801047e-10
-1.2865101430313713e-10
7.038347358609172e-11
-1.1988665836048534e-11
1.1294081778688345e-10
-9.443836653998976e-11
-1.8217804414373017e-10
1.781956872742683e-10
-1.5665098165941855e-10
2.6955719568787524e-10
2.5743734640178163e-10
5.197660313194614e-10
2.839066436371557e-10
1.2987554041423585e-10
2.2056687116467817e-10
2.7938468187305065e-10
2.0334117587813032e-10
2.2654442643463164e-10
1.0226917834712862e-10
-2.3693023325415155e-10
-6.718822543889275e-11
-3.236791580058047e-10
1.1618171916084505e-10
7.432027036948883e-11
-1.7525019807603652e-10
4.643750818314791e-10
2.2676440207463798e-10
8.50884131320759e-11
3.1524262975220473e-10
6.7779496096669e-11
-8.299654204489729e-11
1.8310445707211702e-10
2.459985993414543e-10
-1.39030422678423e-10
2.59093126031525e-10
-5.637355768340974e-11
-7.050978115937407e-11
6.635393557446238e-11
1.1120427879302449e-10
9.430134692575425e-11
-1.0230835737805025e-10
