[0.0, 31.0]
-3.266639018608452
-0.4624250531619399
-0.012102369285162123
-0.0004371279014734272
5.667768644818308e-06
2.6913103585531426e-06
-1.2040693615019297e-06
-4.791906783893969e-07
-9.576696494399534e-08
3.680610985603495e-08
3.894002328088559e-08
1.287091008809789e-08
-2.4056426571569813e-09
-5.12387007851367e-09
-1.4986716177509426e-09
3.2482518248968614e-11
6.282309034199785e-10
2.883053644909461e-10
-7.239102412720985e-11
9.816650429687608e-11
-3.6913014109219904e-10
1.3416626309897677e-10
-1.5890732277270306e-10
2.1830749681754137e-10
-3.3378733086744916e-11
6.599028926503514e-13
1.0611582681501256e-11
-1.2884876609413455e-10
5.846180461004409e-11
1.0382832028139005e-10
2.550241060287678e-10
-6.758511137654802e-11
1.6179997220339137e-10
8.128781675322923e-11
-5.178371406303767e-11
2.7323896811431895e-10
-1.6934439139282431e-10
8.191006818443467e-11
6.536005090751724e-11
-7.422566602614899e-11
-2.171206875548404e-10
-4.3852279806414954e-11
1.3852184944697317e-10
-2.2969230878748675e-10
-3.0154196755382144e-10
1.197450191205078e-10
-2.896355856126129e-10
1.3124244914990779e-10
-1.6480312190161596e-10
-4.1049409316715113e-10
5.0360519356515455e-11
-1.5051811498455015e-10
4.751425484748161e-10
-1.2836967086881176e-10
2.40516599253624e-10
3.276222128519433e-10
3.743129034426643e-10
-8.667368381251702e-11
-4.19883985144849e-11
1.1110222889958933e-10
3.293232572873555e-11
8.462537261276302e-12
1.4161215717900678e-11
-3.79362267227884e-11
-3.6397087274878625e-10
