[0.0, 28.0]
-5.247543584159935
0.15809103482610334
-0.008085501272856128
0.00012343714563855108
2.13632772639769e-05
-3.3568932722698915e-06
-1.055189426523002e-06
8.306308993316552e-08
-2.0908046700055358e-07
5.212730385730441e-08
3.594366673769264e-08
-1.1536772077916168e-08
4.1389088022246236e-10
3.3221563048098944e-10
-4.885747022603768e-10
2.6526170612467035e-10
6.899917081534026e-10
-5.719694568221014e-11
4.879803374672646e-10
-1.9105731685785768e-10
2.340848924567012e-10
1.2294900072730364e-10
2.3374483398704206e-10
2.709791909008235e-10
1.5639555003615128e-10
3.650012469329273e-10
2.7816150583910937e-10
-4.706938176015834e-11
6.642720575625835e-10
2.8213184344177085e-10
2.482364398562019e-10
1.1177381080830707e-10
-1.353860521477024e-10
4.33106824821202e-10
4.847625970427436e-10
6.341381994257119e-11
2.5423249097023435e-10
4.783186296730665e-10
9.586578021815672e-11
-8.446780143455003e-11
2.1333511684361375e-10
1.1470395290139564e-10
-1.0497443754387546e-10
-6.108093401985441e-11
1.970120591331854e-11
8.894241315381839e-11
-5.162935828485554e-11
3.4617849607106e-10
1.6687773919467237e-10
2.5853178795970525e-10
6.231132677820245e-11
4.4051663992132723e-10
-1.5438043826114614e-10
3.6484124112582316e-10
8.082078145806581e-11
2.399219189697887e-11
5.409552778986939e-12
2.266377979172086e-10
8.095132619902974e-11
1.5227919493065698e-10
2.137012168562836e-11
2.3334664462074133e-10
-3.8955484831639123e-10
-1.3282060180781597e-10
2.2288368668469462e-10
