[0.0, 31.0]
-3.219329237802347
0.22923452317131798
-0.008446745606273662
0.0002762349802077387
-2.9435981090951405e-05
-8.822216074806264e-07
2.2808603490742934e-06
-3.3622160792018365e-07
6.72596538881107e-08
1.2830056870044754e-07
-2.8685326443266972e-08
-1.9342055741283372e-08
2.6659524590872807e-09
1.2565601022888672e-09
-2.589833546731227e-10
3.0233138858121383e-10
7.56671593563767e-10
-4.156585436559499e-10
2.971919211905515e-10
-4.3669335270470266e-10
4.1893269290020096e-10
-3.941458063223332e-10
4.418597920698673e-10
-4.282217386013868e-10
4.2736906400846296e-10
-3.7145535321401125e-10
3.373262754216698e-10
-4.0681281852983e-10
4.866979185718958e-10
-1.5452117431584968e-10
7.975126088104371e-10
-5.895135589975474e-10
9.076547080800834e-10
-5.516483199533242e-10
8.472416501615298e-10
-3.1534116894322337e-10
9.20166575417911e-10
-1.3291460326483602e-10
4.249223625000722e-10
-2.109435759892425e-10
3.996625204628726e-10
-1.0069402302724068e-10
2.17774555650219e-10
-1.74162340678035e-10
-1.6286698639160072e-10
6.520460922149549e-11
-3.0744174314747514e-10
-7.08116609977195e-11
2.4660415947378336e-12
-4.159587889100791e-11
-1.7578129291815247e-10
3.1667282532915954e-10
-1.314098913382151e-10
6.284896255952242e-10
-2.709627736806291e-10
4.744477298147776e-10
-1.7988610759086444e-10
3.322381857535305e-10
1.2517030022425095e-10
1.4309876716294178e-10
-1.2060709822478933e-10
2.1370292929115357e-10
-3.221332549495665e-10
2.5975184885766417e-10
-5.751370170025788e-10
