[0.0, 30.0]
69.48082726536445
1.3665608486021983
-0.2878982047219918
-0.007658375283657573
4.728168512948312e-05
9.343621311600135e-05
5.124518784416979e-05
5.384800356079945e-06
-1.607189181780092e-05
-8.002272866266914e-07
5.974947211995781e-06
-1.13873124855434e-06
-2.0105148545700603e-06
8.651476254483911e-07
5.382394088246263e-07
-4.282092354574061e-07
-9.177924688318837e-08
1.7246901068169817e-07
-4.823470939536924e-09
-5.950691105636237e-08
1.0708827259198431e-08
1.6609146191597268e-08
-5.030510932147797e-09
-4.347901855613258e-09
1.003838696410209e-09
4.694687594637623e-10
-5.257434725217292e-10
-1.2741412921701352e-10
-8.559849242495059e-11
-1.923690773391991e-11
-5.107020280456193e-10
-1.785142370179971e-10
-2.181739218964977e-10
-6.933316498949951e-10
-1.1930862470390628e-10
-4.959187752724339e-10
5.7546327027137034e-11
-2.1546550757732288e-10
2.0799436565761e-10
-7.390753377828046e-11
2.729401165415023e-10
-1.0373083066501423e-11
-8.293716526024955e-13
-2.9993753488963113e-10
1.3831427315975752e-10
-5.24365873355002e-10
4.971849265657199e-10
-1.811814741894221e-10
-1.4737129126307774e-10
8.108219250037906e-11
3.190635656858792e-10
1.041356161890983e-10
-1.1668842956870534e-10
-9.137828919653239e-11
-5.709235324968329e-11
6.378796195764283e-11
-1.4503557016028332e-11
8.537505148724849e-11
-4.8912394614257345e-11
2.5253936739608695e-10
3.518024069222407e-10
-4.513080009648202e-12
1.6464435997462016e-10
4.2524782560170507e-10
8.054388053194661e-11
