[0.0, 30.0]
1.6937083167691434
0.3094945191305219
0.010289289108961769
0.0002727629661020749
-2.1578459920156222e-05
-3.1215662238363064e-06
2.1788922782929016e-06
-2.4481371482335843e-08
-3.643579354943809e-07
8.797027766864167e-08
6.465157963129717e-08
-3.44924200203215e-08
-9.493679316325504e-09
1.053829794399661e-08
4.1538598057933764e-10
-2.7837336121132016e-09
2.9620212845091276e-10
4.809395879558177e-10
-3.696698231119916e-10
-3.421068427816361e-10
-4.740680779753987e-10
-5.0397523680973363e-11
-5.46088979462388e-10
3.162799863747585e-10
-2.170352313474955e-10
4.740660792880343e-10
-6.078152851255178e-11
3.8444297600490557e-10
4.828677599696723e-10
2.507855360363417e-10
-3.5340234683097477e-10
1.0213118528940561e-10
-8.51113695029897e-11
2.739704511687249e-10
5.516578155162261e-11
5.104162632887522e-10
5.8172276044025854e-11
-1.0022214403099221e-10
2.0356542000483797e-10
3.0859697492812257e-10
2.5178679626064224e-10
5.439505762382507e-10
1.0079651666416648e-10
2.893837861248722e-10
2.1340398531773465e-10
-1.508235740405127e-11
-4.16889179604599e-12
-4.236894678361723e-11
-3.812389619884626e-10
1.9326260280426376e-10
-5.289168598349845e-10
-1.7434736299936086e-11
-3.4702611203414355e-10
3.022797414024381e-10
-1.9508778401653623e-10
-4.2378926189340634e-11
-3.0120954077436343e-10
-1.7503810386602095e-10
-7.055439212590965e-10
-2.180897534533537e-10
-2.603461540373246e-10
2.649310980415925e-10
-1.338688202202654e-10
1.3736028304534492e-10
-1.6459941600710817e-10
