[0.0, 28.0]
-1.0985249547142435
-0.28869773058442066
-0.0009633258016684483
-0.00020235420944682712
-1.4430917406820226e-06
6.115124449203816e-06
-1.1082905210650886e-05
6.632546898034162e-06
2.7740786885858224e-06
-7.547505400548308e-06
4.75114952590968e-06
1.4098682194196598e-06
-4.836291988653342e-06
3.278703939922101e-06
6.835891777655635e-07
-3.070415518790103e-06
2.2409946763296538e-06
2.9047541115454843e-07
-1.9406527861909025e-06
1.5218763918158054e-06
8.819773183803037e-08
-1.220281448344648e-06
1.0273445714875495e-06
-7.883178738219358e-09
-7.639987654630653e-07
6.901471630450795e-07
-4.7830065192566194e-08
-4.7542317331978e-07
4.607630237891187e-07
-5.812272983772911e-08
-2.9444586122065104e-07
3.06669802261094e-07
-5.5653231533709616e-08
-1.8091825268606034e-07
2.0273180001192388e-07
-4.7270105415815756e-08
-1.1062514144566024e-07
1.3371561218088124e-07
-3.794892902194255e-08
-6.675024650052383e-08
8.755447355595322e-08
-2.9026783626465885e-08
-4.018367015972032e-08
5.748301716811495e-08
-2.177813711157134e-08
-2.3713810172955885e-08
3.7468372105339824e-08
-1.5576257328098847e-08
-1.3717111140604617e-08
2.4704619491790227e-08
-1.1285587079283885e-08
-7.644705262863583e-09
1.592551506162761e-08
-7.732443741072029e-09
-4.148329464111561e-09
1.0683316417149309e-08
-5.3352454281133916e-09
-1.8215948689922654e-09
6.9542111587983455e-09
-3.4386738686178678e-09
-1.1255855852217493e-09
4.725343897122015e-09
-2.296726451125366e-09
3.2623077285461874e-10
3.073708720083885e-09
