[0.0, 31.0]
-6.281574559133186
-0.8399334573479893
0.022060259391280257
0.005248719351395239
0.00012834015553956705
-4.539840617656853e-07
8.98175234653657e-06
-2.220223880853435e-06
-1.9262319525621073e-06
-3.654877353614644e-09
2.7807872920725457e-07
7.607374265983575e-08
-2.0088238057309856e-08
-2.5158606826148133e-08
-4.5657706470524484e-09
5.855341639668739e-09
3.017785170254708e-09
4.53380176486815e-11
-4.581211822395476e-10
6.289838416926633e-11
4.1485476682001e-10
3.8057884952638434e-10
5.171082106402894e-10
-9.785437873293413e-11
4.050934160247108e-10
2.2907386381706875e-10
3.4817158097617746e-10
1.0078312165708246e-10
4.80137676955607e-10
4.181541047904947e-12
5.459927499229322e-10
-2.8780158424685046e-10
5.483073512047378e-10
-1.4393004276784209e-10
7.424033958249411e-10
2.0408274496596758e-10
5.62919611954167e-10
1.3565610234656237e-10
1.990567925164779e-10
1.947868820240716e-10
3.175949809766531e-10
5.791365075931853e-10
4.835345946215578e-10
1.3491763887042686e-10
1.7585696648898386e-10
2.510369061081804e-10
4.340047274955867e-11
2.34496706679875e-10
-3.5502603744327925e-11
2.8938408716820467e-10
2.883818642582256e-10
2.158471760839914e-10
2.574470284768993e-10
3.4144927356661317e-10
5.464193903003802e-10
-3.0352132386918244e-10
4.922183713654003e-10
1.5855200354259397e-10
-5.93452082518223e-11
-8.819152628485086e-11
2.379442341221147e-10
2.7874219742010053e-10
1.9399737753782584e-10
-2.4928562928204874e-11
1.2254874997276306e-10
