[0.0, 30.0]
72.43496376025624
1.577319661048008
-0.2664976055052447
-0.007340002958923948
-9.710728637928586e-05
1.5684246802644361e-06
1.6411973933947477e-05
1.6231930807093313e-05
3.456991802868047e-06
-6.9718397206592305e-06
-1.0536018862960512e-06
2.624499496878638e-06
2.5028257101038324e-07
-8.922540890269156e-07
-6.890719206320525e-08
2.9281927719192774e-07
1.7469908460519542e-08
-9.61210667960532e-08
-3.777959677361196e-09
3.163557958580057e-08
1.6395248273757155e-10
-9.844333750772532e-09
3.713317838602831e-11
3.346922854043359e-09
4.218300617205317e-11
-1.0936908848520994e-09
1.1149540143846518e-10
3.18897578096859e-10
3.1357084084738326e-10
6.891609033292603e-11
3.5949625976261626e-10
3.589688440054557e-10
5.061738091834302e-10
1.0100409950140599e-10
7.721372706413005e-10
1.2111443738076042e-10
1.8372612344063985e-10
1.0369463747155489e-10
3.749414372563917e-10
1.020661897582769e-10
2.3250338334596379e-10
3.5337431833226404e-10
2.2389998329035978e-10
3.882717126509993e-10
1.6639016713944299e-10
5.945133794525993e-10
3.972756005312725e-11
5.588917481213069e-10
-2.513299197115811e-11
4.5761776893578785e-10
-5.739087048094552e-10
3.853198640438915e-10
1.8764062547561456e-10
3.616566117834186e-10
1.4411240472764506e-10
2.9266069296453267e-10
-3.803453816300534e-11
1.583098343228173e-10
-1.6369100141186554e-10
2.764633285603464e-10
-8.077470271716402e-11
2.2924424942957978e-10
2.2323147879033789e-10
4.514375476500722e-10
-1.8117538460166798e-10
