[0.0, 31.0]
6.008044222804425
0.4600595125795988
0.018546285729927524
0.00025713025933920256
-3.364503084930657e-05
-1.807659780421292e-05
1.5523702271991796e-06
2.2268776128078068e-06
-5.131295103579945e-07
-4.194737531212084e-07
1.4751430092383478e-07
9.763192094638566e-08
-3.9368494622644805e-08
-2.263514728653995e-08
1.2948522174791963e-08
5.6592224168234815e-09
-2.4739911556457265e-09
-6.126179107430168e-10
2.2744108866439432e-09
5.92844713850263e-10
5.224910417081246e-10
5.470795323880196e-10
9.817281905384004e-10
5.189768786757944e-10
1.0909959833183644e-09
3.026890971877304e-10
1.217812819107393e-09
2.4340431685139973e-10
7.344922389953878e-10
2.1503066443665575e-10
9.220434625735257e-10
1.016713523607836e-10
8.586028263214508e-10
7.859452505449236e-11
7.137650154768803e-10
2.712597893158631e-10
7.99276214615808e-10
3.041965221705452e-10
7.883911322020501e-10
2.0219789097648195e-10
7.060214881414332e-10
3.3211937143971093e-10
4.2429698525939586e-10
3.4196323660802284e-10
6.573994405044432e-10
4.79778836038381e-10
4.6253206304470654e-10
2.585984770460612e-10
3.1646253450318197e-10
4.646348422871291e-10
4.941052772536094e-10
-7.921058216560664e-11
3.355199981910772e-10
-4.790144258361374e-11
4.6082601186461e-10
6.154401343327844e-10
6.350952627847005e-11
5.553652081499577e-10
-5.300958828763521e-11
1.8164164654160283e-10
2.539044049939789e-10
5.48399971000379e-10
2.4853584272805467e-10
1.8979927447244619e-10
-1.1234745950893307e-10
