[0.0, 31.0]
5.037655578478553
-0.1451510948191081
0.008247956310042536
-3.852204802505983e-05
1.6584078064086235e-06
1.245442027869768e-05
-2.0135125944277754e-06
-1.703359397979044e-06
2.340669962564324e-07
3.012367261238029e-07
-8.307593497103822e-09
-6.16134904440496e-08
-9.427918075353828e-09
1.3118993766159422e-08
3.699489430387452e-09
-2.6960892789443658e-09
-1.779803993576709e-09
6.147801255678537e-10
1.6897260517686968e-10
3.4417677122770884e-10
-1.0203564352572957e-10
1.9895440521465383e-10
5.6325699044180595e-11
-8.00424406040039e-11
-6.335481622723622e-11
-8.654094524483162e-11
2.392827658115054e-11
-4.4911435676365383e-11
-4.1146958517087715e-10
-1.260827814691598e-10
-3.5666995813373805e-10
-3.018257205341396e-10
-3.845680078677139e-10
9.312398880783716e-11
-1.468225008209503e-10
1.7126558266376807e-10
-5.246275665811362e-11
1.0301613103390143e-10
-6.729247211669827e-10
2.25730906005708e-10
-3.6220306864126493e-10
3.8048978974487366e-10
4.3099889823095535e-11
3.2633478615634645e-10
9.99103070607998e-11
-2.4977780458130317e-11
1.9411417506599824e-12
4.0104847614821153e-11
-3.630091820053359e-10
2.994082326112428e-10
-4.241989618874522e-10
-1.842152089811357e-10
3.051467197989398e-11
-1.9141362721087488e-10
-1.523902180533736e-10
3.2084511934806324e-10
-9.799084988552615e-12
1.8560217892379175e-10
-4.963393766742997e-11
3.156789596159681e-10
-2.959586467099997e-10
1.8847391793421983e-10
2.2614474203745447e-10
4.414126421705008e-10
-2.1272179337016623e-10
