[0.0, 31.0]
300.0448533693574
3.4284350878559047
0.27022615158477287
-0.010319616908348149
-0.00022518783701175693
9.08459238453976e-06
6.787635045963549e-05
4.551031240679942e-06
-1.4009426330054492e-05
2.5609617896585164e-06
2.130385731164605e-06
-1.7161732139102397e-06
-2.175285682900506e-07
3.3926087092059094e-07
1.931147656731479e-08
-3.125251263500698e-08
-7.141985928749282e-09
7.824003639383147e-09
6.26782284671235e-09
1.5877214880389903e-09
-3.4340189798829386e-10
-2.7838914538840394e-09
5.026968064989148e-10
2.2663370460760055e-09
6.849124930367634e-10
-1.2688265761624698e-10
7.136487916712646e-10
5.438109379210065e-10
5.381735424429874e-10
3.446251044381456e-10
4.4903364239022723e-10
8.090548435683593e-11
6.642112722983404e-10
5.693304490470725e-10
6.421585410277318e-10
1.8481409456782287e-10
4.5763864663263594e-10
2.8527430249511122e-11
3.5434598167419397e-10
-1.3945644835184282e-10
4.6119424212485453e-10
-2.1170608265389487e-10
5.041203215442113e-10
-8.354731769774509e-11
5.426254022736387e-10
-2.1938853051720625e-10
-1.240298878225339e-11
4.1557013483513025e-11
7.835805747799529e-10
-1.512756758948137e-10
3.515537869751973e-10
-4.370754277305902e-11
1.5092623726276536e-10
-2.2865416914145554e-10
5.695707257965649e-10
1.4329531844050095e-11
7.820868038700476e-10
-9.446126636730726e-11
3.775243984701484e-10
3.3463335560775706e-10
2.14857786910621e-10
3.7190840283611546e-10
1.771445314672904e-11
-3.1388981352539716e-10
4.2634717601540555e-11
