[0.0, 30.0]
0.2517068540264453
-0.37413264746260133
0.009621700108244917
-0.00040713710834572455
-1.3124518963116186e-05
-3.191606511018988e-06
3.0633854269136055e-06
8.22348314830722e-07
-3.324477152111102e-07
-2.321557381485724e-07
3.936452070863884e-08
5.9522959926716625e-08
-1.971932068728332e-09
-1.4136954641400654e-08
-1.5108934939632072e-09
3.620015260374137e-09
1.0283307074071062e-09
-6.367293311873285e-10
-5.245985833104809e-10
1.656943671601303e-10
9.443838924982079e-11
2.67120498927242e-10
-2.7470718293194363e-11
1.7746669560770892e-11
7.940702269975614e-11
1.4901774995025685e-10
-1.3076314125158217e-10
2.9791463457742354e-10
9.395093235863968e-11
4.573466326799917e-12
3.0717302241759767e-10
1.7726684175314738e-10
-2.3502262510263036e-10
1.0341075899851379e-10
-1.4206604585235821e-11
-3.137661338776704e-11
-1.9414638864990677e-10
3.575012308359559e-11
-2.170105134563785e-10
4.787186579610066e-11
5.300515514158698e-11
1.8884907523492781e-10
1.1803206251807815e-10
5.064204860837669e-10
2.2518685979009596e-10
8.481971546291756e-11
1.413968503580553e-10
1.5637963010662034e-10
4.943202412467797e-11
-2.402637553893827e-10
-8.281965657268809e-11
2.59651212926362e-10
-4.694636855570087e-11
-1.23485597838883e-10
-2.534872222922743e-10
-5.766427384497497e-11
-7.655383873413501e-11
2.0056195421033808e-10
-1.7961176597697353e-10
6.176345682367072e-11
2.025497943066113e-10
3.3756137376647694e-12
-9.166346273834639e-12
-2.925796210542465e-11
3.757527838222358e-10
