[0.0, 30.0]
105.88041664544635
2.5686635932000312
0.17205936960051327
-0.006678974075709084
-0.00010065179159183765
-3.870669207654304e-05
4.746993846398206e-05
3.0346712898231015e-05
-5.648057439101546e-06
-8.390751923032887e-06
-1.8070753693857311e-06
1.5883379233404218e-06
9.178415010627023e-07
-2.320684687174862e-07
-2.2459756498697956e-07
2.2478632741741154e-08
5.6951476241445826e-08
-2.7799041660014507e-09
-1.4739957351947203e-08
9.048011926365188e-10
1.8874516592883613e-09
2.4994243776252155e-10
4.624919693249759e-10
-3.442041770726632e-10
-3.207224426639952e-11
3.0330320558605574e-10
-7.412504909847496e-11
-1.5262795769439612e-10
-3.2994343206993664e-11
-1.0013481257023588e-10
3.0915022474584724e-10
1.4714264885961925e-10
7.65397299440677e-11
2.3461664874273477e-10
2.2640219779224537e-10
-8.425390155924014e-11
1.9431118300969731e-10
-1.3905262202352678e-10
3.0422671514671314e-10
1.585851146030383e-10
3.6538164716609684e-10
1.1846121628777867e-10
2.2767755504978255e-10
-5.8087681810219664e-11
3.272377842677043e-10
-1.9066153318781967e-10
3.412065096970367e-10
2.5649932712595382e-11
3.3880407246680204e-10
-2.277460905819847e-10
2.8693970309258047e-10
-5.617055098860813e-10
8.89542070682251e-10
-3.0585871250618594e-10
5.008155294167231e-10
-3.153352512817671e-11
4.810519643887975e-10
-1.545651858505468e-10
1.3663886410258412e-10
1.3321771330125114e-10
-7.686716872900351e-11
1.5614927682662775e-12
2.2153092000822972e-10
-2.3484057076618725e-10
3.2955456626178537e-10
