[0.0, 31.0]
-2.5236067764920773
0.1349398735576296
-0.003965574082748446
0.0001025787405526134
-1.169326033206514e-05
7.561535293341222e-06
1.4837446563926973e-06
4.917495793280929e-08
-1.644687102191428e-07
-1.591141775598731e-07
-2.4262732955451213e-08
1.4761618456928207e-08
1.7585986639439692e-08
1.3941719792083312e-09
-1.3042965050319358e-09
-1.8317016396542872e-09
-4.1082659970229405e-10
9.664894999499729e-11
1.68795818087522e-10
1.7066088348316908e-10
1.2320314551612593e-11
4.099097586452933e-11
4.2308670054906374e-10
2.422760192140828e-10
2.57836981693075e-10
-1.5693088527486409e-10
2.0607299925106022e-10
1.5452763463112035e-10
4.67783898431401e-10
-1.3377650940027688e-10
-8.763439485447469e-11
-4.972035300054696e-11
-2.670785149929269e-10
-2.49357001795709e-10
-1.9359504114949675e-10
-2.4863383527701847e-10
-3.7339749197118246e-11
-6.924852229799485e-11
-1.1722271519735742e-10
2.5618662413397367e-10
9.869538065524315e-11
-1.1300095593774798e-10
-2.7357095289763365e-10
3.801579796186393e-10
1.8897010273364563e-10
-1.960198869277965e-10
-4.6886732513665725e-11
2.8259199728775586e-10
2.056436640025324e-10
-1.2887192142493445e-10
3.1011156732066055e-10
-3.0016795390242976e-10
-2.858159756242182e-10
-1.9627879252406386e-10
-5.035695828038125e-10
-1.5127859005430962e-10
-2.6444333246262775e-10
-6.014710788521271e-11
-2.1833858788938352e-10
-1.4083028181794348e-10
-1.5002498196176695e-10
-2.472942148454936e-10
-1.6697133842681442e-10
-1.8131404479244828e-10
1.8853734145969734e-10
