[0.0, 31.0]
250.23001134838913
2.0904667050715933
0.3233600459671967
-0.008456721705140719
-0.00010144414314307698
-8.359050048050902e-05
1.802906090463918e-05
1.849395738273153e-05
-1.6909279427124004e-05
-6.212754810813866e-06
5.143565271943534e-06
2.7962377283818747e-06
-7.805945748001698e-07
-9.229445954763814e-07
-1.2418999430224693e-07
1.8949312740208156e-07
1.1950707402795594e-07
-5.208407917013246e-09
-3.557397328688476e-08
-1.4386645555280943e-08
3.8486170614164356e-09
7.4030970970985496e-09
1.9003687598688017e-09
-2.5313272583633954e-09
-7.914801477274042e-10
5.809624100738425e-10
4.638957536526447e-10
-2.4890484095863154e-10
-2.2715079988482537e-10
1.1609854650460074e-10
3.69815318806457e-11
-4.518120331215889e-11
5.295678410674383e-10
-1.3429300201520822e-11
2.3949201970553365e-10
-2.1315615494478466e-10
3.0910937080202353e-10
-3.4387745256744296e-10
1.7879684495380915e-10
-1.4303103058344705e-10
1.9639854260324358e-10
-3.206617650678803e-11
-3.584256079766741e-11
5.014167951389187e-11
2.740588900000467e-10
1.6328395285550523e-11
3.7235030240111835e-11
-1.3853901816038767e-10
-3.0591664071629575e-10
1.0936617565681327e-10
-8.516422422205763e-11
1.2583368497357755e-10
2.4575647846366775e-10
5.7361677555834354e-11
6.829954485680497e-11
5.991560070517461e-10
-1.6560093070584685e-10
1.2661665546543257e-10
-6.114331989228769e-10
4.3986778334488093e-10
-4.770294486486578e-10
4.1601797028883294e-10
-2.1085954547781005e-10
1.511079996090071e-10
-2.786451259619595e-10
