[0.0, 31.0]
-9.528349768831628
-0.17593518183105042
0.08798849473781487
0.0020026937086081746
-0.0005353234119728528
-1.5756596005456888e-05
-8.698355110604239e-06
-1.0693719917185245e-06
2.1179327656078967e-06
3.0089915525997655e-07
-4.226142364171916e-07
-1.0307823829307568e-07
9.065255842978811e-08
3.2600201696076815e-08
-2.029538913805307e-08
-9.852999192488001e-09
4.68918978656337e-09
2.48675602992292e-09
-9.353891441778065e-10
-1.3054538798585482e-09
4.294235798603953e-10
-2.0687411983611097e-11
-1.3783318496648262e-10
-1.5205090984237277e-11
2.16934537888755e-10
1.4655096843477775e-10
2.225216487502307e-10
5.6607205599491615e-11
8.350603824320787e-11
-3.157296801447487e-10
1.8431640095917812e-10
1.171263008655572e-10
3.1404115170308086e-10
-5.031464970401752e-11
5.997065125386882e-11
-2.4623785209575964e-10
-1.6068567510608734e-10
-1.703361245157842e-10
2.0698206482879482e-10
-3.416180473048877e-10
2.8265504171743147e-11
-5.1362382003719776e-11
3.1895971857479655e-10
-1.3727389326083812e-10
1.0671719458573837e-10
-2.306972763742451e-10
7.734355716039601e-11
-5.74166318855978e-10
4.346468742791656e-11
-1.0429802698483401e-10
1.873334127891685e-10
-3.2896869666126604e-10
-3.684920340094166e-11
3.941797225457079e-10
1.2751570502656264e-10
1.6090621100649464e-10
1.485156723469392e-11
1.1631113512589518e-10
-2.5443406224278056e-10
-9.179753497394136e-11
-1.4501577954314055e-10
2.2234006620182745e-10
-1.848878095042012e-10
-1.5715221474845752e-10
4.306171540463842e-12
