[0.0, 30.0]
242.02064339258837
6.385956848397907
0.031898083492124765
-0.0017989719904544313
-9.288906023804617e-05
-1.6537013008083147e-05
-7.994598083726399e-06
-1.8804625043109506e-05
5.856065664815145e-08
4.773136330579877e-06
2.504612187234764e-06
2.0373272725841814e-07
-5.252670038628296e-07
-3.8026912157729085e-07
-1.1696899370015086e-07
4.682448345110083e-08
7.393361029813844e-08
2.7204219548758557e-08
-6.967030938331961e-09
-9.989589008423655e-09
-6.430585453155423e-09
8.126844915959264e-10
4.287967146058901e-09
1.24607410200426e-09
-1.3289014096562228e-09
1.32514305123122e-10
6.390100324166612e-10
1.965210041827148e-10
3.214258426640482e-11
1.727417056094004e-10
2.5098079259393583e-10
3.5095823698264454e-10
4.580085216822291e-10
1.1893380314804646e-10
3.2570144467336343e-10
3.1887526972481936e-10
2.4684992394545283e-10
3.0582283269780865e-10
1.7785565230223493e-10
-2.9174117821994435e-11
4.184631755030298e-10
3.8970108751520125e-10
2.431458150218253e-10
3.218814628583159e-10
-5.770463798518374e-12
3.2213401301184514e-10
1.1606887490483433e-10
1.193328111351856e-10
-1.1215233117359573e-11
2.354795264286479e-10
-1.7964291939022853e-10
-1.335040876804038e-10
7.026904744303091e-11
9.423694303913592e-12
2.753001974264129e-10
-1.1319660026900567e-10
2.2906091725182104e-10
1.9504755512760585e-10
5.858564815526236e-10
1.429530136018265e-10
4.0290778611451236e-10
1.0792421369585309e-10
1.248461089594508e-10
1.871983537569577e-10
3.3656811013598246e-10
