[0.0, 31.0]
-4.20973633062449
-0.8364367254420897
-0.018520063685178164
0.0015130768635418697
0.00022212089833732341
-6.494433886344496e-06
-4.00250803958015e-06
1.015664632243906e-06
7.60110852644352e-07
7.178908928203937e-08
-7.474182856793668e-08
-1.3278087554974928e-08
-1.5754275854437306e-09
-2.483627421739026e-09
1.0558169940293629e-10
6.907037350817015e-10
7.516362798376134e-12
-5.950101934957726e-10
-5.026608967214757e-10
-2.508362824236147e-10
-8.113486171258481e-11
-3.440631763922014e-10
-3.7495993476779255e-10
-5.819667680941018e-10
-8.246672087062864e-10
-6.666181748901359e-10
-9.226258843390477e-10
-9.372791716291115e-10
-2.729995285821894e-10
-2.86319540234698e-10
-4.462857513764884e-10
-8.579636965855439e-11
-1.560387255706599e-10
-2.017746485519883e-10
2.1226572529305868e-10
-2.1576853123976697e-10
1.4672489858342644e-10
3.190991296233863e-11
-8.540369901857316e-11
-8.251827075827289e-11
1.7960555757280774e-11
-2.718570550428957e-10
2.6599630527100096e-10
-2.737300708925621e-10
-2.501417343332393e-10
1.0734574847541875e-10
-2.6651391581318395e-10
-2.7653024261634416e-10
-3.141166290937434e-10
-5.822106542115327e-10
1.1381821481383919e-10
-3.496315125946596e-10
-2.65685204021618e-10
-8.136181747811122e-11
-1.5771718966213303e-10
1.5212410964540364e-11
1.410428740181314e-10
1.1515421314873053e-10
5.916955199810651e-10
2.3070661893544974e-10
6.105377345372322e-10
1.174345841049288e-10
6.978734331845582e-11
1.191352112407942e-10
-2.4760783610537373e-11
