[0.0, 30.0]
166.63346515033265
2.679431954849096
0.1931631549809942
-0.006814979295404616
0.00020082269747563828
5.811467896756753e-05
1.0743018915591609e-05
6.448367969220019e-06
-1.019439430076974e-05
-6.299241865752024e-06
2.4404336456173976e-06
2.841087528215618e-06
-5.341787954743105e-08
-9.744463352737803e-07
-2.8890663197512584e-07
2.456468281482803e-07
1.8114727672147794e-07
-2.866950159668485e-08
-7.296995597598086e-08
-1.1755370110244239e-08
2.1984326481063516e-08
8.141646816627512e-09
-5.92057018950477e-09
-3.4350687278464755e-09
1.1749428494845546e-09
2.744281872043656e-10
-5.894238802153895e-10
-9.070936398577091e-10
-4.136922218637663e-10
-5.224597851016643e-10
-3.7914928887251107e-10
-2.8814297694226807e-10
-8.151818886698267e-10
-3.924768815218765e-10
-4.287538429921498e-10
-4.3108017149345444e-10
-3.5482102240773366e-10
-3.5320332616955843e-10
-5.178672939071462e-10
-2.3273498483870648e-10
1.1882603101693808e-10
-1.0375261026921141e-10
-2.2960192548914856e-10
4.005843535992366e-11
6.613416043366955e-11
-1.833653380063342e-10
-2.4715116074818332e-11
-1.0230595699347297e-10
9.67335250262225e-11
-1.752311455852622e-11
-3.3925157486126674e-10
1.1662899429968768e-10
-3.1195711109788433e-10
-4.2106560365296273e-10
-8.132938873475933e-10
-3.06726443884596e-10
-3.2359318113806814e-10
-5.6552435849271225e-11
-4.693340010283858e-10
5.041646745807034e-11
-1.6016900739874461e-10
2.9372790054954455e-10
-3.0064141687407617e-10
5.991098071093599e-12
-2.433371160885341e-10
