[0.0, 31.0]
3.0463292699447972
-0.14256845058542653
-0.0040031156357382145
-0.00034674785830186194
-2.125309856830143e-06
-3.2136968581704523e-06
-1.9559526436120053e-06
2.043669135874806e-07
3.600286728733812e-07
3.0077835168050156e-08
-7.455230384203402e-08
-2.2746116975276076e-08
1.4189541796894547e-08
8.746636058298904e-09
-2.196689266539551e-09
-2.719275283238152e-09
-6.861955080078763e-11
7.868102517293379e-10
3.526404751792576e-10
-2.642966936098284e-11
3.707297364350543e-12
-1.7548013786930462e-10
-7.033880768539639e-11
-2.1919220527539934e-10
-1.0109210258677967e-10
-1.496367249970024e-11
2.435050809077907e-10
-5.695779378270579e-11
-3.2195590694359094e-11
7.357934469750682e-11
-1.6211947264924104e-10
-3.168327852968536e-10
8.408230740719309e-11
-2.5539064470117786e-10
1.6975460720522587e-10
-1.5778749618561163e-10
5.1589687387189365e-12
-4.33423935637067e-10
5.277885873041939e-11
-1.6590960011685084e-10
-3.2505461784174287e-10
4.016191233489939e-12
1.5480282103662742e-11
-3.062821980166457e-10
-2.6438940533943496e-11
-2.989812527216666e-10
2.003359783667256e-10
-4.965213568128544e-10
-2.9837806647748005e-10
-4.93234513017492e-10
-1.352136681673602e-10
-1.447171316976224e-11
6.054477232638252e-11
-3.6069448431961194e-10
1.969401315049782e-11
-1.2414255635040852e-10
4.931030237783532e-11
-4.091939936395165e-10
-1.9240286450416687e-10
-3.1396674191525265e-10
-1.9488054102661128e-10
-1.1584848294980973e-10
2.210688667074698e-10
-1.063576015234573e-11
2.040005903430851e-10
