[0.0, 30.0]
168.13422675517575
2.648994911434091
0.199748792716102
-0.007038738400435385
0.00016559542631238935
1.6588091833061142e-05
-1.4114675213958983e-05
3.082751103135549e-05
-3.913023280527278e-06
-4.6780370977790485e-06
2.950535311863434e-06
-1.3350054686971111e-06
-3.5208928935773657e-07
6.515044004837974e-07
-2.1705348368496556e-07
-5.818518669849372e-08
9.21766969117007e-08
-4.218179627155838e-08
-3.417872699112874e-09
2.0726093845218937e-08
-1.0516316850875391e-08
-4.908645866513706e-09
4.4398400295756756e-09
8.776082831753408e-10
-1.956271763653624e-09
2.1227063006437858e-10
1.0170351900126836e-10
8.94364761686643e-11
-1.3020339660755038e-10
4.22804542370595e-11
-1.4030000394458885e-10
-2.915645079100766e-11
7.89086909378075e-11
-8.801670853374793e-11
-7.301867714706652e-11
2.816199840120366e-10
3.7684782805010616e-10
4.815596063673589e-10
1.9698410626778422e-10
4.5799941740668835e-10
3.0256215869645253e-10
2.2858104662845486e-10
4.187431429820858e-10
2.717575376043377e-10
3.588295167500077e-10
1.119362292277852e-10
3.9300705139902164e-10
-7.015811642740675e-11
-5.7756710034540507e-11
-3.6219004500780967e-12
5.648059219961502e-11
-2.0637186427897845e-10
2.956676221141146e-10
2.247044715528664e-12
3.374787499749225e-10
-1.2511760046442248e-10
2.076133742424905e-10
4.892978202999772e-11
4.361879267147586e-11
1.5758015334976693e-10
-2.922411711726862e-10
-1.038905846327393e-10
-2.0390477816687042e-10
-2.0608648055427917e-10
-6.060535789380528e-11
