[0.0, 28.0]
1.8945759693455926
-0.2263556596894079
-0.0020401475958812245
-0.00020425427531797956
7.314669848475199e-06
9.193748383393264e-07
-1.3254192040569478e-06
9.135990163121036e-09
1.4612248821682412e-07
-1.1703904997526835e-08
-1.6209951237406873e-08
-5.38517683478762e-10
2.032934319166321e-09
1.0299253784460358e-09
-2.2651141703406478e-10
1.3889787342250482e-10
2.5779254228158637e-10
-1.602197103571523e-10
-1.4289180566652716e-10
-9.551345497479476e-11
-2.49838461879564e-10
-5.54373816088459e-11
-1.96952200356744e-10
-1.4469452510936322e-10
-1.0331848584429476e-10
7.20363877325629e-11
1.7517653651806642e-10
-1.2482070164945065e-10
-2.630197169927395e-10
-1.746734298827607e-10
-1.3535693106052473e-10
-3.4422851819802574e-10
-1.797440965769322e-10
2.882394253912244e-10
4.05080358669628e-11
3.3599741134868384e-10
6.12345293212221e-10
1.3051789704683326e-10
-5.233438636745949e-11
1.206937619728136e-10
1.2762806045950567e-10
-5.7011483962405464e-11
1.7178482481243115e-10
2.6759798248025225e-10
4.5550525527837173e-10
-6.808774051277821e-11
-1.6608057579891356e-10
-7.378157548051587e-12
-3.376535345126343e-10
2.5080616319973044e-11
-1.749796380607951e-10
-1.883301890735344e-10
-2.1732027382028684e-10
9.685359201570264e-11
1.9058780954084365e-11
-7.219275265115003e-12
1.3323328619850837e-10
-8.762366290036078e-11
4.8355508825986265e-12
-2.1745517587058284e-10
1.515091546370904e-10
-9.130984360169423e-11
-7.319116258580324e-11
1.3798094970473978e-10
5.535936820995437e-10
