[0.0, 31.0]
357.5370553283235
5.804248278295431
-0.1151623937908067
-0.004307676985234596
6.227515068443705e-05
-7.072840039463614e-05
-5.517424189135012e-05
1.3674270975067729e-05
1.6115921644306182e-05
-6.557457572243126e-06
-3.468613677250111e-06
3.252822958094232e-06
6.741694270857766e-08
-1.1760663541967554e-06
4.2943747125646733e-07
2.6376045896640207e-07
-2.631206476625266e-07
2.4569015713660485e-09
9.6857998862384e-08
-3.52142790588049e-08
-2.3951095225954553e-08
1.9367809008871966e-08
4.40945107763273e-09
-6.729250763053975e-09
2.715063388134112e-10
1.4718911338393367e-09
6.241888235239448e-10
-3.36787422445104e-10
6.375234927231957e-10
-1.8401551751370193e-10
1.330393017511411e-10
2.4080073602070593e-10
2.1348785415370569e-10
-2.5436088406580363e-11
1.117764380779373e-10
1.3377792627431287e-10
2.983163721401381e-10
5.491749233555508e-11
8.087907430619849e-11
-5.650972541268112e-10
-1.074236412843101e-10
-3.2191446839031344e-10
1.8984576250265508e-10
-3.5979724303262036e-10
-2.1770834445896077e-10
-2.736130426833171e-10
-1.9089575985555893e-10
-4.075053064120492e-10
4.2311848828229585e-10
-5.240713724435517e-11
-1.7994365361687597e-10
-1.532962257846996e-10
2.067848076709829e-11
-3.807191167099506e-10
-1.5577628203276146e-10
-5.664565659020858e-11
-5.308727174919062e-11
2.8008837906731217e-10
5.1042236343587055e-11
6.241921929308097e-11
1.9977002135590683e-11
1.0401247123635418e-10
-6.610734511131962e-11
1.466951841044501e-11
-1.3080857492976988e-10
