[0.0, 30.0]
58.18902356549174
5.321934126543942
-0.05521018583819995
-0.001988264972439829
-1.8940013670505054e-05
-6.474957164459768e-05
3.456619675535086e-05
1.2370542888636715e-05
-1.8233022523200817e-05
-6.69876445734816e-06
5.450427067848447e-06
3.7452031468366855e-06
-1.113856928938562e-06
-1.6695522764025064e-06
9.834778067651503e-09
6.109919572956149e-07
1.4037711199408599e-07
-1.835820672619761e-07
-8.777717776283996e-08
4.5597310288802905e-08
3.5200359645086756e-08
-8.572186247083771e-09
-1.1148843125274006e-08
1.6946088310172485e-09
2.44474381185383e-09
3.7670010144148147e-10
-6.108583504777368e-10
4.1352509026127664e-10
-2.2720476588451765e-10
-2.612191006963609e-10
2.3925212862548723e-11
-1.7997533782463605e-10
2.66214644936833e-10
4.495771088911223e-12
1.7142489214302358e-10
-1.9266946818201044e-10
1.308055880538377e-10
-3.226947427724175e-10
5.231544405504611e-10
-1.2830419284047814e-10
4.838983416608707e-10
-9.765814366761088e-13
3.1409272422757977e-10
-2.767525360275115e-10
9.9423787778869e-11
-6.272107658834401e-10
4.497877282486669e-10
-1.5591410471991584e-10
1.9251251995184565e-10
-1.6082119920213764e-11
1.5945316970250665e-10
-2.9233157047749247e-10
3.298113146524225e-10
-4.286312404565383e-11
2.632991138548883e-10
-1.4695120189674488e-10
2.8928093174115596e-10
6.705772558161015e-11
8.734356181117384e-11
2.1635756095664842e-10
-1.497103360116047e-10
3.274128054105444e-11
6.584476773656284e-11
-1.9551365180226676e-10
1.6990656680330196e-10
