[0.0, 31.0]
-9.31053688052538
-0.2949842966326132
0.07304019299201321
0.003961824510779669
-0.0003202571262050372
-6.3172208148443535e-06
-3.315326409037548e-06
-5.599337439288399e-06
-4.3185726761618274e-07
1.1124004787270848e-06
2.9304919461508444e-07
-2.2270321014988198e-07
-1.0145023510526829e-07
3.929715177779502e-08
3.119435417053602e-08
-4.84023113127405e-09
-9.066643106203795e-09
-4.140509899957857e-10
2.3481896986343875e-09
6.902569484379909e-10
-8.760101861590352e-10
-2.031879037316908e-10
1.8853346868984186e-10
1.0877662888674296e-10
-2.3156454448354586e-10
1.1961182586794553e-11
2.713577833554134e-10
9.53590498238394e-11
1.0441401098975187e-10
2.244862381395624e-10
-3.781355126730483e-10
4.626530167293056e-11
-9.384541201301989e-11
-3.2105452405453063e-10
-4.4806110302783677e-10
-2.340996524222412e-10
-3.4497263237064264e-10
-2.1563465525391548e-11
-6.184519403417274e-10
-1.326767574068376e-10
3.7966001201892794e-11
1.3698449490600263e-10
-2.1370048992364886e-10
-3.958819607259946e-11
-4.5016055167173356e-10
2.978148454004694e-10
-3.945182857816769e-10
2.162072300860816e-10
-5.430994413819437e-10
7.632968626581174e-10
-3.314534903056593e-10
9.011175465006823e-11
-6.232072644131466e-11
-2.7190036142605163e-10
3.6463826341835414e-11
-2.946496638629917e-10
1.4949447011255356e-10
-3.101425877266073e-10
-7.025329847407337e-11
-2.0543145566109544e-10
-1.0734442571048913e-12
1.3599131996876853e-10
-1.6162329928758398e-10
8.044430404237372e-11
-1.6143627411134135e-10
