[0.0, 31.0]
4.4396783006736475
0.12365461779538935
0.008538508639731573
0.00011667789935856895
1.0371658932793508e-05
8.170625762319921e-06
-1.6828065078596745e-06
-4.51374422113573e-07
4.411454859241665e-07
-1.2686347629838074e-07
-2.9385031073124945e-09
1.2505663423107322e-08
-1.7054778748460452e-08
1.0960781169594683e-08
-2.599010168178455e-09
-1.0963562997707078e-09
1.7670231031796038e-09
-4.348512617396305e-10
2.5019370133142984e-10
4.899636846668619e-10
-1.523608332244234e-10
2.5844135830673073e-10
-2.3452950980397666e-10
-2.4852468095623614e-10
3.1120887963256786e-11
6.039374725555534e-11
1.5208293703580763e-10
-1.8828540954932212e-10
-4.258760473474906e-10
1.5376484903213175e-10
-9.027586112584224e-11
-2.2202873829644857e-11
9.390071211346554e-11
-7.897498619042021e-12
-5.44981490846513e-10
-2.1954152857170202e-11
8.898188070047765e-11
-9.236496313426283e-11
-1.6814905244943784e-10
1.0850710698011565e-10
-1.1327771679367832e-10
3.036351594735605e-10
-6.058946995642673e-11
2.2666789309016754e-10
-1.5939938133821033e-10
-9.616692558992436e-11
1.5636542929287295e-10
1.3402181002810312e-10
2.830657755955191e-10
2.1135521594349486e-10
3.205746795001981e-10
-9.654487447789767e-11
5.185148278976596e-10
2.9581891930788704e-10
3.2305467862590866e-10
4.998337122947218e-11
-2.975501377108375e-11
-2.1589013801939357e-10
3.2115754180638803e-11
2.297036192488951e-10
6.349159116327034e-11
-7.336371975006003e-11
1.3037322565936506e-12
-2.2207527115605792e-10
3.591904996494243e-11
